80 64 2577 48
1 2
1 3
1 5
1 6
1 8
1 9
1 11
1 12
1 13
1 14
1 15
1 16
1 17
1 18
1 19
1 20
1 21
1 22
1 25
1 26
1 28
1 29
1 30
1 33
1 34
1 36
1 38
1 40
1 42
1 43
1 47
1 48
1 53
1 54
1 56
1 58
1 60
1 62
2 1
2 2
2 3
2 4
2 5
2 6
2 7
2 9
2 11
2 14
2 16
2 17
2 18
2 26
2 27
2 28
2 29
2 30
2 31
2 33
2 34
2 35
2 36
2 37
2 38
2 41
2 42
2 45
2 48
2 49
2 50
2 51
2 52
2 54
2 57
3 1
3 3
3 4
3 10
3 13
3 15
3 16
3 17
3 20
3 22
3 24
3 26
3 31
3 32
3 33
3 35
3 38
3 39
3 40
3 41
3 42
3 44
3 46
3 47
3 48
3 49
3 51
3 52
3 54
3 55
3 59
3 61
3 62
3 63
4 1
4 2
4 8
4 9
4 10
4 12
4 13
4 16
4 22
4 23
4 24
4 26
4 28
4 32
4 33
4 34
4 36
4 38
4 41
4 42
4 45
4 47
4 53
4 55
4 57
4 58
4 59
4 64
5 2
5 5
5 8
5 9
5 10
5 11
5 13
5 14
5 16
5 18
5 19
5 21
5 22
5 23
5 29
5 30
5 31
5 33
5 34
5 38
5 41
5 42
5 43
5 44
5 47
5 53
5 54
5 56
5 57
5 58
5 59
5 60
5 62
6 5
6 6
6 7
6 8
6 10
6 11
6 12
6 17
6 19
6 20
6 25
6 26
6 29
6 31
6 32
6 36
6 38
6 39
6 40
6 43
6 47
6 48
6 51
6 53
6 54
6 55
6 56
6 57
6 58
6 61
7 9
7 11
7 14
7 15
7 16
7 19
7 22
7 23
7 24
7 25
7 26
7 30
7 33
7 34
7 37
7 41
7 45
7 46
7 47
7 50
7 51
7 53
7 55
7 56
7 57
7 58
7 63
7 64
8 3
8 4
8 5
8 14
8 17
8 19
8 26
8 28
8 30
8 31
8 34
8 35
8 36
8 37
8 38
8 41
8 43
8 45
8 49
8 50
8 51
8 52
8 53
8 60
8 61
8 62
8 64
9 1
9 2
9 3
9 5
9 6
9 7
9 12
9 13
9 14
9 16
9 18
9 21
9 22
9 25
9 28
9 29
9 30
9 31
9 32
9 33
9 34
9 41
9 42
9 46
9 47
9 49
9 50
9 52
9 53
9 54
9 57
9 59
9 61
9 62
9 63
9 64
10 1
10 4
10 6
10 9
10 15
10 16
10 17
10 18
10 19
10 21
10 24
10 26
10 27
10 28
10 31
10 33
10 35
10 38
10 40
10 42
10 45
10 48
10 50
10 51
10 52
10 54
10 56
10 60
10 61
10 62
10 64
11 4
11 7
11 11
11 13
11 16
11 17
11 19
11 22
11 24
11 25
11 27
11 29
11 30
11 31
11 32
11 34
11 38
11 39
11 41
11 43
11 44
11 45
11 46
11 49
11 50
11 52
11 56
11 57
11 58
11 59
11 60
11 61
11 62
11 63
11 64
12 2
12 10
12 13
12 17
12 23
12 24
12 26
12 29
12 30
12 31
12 32
12 34
12 35
12 40
12 41
12 42
12 43
12 44
12 47
12 49
12 50
12 53
12 56
12 59
12 64
13 2
13 3
13 5
13 6
13 10
13 13
13 14
13 15
13 16
13 17
13 18
13 19
13 20
13 21
13 24
13 25
13 29
13 30
13 31
13 33
13 34
13 35
13 37
13 38
13 40
13 41
13 42
13 43
13 45
13 46
13 50
13 51
13 52
13 54
13 57
13 61
13 64
14 6
14 7
14 11
14 12
14 13
14 15
14 18
14 19
14 22
14 23
14 27
14 29
14 32
14 33
14 34
14 35
14 36
14 37
14 38
14 39
14 41
14 44
14 47
14 49
14 50
14 53
14 54
14 55
14 56
14 58
14 60
14 61
15 1
15 2
15 6
15 7
15 10
15 11
15 13
15 15
15 16
15 17
15 20
15 21
15 22
15 28
15 30
15 31
15 34
15 36
15 37
15 39
15 40
15 41
15 43
15 45
15 48
15 49
15 50
15 55
15 57
15 58
15 59
15 63
15 64
16 1
16 2
16 3
16 5
16 7
16 10
16 13
16 14
16 16
16 18
16 20
16 26
16 27
16 29
16 30
16 33
16 34
16 36
16 38
16 40
16 42
16 43
16 44
16 46
16 47
16 48
16 49
16 52
16 53
16 58
16 60
16 62
16 64
17 6
17 7
17 11
17 12
17 14
17 16
17 18
17 19
17 22
17 23
17 24
17 25
17 28
17 29
17 34
17 35
17 36
17 38
17 41
17 42
17 43
17 45
17 46
17 47
17 48
17 49
17 51
17 52
17 53
17 54
17 57
17 60
17 61
18 3
18 4
18 5
18 7
18 8
18 9
18 20
18 23
18 24
18 25
18 26
18 27
18 29
18 30
18 31
18 32
18 33
18 36
18 41
18 42
18 43
18 45
18 47
18 49
18 51
18 52
18 55
18 58
18 60
18 61
18 62
18 63
18 64
19 1
19 2
19 4
19 5
19 9
19 11
19 13
19 19
19 20
19 22
19 23
19 25
19 26
19 27
19 30
19 32
19 33
19 34
19 35
19 39
19 40
19 43
19 44
19 45
19 47
19 48
19 49
19 50
19 51
19 53
19 54
19 55
19 56
19 57
19 61
19 62
19 63
20 1
20 2
20 3
20 4
20 5
20 11
20 12
20 14
20 17
20 18
20 20
20 23
20 25
20 26
20 29
20 33
20 34
20 35
20 37
20 39
20 40
20 42
20 43
20 44
20 47
20 50
20 51
20 52
20 57
20 58
20 60
20 62
20 63
21 2
21 5
21 7
21 11
21 14
21 16
21 17
21 18
21 22
21 23
21 28
21 29
21 30
21 31
21 34
21 35
21 36
21 37
21 38
21 39
21 40
21 41
21 45
21 46
21 49
21 53
21 54
21 55
21 56
21 57
21 58
21 60
21 61
21 63
22 2
22 5
22 6
22 10
22 11
22 12
22 16
22 17
22 20
22 23
22 26
22 28
22 30
22 32
22 33
22 34
22 42
22 43
22 45
22 46
22 52
22 55
22 56
22 58
22 59
22 60
22 63
23 1
23 2
23 3
23 5
23 9
23 10
23 13
23 16
23 17
23 18
23 27
23 31
23 33
23 37
23 38
23 39
23 41
23 42
23 44
23 45
23 47
23 49
23 50
23 51
23 52
23 53
23 54
23 60
23 61
23 64
24 1
24 4
24 6
24 7
24 8
24 11
24 13
24 15
24 16
24 19
24 20
24 21
24 22
24 23
24 25
24 26
24 27
24 28
24 29
24 32
24 33
24 34
24 35
24 36
24 39
24 40
24 41
24 43
24 44
24 46
24 47
24 48
24 50
24 51
24 53
24 54
24 56
24 57
24 58
24 59
24 61
24 62
24 63
25 1
25 5
25 8
25 11
25 12
25 15
25 17
25 19
25 21
25 24
25 25
25 26
25 27
25 30
25 36
25 39
25 41
25 43
25 44
25 46
25 48
25 50
25 51
25 52
25 54
25 56
25 58
25 59
25 61
25 62
26 1
26 3
26 5
26 8
26 10
26 11
26 12
26 13
26 18
26 19
26 22
26 23
26 26
26 27
26 31
26 33
26 35
26 37
26 39
26 40
26 43
26 44
26 46
26 47
26 48
26 49
26 51
26 58
26 61
26 62
26 64
27 3
27 4
27 5
27 6
27 9
27 13
27 14
27 16
27 18
27 19
27 20
27 24
27 26
27 27
27 28
27 29
27 30
27 31
27 32
27 33
27 34
27 35
27 41
27 43
27 45
27 46
27 47
27 48
27 51
27 52
27 53
27 56
27 58
27 59
27 60
27 63
28 2
28 5
28 6
28 7
28 8
28 9
28 10
28 11
28 12
28 13
28 14
28 15
28 20
28 21
28 23
28 24
28 26
28 28
28 30
28 31
28 32
28 37
28 38
28 40
28 42
28 44
28 45
28 46
28 47
28 48
28 49
28 51
28 52
28 53
28 55
28 57
28 59
28 62
28 64
29 1
29 2
29 3
29 5
29 6
29 9
29 11
29 12
29 13
29 18
29 21
29 23
29 25
29 26
29 28
29 29
29 30
29 31
29 33
29 36
29 37
29 39
29 41
29 43
29 44
29 49
29 50
29 51
29 52
29 53
29 57
29 62
29 64
30 2
30 3
30 4
30 5
30 6
30 9
30 10
30 11
30 13
30 14
30 16
30 20
30 23
30 25
30 30
30 35
30 37
30 38
30 39
30 42
30 43
30 45
30 50
30 52
30 53
30 54
30 55
30 56
30 57
30 58
30 59
30 62
30 63
31 1
31 2
31 5
31 6
31 10
31 13
31 16
31 20
31 22
31 25
31 27
31 28
31 30
31 31
31 32
31 33
31 34
31 35
31 36
31 37
31 40
31 43
31 44
31 48
31 50
31 57
31 58
31 59
31 62
31 64
32 1
32 6
32 10
32 12
32 13
32 17
32 18
32 19
32 23
32 24
32 25
32 26
32 27
32 28
32 30
32 31
32 32
32 33
32 38
32 39
32 41
32 42
32 43
32 48
32 49
32 50
32 52
32 53
32 55
32 57
32 61
32 62
32 64
33 1
33 4
33 5
33 8
33 12
33 14
33 16
33 21
33 24
33 25
33 26
33 27
33 28
33 31
33 34
33 35
33 36
33 37
33 38
33 39
33 40
33 41
33 43
33 46
33 47
33 51
33 56
33 57
33 58
33 60
33 61
33 63
34 3
34 5
34 6
34 7
34 11
34 13
34 14
34 15
34 16
34 17
34 20
34 24
34 25
34 26
34 32
34 33
34 37
34 38
34 39
34 42
34 43
34 46
34 48
34 50
34 51
34 54
34 55
34 57
34 59
34 61
34 62
34 64
35 1
35 2
35 3
35 4
35 5
35 6
35 7
35 10
35 12
35 16
35 17
35 18
35 19
35 20
35 21
35 24
35 26
35 28
35 29
35 30
35 31
35 35
35 37
35 38
35 39
35 40
35 41
35 44
35 45
35 47
35 48
35 52
35 53
35 54
35 55
35 56
35 58
35 59
35 61
35 62
36 2
36 3
36 5
36 6
36 10
36 11
36 13
36 14
36 15
36 18
36 19
36 20
36 21
36 23
36 27
36 30
36 31
36 32
36 35
36 36
36 37
36 40
36 41
36 43
36 45
36 48
36 50
36 51
36 52
36 53
36 55
36 60
36 61
36 63
36 64
37 2
37 3
37 4
37 5
37 6
37 10
37 12
37 15
37 19
37 21
37 22
37 23
37 24
37 25
37 26
37 27
37 28
37 30
37 36
37 38
37 39
37 44
37 46
37 47
37 48
37 49
37 52
37 53
37 58
37 59
37 61
37 62
38 2
38 6
38 8
38 9
38 10
38 12
38 13
38 14
38 16
38 17
38 19
38 20
38 22
38 23
38 24
38 25
38 28
38 30
38 33
38 34
38 36
38 37
38 38
38 41
38 42
38 45
38 48
38 49
38 51
38 53
38 56
38 58
38 61
38 62
38 63
38 64
39 12
39 14
39 15
39 17
39 18
39 24
39 29
39 31
39 32
39 34
39 35
39 38
39 40
39 41
39 43
39 44
39 47
39 48
39 49
39 50
39 51
39 52
39 54
39 55
39 56
39 57
39 58
39 61
39 64
40 1
40 2
40 3
40 11
40 12
40 13
40 17
40 19
40 20
40 21
40 25
40 26
40 28
40 30
40 31
40 32
40 33
40 35
40 38
40 41
40 46
40 49
40 50
40 52
40 58
40 59
40 61
40 63
40 64
41 4
41 5
41 7
41 10
41 11
41 15
41 17
41 20
41 21
41 23
41 25
41 26
41 27
41 29
41 30
41 33
41 34
41 38
41 41
41 45
41 46
41 51
41 53
41 55
41 58
41 59
41 63
42 3
42 5
42 7
42 11
42 13
42 14
42 17
42 19
42 20
42 21
42 23
42 26
42 27
42 28
42 29
42 32
42 33
42 34
42 35
42 38
42 39
42 43
42 44
42 45
42 48
42 49
42 50
42 52
42 53
42 54
42 55
42 58
42 59
42 60
42 62
43 1
43 2
43 3
43 5
43 6
43 8
43 9
43 10
43 11
43 12
43 13
43 14
43 19
43 23
43 26
43 27
43 29
43 30
43 34
43 36
43 44
43 47
43 48
43 49
43 50
43 52
43 56
43 59
43 60
43 63
44 1
44 2
44 3
44 4
44 6
44 8
44 10
44 11
44 13
44 16
44 17
44 18
44 23
44 24
44 27
44 28
44 29
44 30
44 31
44 33
44 37
44 38
44 41
44 42
44 44
44 45
44 46
44 47
44 51
44 53
44 55
44 56
44 57
44 58
44 60
44 63
44 64
45 1
45 2
45 4
45 5
45 7
45 8
45 9
45 11
45 12
45 17
45 20
45 22
45 23
45 24
45 25
45 26
45 27
45 28
45 30
45 35
45 36
45 37
45 39
45 42
45 47
45 48
45 49
45 50
45 52
45 53
45 54
45 55
45 56
45 57
45 59
45 64
46 1
46 6
46 7
46 9
46 11
46 13
46 15
46 17
46 18
46 19
46 20
46 23
46 25
46 26
46 27
46 28
46 30
46 31
46 35
46 36
46 38
46 39
46 40
46 41
46 42
46 43
46 45
46 46
46 48
46 50
46 51
46 52
46 54
46 56
46 58
46 59
47 1
47 2
47 3
47 4
47 6
47 7
47 9
47 10
47 11
47 13
47 16
47 18
47 20
47 21
47 27
47 30
47 32
47 33
47 36
47 38
47 40
47 41
47 42
47 46
47 47
47 49
47 50
47 53
47 54
47 55
47 57
47 58
47 59
47 60
47 62
47 64
48 1
48 6
48 11
48 12
48 14
48 16
48 19
48 20
48 24
48 25
48 26
48 27
48 28
48 30
48 31
48 33
48 36
48 39
48 42
48 43
48 45
48 46
48 47
48 48
48 49
48 52
48 53
49 1
49 6
49 7
49 8
49 10
49 12
49 16
49 17
49 18
49 20
49 22
49 23
49 26
49 28
49 30
49 31
49 33
49 36
49 37
49 38
49 39
49 40
49 41
49 42
49 46
49 47
49 49
49 50
49 51
49 52
49 53
49 55
49 61
49 63
50 1
50 2
50 3
50 4
50 5
50 7
50 9
50 10
50 11
50 12
50 13
50 15
50 18
50 19
50 21
50 22
50 25
50 26
50 27
50 28
50 29
50 34
50 37
50 39
50 40
50 41
50 43
50 44
50 46
50 49
50 50
50 52
50 53
50 55
50 57
50 59
50 60
50 61
51 1
51 3
51 7
51 8
51 10
51 14
51 15
51 16
51 18
51 19
51 22
51 29
51 30
51 31
51 34
51 37
51 38
51 39
51 48
51 49
51 50
51 52
51 55
51 56
51 59
51 63
51 64
52 3
52 4
52 5
52 6
52 8
52 9
52 12
52 13
52 15
52 17
52 19
52 20
52 23
52 27
52 29
52 30
52 37
52 39
52 41
52 42
52 43
52 45
52 46
52 47
52 48
52 49
52 50
52 54
52 55
52 63
53 2
53 3
53 5
53 6
53 10
53 11
53 14
53 15
53 20
53 21
53 22
53 24
53 26
53 27
53 30
53 33
53 34
53 36
53 39
53 40
53 43
53 44
53 45
53 46
53 47
53 48
53 49
53 50
53 51
53 54
53 55
53 56
53 58
53 59
53 60
53 63
54 4
54 5
54 6
54 8
54 10
54 12
54 15
54 19
54 25
54 26
54 27
54 29
54 32
54 35
54 36
54 38
54 39
54 40
54 41
54 42
54 48
54 51
54 53
54 57
54 59
54 62
54 63
54 64
55 2
55 3
55 7
55 11
55 13
55 17
55 20
55 22
55 24
55 27
55 28
55 31
55 33
55 34
55 35
55 37
55 38
55 40
55 41
55 43
55 45
55 49
55 50
55 51
55 54
55 57
55 58
55 59
55 60
55 62
55 63
56 2
56 6
56 8
56 10
56 12
56 16
56 17
56 18
56 20
56 22
56 26
56 28
56 29
56 32
56 33
56 35
56 39
56 40
56 42
56 44
56 49
56 52
56 54
56 55
56 57
56 58
56 59
56 61
56 64
57 2
57 3
57 4
57 5
57 6
57 13
57 17
57 19
57 20
57 24
57 25
57 26
57 27
57 29
57 30
57 31
57 33
57 34
57 37
57 39
57 41
57 44
57 45
57 46
57 50
57 55
57 56
57 57
57 58
57 59
57 60
57 61
57 64
58 1
58 3
58 9
58 11
58 12
58 18
58 19
58 21
58 22
58 24
58 28
58 30
58 31
58 32
58 36
58 38
58 39
58 41
58 43
58 47
58 48
58 50
58 54
58 63
59 1
59 2
59 3
59 4
59 5
59 6
59 10
59 15
59 18
59 22
59 23
59 25
59 28
59 31
59 33
59 35
59 36
59 37
59 38
59 40
59 44
59 47
59 51
59 53
59 55
59 56
59 57
59 61
60 1
60 2
60 3
60 4
60 5
60 10
60 11
60 12
60 14
60 15
60 17
60 18
60 19
60 21
60 27
60 29
60 32
60 34
60 36
60 37
60 39
60 42
60 43
60 45
60 46
60 48
60 49
60 51
60 55
60 56
60 57
60 60
60 62
60 64
61 1
61 2
61 9
61 12
61 13
61 15
61 16
61 18
61 22
61 27
61 29
61 30
61 31
61 32
61 33
61 36
61 37
61 42
61 45
61 46
61 47
61 50
61 51
61 52
61 55
61 56
61 57
61 60
61 62
61 63
61 64
62 1
62 2
62 4
62 5
62 7
62 8
62 10
62 11
62 12
62 13
62 14
62 15
62 18
62 19
62 20
62 22
62 23
62 25
62 26
62 27
62 28
62 30
62 31
62 32
62 33
62 34
62 35
62 37
62 39
62 40
62 41
62 44
62 45
62 46
62 49
62 51
62 52
62 54
62 55
62 56
62 57
62 61
63 2
63 4
63 7
63 8
63 11
63 12
63 15
63 16
63 17
63 19
63 20
63 22
63 23
63 24
63 25
63 26
63 27
63 29
63 32
63 34
63 35
63 38
63 40
63 43
63 44
63 47
63 52
63 56
63 60
63 62
63 63
63 64
64 1
64 3
64 4
64 5
64 6
64 8
64 9
64 10
64 11
64 13
64 15
64 16
64 17
64 18
64 19
64 21
64 23
64 24
64 27
64 30
64 32
64 37
64 40
64 41
64 43
64 45
64 47
64 48
64 52
64 53
64 54
64 55
64 58
64 61
64 62
65 6
65 8
65 9
65 10
65 11
65 13
65 14
65 15
65 17
65 19
65 21
65 23
65 24
65 25
65 26
65 28
65 30
65 31
65 33
65 34
65 38
65 42
65 44
65 45
65 46
65 47
65 50
65 51
65 54
65 58
65 59
65 60
65 62
65 64
66 3
66 4
66 5
66 6
66 9
66 11
66 12
66 13
66 14
66 18
66 22
66 24
66 25
66 26
66 30
66 33
66 34
66 36
66 38
66 40
66 44
66 45
66 47
66 48
66 49
66 52
66 54
66 55
66 61
67 2
67 3
67 6
67 9
67 13
67 17
67 19
67 21
67 22
67 24
67 28
67 29
67 30
67 31
67 33
67 36
67 39
67 41
67 45
67 46
67 48
67 49
67 50
67 52
67 56
67 57
67 58
67 59
67 60
67 61
68 1
68 2
68 4
68 5
68 9
68 10
68 11
68 13
68 18
68 21
68 25
68 26
68 27
68 32
68 33
68 34
68 35
68 40
68 45
68 46
68 50
68 51
68 54
68 55
68 56
68 62
69 1
69 7
69 8
69 10
69 11
69 12
69 15
69 17
69 18
69 20
69 22
69 23
69 25
69 27
69 30
69 31
69 32
69 33
69 34
69 38
69 40
69 41
69 43
69 47
69 50
69 51
69 54
69 56
69 59
69 60
69 62
70 1
70 5
70 6
70 7
70 8
70 9
70 11
70 12
70 18
70 19
70 20
70 21
70 25
70 26
70 29
70 30
70 32
70 34
70 36
70 40
70 42
70 43
70 47
70 50
70 51
70 53
70 55
70 56
70 58
70 60
70 61
71 2
71 3
71 5
71 7
71 11
71 12
71 13
71 14
71 16
71 19
71 21
71 24
71 29
71 30
71 32
71 33
71 36
71 39
71 40
71 42
71 50
71 51
71 52
71 55
71 56
71 58
71 61
71 64
72 1
72 2
72 7
72 8
72 9
72 10
72 11
72 12
72 15
72 21
72 22
72 23
72 24
72 25
72 27
72 28
72 32
72 33
72 34
72 35
72 37
72 39
72 42
72 43
72 44
72 48
72 52
72 56
72 58
72 60
73 1
73 2
73 3
73 4
73 5
73 6
73 7
73 8
73 9
73 11
73 13
73 16
73 21
73 28
73 29
73 33
73 34
73 36
73 40
73 41
73 44
73 46
73 47
73 48
73 50
73 53
73 63
74 1
74 3
74 5
74 8
74 9
74 13
74 14
74 15
74 16
74 17
74 18
74 19
74 21
74 23
74 25
74 28
74 29
74 30
74 32
74 34
74 35
74 36
74 38
74 39
74 42
74 43
74 44
74 46
74 47
74 50
74 51
74 54
74 60
74 61
75 2
75 3
75 5
75 6
75 7
75 8
75 13
75 15
75 16
75 18
75 20
75 24
75 27
75 29
75 31
75 32
75 33
75 35
75 36
75 37
75 38
75 41
75 43
75 44
75 46
75 51
75 52
75 54
75 55
75 58
75 60
75 64
76 3
76 5
76 7
76 8
76 11
76 13
76 14
76 15
76 17
76 19
76 21
76 22
76 23
76 24
76 29
76 30
76 31
76 32
76 34
76 37
76 38
76 40
76 45
76 47
76 50
76 57
76 61
76 63
77 1
77 2
77 3
77 10
77 11
77 13
77 14
77 16
77 17
77 23
77 24
77 25
77 26
77 31
77 32
77 34
77 36
77 37
77 38
77 41
77 42
77 45
77 46
77 47
77 49
77 50
77 52
77 53
77 54
77 55
77 57
77 59
77 61
77 63
77 64
78 3
78 5
78 9
78 10
78 11
78 12
78 13
78 18
78 19
78 22
78 25
78 28
78 29
78 30
78 31
78 32
78 33
78 34
78 36
78 37
78 42
78 43
78 44
78 48
78 50
78 54
78 55
78 57
78 58
78 60
78 61
78 63
78 64
79 2
79 4
79 6
79 7
79 10
79 11
79 12
79 15
79 18
79 19
79 22
79 24
79 25
79 28
79 31
79 33
79 35
79 39
79 40
79 41
79 42
79 45
79 46
79 47
79 48
79 49
79 53
79 56
79 60
80 1
80 4
80 5
80 8
80 13
80 14
80 15
80 17
80 19
80 20
80 21
80 22
80 25
80 33
80 38
80 40
80 41
80 42
80 43
80 44
80 46
80 48
80 49
80 51
80 55
80 57
80 60
80 61
80 64
