140 112 7977 59
1 1
1 2
1 3
1 5
1 6
1 7
1 8
1 9
1 11
1 12
1 14
1 16
1 18
1 19
1 21
1 22
1 24
1 25
1 26
1 28
1 29
1 30
1 32
1 33
1 34
1 36
1 38
1 40
1 47
1 48
1 50
1 53
1 56
1 57
1 60
1 65
1 66
1 67
1 68
1 69
1 70
1 71
1 73
1 74
1 75
1 76
1 78
1 80
1 81
1 83
1 84
1 88
1 90
1 91
1 92
1 93
1 95
1 97
1 98
1 99
1 100
1 101
1 103
1 104
1 105
1 106
1 107
1 109
1 110
1 111
1 112
2 3
2 4
2 6
2 7
2 9
2 12
2 13
2 14
2 17
2 18
2 19
2 20
2 26
2 29
2 32
2 33
2 36
2 37
2 38
2 44
2 45
2 46
2 48
2 49
2 50
2 51
2 52
2 54
2 55
2 56
2 57
2 58
2 61
2 62
2 64
2 67
2 71
2 76
2 78
2 79
2 82
2 83
2 85
2 89
2 90
2 92
2 97
2 102
2 103
2 104
2 106
2 108
2 112
3 2
3 4
3 5
3 6
3 7
3 8
3 9
3 10
3 15
3 18
3 20
3 21
3 23
3 25
3 26
3 28
3 30
3 33
3 34
3 40
3 41
3 42
3 43
3 44
3 45
3 46
3 48
3 50
3 51
3 55
3 58
3 59
3 61
3 62
3 63
3 64
3 65
3 66
3 70
3 73
3 74
3 76
3 77
3 79
3 80
3 85
3 86
3 90
3 91
3 97
3 98
3 99
3 100
3 101
3 102
3 107
3 108
3 110
3 111
3 112
4 4
4 7
4 8
4 10
4 11
4 13
4 15
4 16
4 17
4 18
4 20
4 21
4 22
4 26
4 27
4 31
4 32
4 34
4 36
4 38
4 39
4 40
4 44
4 45
4 47
4 50
4 55
4 57
4 59
4 60
4 61
4 62
4 63
4 64
4 70
4 71
4 72
4 74
4 81
4 82
4 84
4 85
4 89
4 93
4 94
4 95
4 96
4 97
4 98
4 99
4 100
4 103
4 104
4 105
4 107
4 108
4 111
4 112
5 2
5 3
5 4
5 5
5 7
5 9
5 14
5 16
5 28
5 29
5 30
5 31
5 33
5 34
5 36
5 38
5 41
5 43
5 48
5 49
5 50
5 52
5 53
5 60
5 63
5 64
5 65
5 67
5 69
5 70
5 71
5 72
5 76
5 77
5 80
5 82
5 86
5 91
5 92
5 93
5 94
5 97
5 98
5 103
5 104
5 105
5 107
5 108
5 111
6 6
6 8
6 9
6 14
6 15
6 17
6 19
6 21
6 22
6 28
6 29
6 30
6 32
6 33
6 34
6 37
6 40
6 41
6 42
6 43
6 44
6 47
6 48
6 49
6 53
6 56
6 57
6 58
6 61
6 63
6 64
6 66
6 68
6 70
6 72
6 76
6 77
6 78
6 79
6 80
6 82
6 89
6 93
6 94
6 96
6 97
6 99
6 100
6 102
6 103
6 104
6 105
6 107
6 109
6 112
7 6
7 7
7 8
7 10
7 11
7 12
7 13
7 14
7 15
7 17
7 18
7 19
7 20
7 21
7 24
7 27
7 30
7 31
7 32
7 34
7 36
7 37
7 39
7 44
7 47
7 48
7 49
7 54
7 55
7 56
7 58
7 60
7 61
7 62
7 63
7 64
7 66
7 68
7 70
7 73
7 74
7 75
7 76
7 77
7 79
7 81
7 83
7 84
7 85
7 88
7 89
7 91
7 92
7 93
7 95
7 96
7 98
7 99
7 100
7 101
7 102
7 103
7 104
7 105
7 106
7 109
7 110
7 111
7 112
8 1
8 2
8 5
8 9
8 11
8 12
8 13
8 14
8 15
8 18
8 19
8 22
8 23
8 24
8 25
8 26
8 30
8 32
8 35
8 37
8 38
8 39
8 41
8 43
8 45
8 47
8 48
8 55
8 58
8 59
8 60
8 61
8 62
8 63
8 66
8 67
8 69
8 71
8 73
8 75
8 77
8 79
8 80
8 81
8 82
8 84
8 85
8 87
8 88
8 89
8 93
8 94
8 95
8 96
8 98
8 101
8 102
8 103
8 104
8 106
8 109
9 1
9 2
9 7
9 11
9 14
9 15
9 16
9 21
9 22
9 28
9 29
9 30
9 31
9 34
9 36
9 37
9 38
9 40
9 42
9 43
9 49
9 50
9 54
9 56
9 57
9 58
9 59
9 63
9 64
9 66
9 67
9 68
9 69
9 71
9 74
9 80
9 82
9 84
9 86
9 87
9 89
9 90
9 91
9 92
9 93
9 94
9 97
9 98
9 99
9 100
9 102
9 104
9 106
9 110
9 111
9 112
10 1
10 4
10 5
10 6
10 7
10 9
10 10
10 12
10 13
10 14
10 15
10 16
10 19
10 20
10 21
10 22
10 23
10 26
10 27
10 30
10 31
10 32
10 35
10 39
10 41
10 45
10 46
10 49
10 51
10 53
10 59
10 60
10 61
10 62
10 64
10 65
10 66
10 67
10 68
10 69
10 72
10 75
10 76
10 82
10 83
10 87
10 89
10 90
10 95
10 96
10 100
10 104
10 105
10 106
10 109
10 111
10 112
11 4
11 10
11 12
11 13
11 15
11 17
11 18
11 20
11 21
11 23
11 24
11 25
11 28
11 29
11 30
11 32
11 33
11 34
11 35
11 36
11 43
11 44
11 45
11 51
11 52
11 55
11 58
11 59
11 63
11 64
11 65
11 66
11 67
11 71
11 72
11 75
11 79
11 80
11 81
11 82
11 85
11 86
11 88
11 94
11 95
11 97
11 98
11 101
11 105
11 108
11 109
11 110
12 1
12 2
12 3
12 4
12 6
12 7
12 9
12 10
12 13
12 15
12 18
12 20
12 21
12 23
12 24
12 25
12 27
12 29
12 31
12 33
12 35
12 39
12 40
12 41
12 42
12 44
12 46
12 47
12 50
12 51
12 52
12 53
12 55
12 56
12 64
12 65
12 66
12 68
12 70
12 71
12 72
12 76
12 77
12 78
12 82
12 84
12 85
12 88
12 89
12 92
12 94
12 95
12 96
12 97
12 100
12 101
12 102
12 103
12 105
12 107
12 108
12 109
12 110
12 111
12 112
13 2
13 5
13 6
13 8
13 9
13 11
13 12
13 14
13 17
13 18
13 23
13 25
13 26
13 27
13 28
13 30
13 32
13 33
13 43
13 45
13 47
13 55
13 58
13 59
13 60
13 65
13 69
13 70
13 74
13 75
13 77
13 81
13 82
13 89
13 91
13 92
13 94
13 95
13 101
13 102
13 103
13 105
13 106
13 107
13 109
13 110
13 111
14 1
14 2
14 3
14 4
14 5
14 6
14 7
14 8
14 9
14 17
14 19
14 20
14 21
14 22
14 23
14 24
14 27
14 29
14 31
14 32
14 35
14 37
14 38
14 39
14 40
14 41
14 44
14 48
14 49
14 50
14 51
14 52
14 55
14 56
14 57
14 59
14 62
14 64
14 65
14 68
14 69
14 70
14 72
14 74
14 75
14 77
14 78
14 79
14 84
14 85
14 87
14 94
14 97
14 99
14 101
14 102
14 104
14 105
14 109
14 110
15 2
15 4
15 7
15 8
15 9
15 11
15 14
15 15
15 16
15 18
15 19
15 22
15 25
15 27
15 30
15 32
15 33
15 35
15 37
15 40
15 41
15 44
15 45
15 46
15 47
15 54
15 55
15 56
15 57
15 58
15 61
15 63
15 67
15 68
15 69
15 71
15 73
15 76
15 77
15 80
15 83
15 84
15 85
15 89
15 90
15 91
15 96
15 99
15 100
15 102
15 103
15 105
15 108
15 109
15 110
15 111
15 112
16 2
16 3
16 11
16 12
16 13
16 14
16 15
16 17
16 18
16 19
16 24
16 27
16 29
16 30
16 31
16 32
16 35
16 37
16 40
16 42
16 44
16 45
16 47
16 50
16 52
16 54
16 55
16 56
16 57
16 58
16 62
16 64
16 66
16 67
16 69
16 70
16 72
16 78
16 79
16 84
16 85
16 87
16 88
16 89
16 93
16 95
16 96
16 99
16 100
16 101
16 103
16 104
16 105
16 109
16 110
16 111
16 112
17 1
17 2
17 3
17 5
17 6
17 7
17 9
17 18
17 20
17 21
17 22
17 24
17 26
17 27
17 28
17 29
17 32
17 33
17 34
17 35
17 36
17 39
17 43
17 44
17 46
17 48
17 49
17 51
17 52
17 53
17 54
17 56
17 61
17 62
17 65
17 68
17 70
17 71
17 72
17 74
17 77
17 78
17 79
17 85
17 86
17 87
17 89
17 94
17 95
17 98
17 99
17 102
17 103
17 106
17 107
17 111
18 2
18 4
18 5
18 8
18 9
18 10
18 11
18 18
18 21
18 22
18 26
18 30
18 32
18 35
18 36
18 37
18 38
18 39
18 40
18 41
18 42
18 43
18 44
18 46
18 50
18 51
18 52
18 57
18 59
18 63
18 64
18 68
18 70
18 74
18 75
18 78
18 81
18 82
18 83
18 88
18 92
18 95
18 99
18 100
18 101
18 103
18 105
18 106
18 107
18 108
18 110
18 111
19 2
19 4
19 7
19 9
19 10
19 11
19 14
19 17
19 18
19 20
19 21
19 25
19 27
19 29
19 30
19 33
19 37
19 40
19 44
19 46
19 48
19 53
19 55
19 56
19 57
19 58
19 59
19 63
19 68
19 69
19 70
19 71
19 72
19 73
19 75
19 78
19 80
19 83
19 84
19 85
19 88
19 89
19 90
19 91
19 92
19 93
19 98
19 101
19 106
19 109
19 110
19 111
19 112
20 1
20 2
20 3
20 6
20 7
20 8
20 10
20 11
20 15
20 16
20 18
20 19
20 21
20 24
20 25
20 27
20 30
20 34
20 35
20 38
20 39
20 40
20 41
20 44
20 46
20 49
20 50
20 51
20 52
20 53
20 54
20 55
20 57
20 58
20 60
20 61
20 63
20 65
20 66
20 67
20 70
20 71
20 73
20 74
20 75
20 76
20 77
20 79
20 81
20 83
20 84
20 85
20 86
20 88
20 90
20 92
20 93
20 96
20 98
20 100
20 101
20 102
20 103
20 106
20 107
20 109
20 110
21 2
21 3
21 4
21 6
21 11
21 15
21 20
21 21
21 22
21 28
21 32
21 36
21 39
21 40
21 41
21 43
21 47
21 48
21 50
21 52
21 53
21 55
21 56
21 57
21 60
21 61
21 62
21 63
21 64
21 67
21 68
21 69
21 70
21 72
21 73
21 76
21 82
21 83
21 85
21 86
21 87
21 88
21 90
21 92
21 93
21 94
21 96
21 100
21 102
21 105
21 107
21 110
21 111
22 3
22 4
22 5
22 6
22 9
22 10
22 11
22 14
22 18
22 25
22 29
22 30
22 32
22 33
22 35
22 38
22 39
22 40
22 41
22 42
22 43
22 44
22 45
22 47
22 49
22 52
22 54
22 55
22 57
22 58
22 60
22 62
22 68
22 69
22 71
22 72
22 74
22 77
22 78
22 79
22 80
22 81
22 90
22 92
22 94
22 98
22 107
22 109
22 111
22 112
23 2
23 5
23 6
23 9
23 11
23 13
23 14
23 15
23 16
23 17
23 20
23 23
23 25
23 28
23 29
23 30
23 31
23 33
23 34
23 37
23 41
23 43
23 45
23 48
23 50
23 51
23 52
23 55
23 57
23 58
23 60
23 62
23 64
23 66
23 67
23 70
23 72
23 76
23 78
23 81
23 83
23 90
23 91
23 92
23 93
23 95
23 96
23 97
23 100
23 104
23 105
23 106
23 107
23 111
24 1
24 3
24 4
24 7
24 9
24 10
24 11
24 13
24 18
24 23
24 25
24 28
24 29
24 30
24 31
24 35
24 37
24 43
24 47
24 48
24 49
24 50
24 53
24 54
24 55
24 61
24 68
24 69
24 70
24 74
24 75
24 77
24 79
24 81
24 85
24 86
24 87
24 90
24 91
24 92
24 96
24 97
24 98
24 101
24 102
24 103
24 106
24 107
24 108
24 109
24 110
24 111
25 2
25 3
25 5
25 9
25 11
25 12
25 14
25 16
25 17
25 18
25 19
25 21
25 23
25 26
25 27
25 29
25 30
25 32
25 34
25 35
25 36
25 37
25 42
25 43
25 44
25 47
25 49
25 50
25 55
25 56
25 59
25 60
25 63
25 67
25 68
25 70
25 71
25 72
25 73
25 76
25 77
25 78
25 79
25 81
25 82
25 83
25 85
25 88
25 91
25 92
25 94
25 97
25 100
25 102
25 105
25 106
25 108
25 110
25 111
25 112
26 2
26 3
26 5
26 7
26 8
26 9
26 10
26 12
26 13
26 15
26 16
26 17
26 18
26 20
26 21
26 22
26 24
26 27
26 28
26 29
26 31
26 33
26 37
26 39
26 40
26 42
26 43
26 44
26 45
26 49
26 51
26 52
26 53
26 55
26 58
26 59
26 61
26 65
26 67
26 68
26 69
26 71
26 72
26 75
26 76
26 78
26 79
26 80
26 81
26 86
26 87
26 89
26 90
26 91
26 93
26 96
26 97
26 98
26 99
26 104
26 106
26 108
26 109
26 111
27 3
27 6
27 8
27 9
27 10
27 11
27 12
27 14
27 16
27 18
27 19
27 20
27 21
27 22
27 24
27 26
27 27
27 29
27 30
27 32
27 33
27 34
27 36
27 39
27 41
27 42
27 43
27 44
27 45
27 48
27 50
27 52
27 53
27 59
27 61
27 62
27 64
27 68
27 70
27 71
27 78
27 79
27 80
27 81
27 82
27 84
27 85
27 89
27 91
27 92
27 94
27 95
27 96
27 97
27 102
27 103
27 105
27 108
27 110
27 112
28 3
28 4
28 8
28 10
28 11
28 12
28 13
28 14
28 16
28 17
28 18
28 19
28 20
28 21
28 26
28 27
28 29
28 33
28 36
28 37
28 38
28 44
28 47
28 48
28 49
28 55
28 56
28 58
28 59
28 60
28 64
28 65
28 66
28 67
28 68
28 71
28 74
28 76
28 77
28 79
28 80
28 81
28 82
28 86
28 87
28 88
28 89
28 90
28 94
28 95
28 97
28 98
28 99
28 100
28 101
28 104
28 105
28 109
28 111
28 112
29 2
29 3
29 4
29 5
29 8
29 9
29 10
29 11
29 12
29 14
29 15
29 18
29 19
29 20
29 21
29 22
29 23
29 25
29 26
29 27
29 29
29 31
29 33
29 34
29 40
29 41
29 42
29 44
29 46
29 47
29 48
29 49
29 51
29 52
29 53
29 55
29 59
29 60
29 61
29 63
29 65
29 67
29 69
29 72
29 78
29 79
29 80
29 82
29 83
29 84
29 89
29 90
29 91
29 93
29 95
29 96
29 97
29 101
29 103
29 107
29 110
29 112
30 1
30 2
30 3
30 4
30 7
30 8
30 10
30 14
30 15
30 16
30 17
30 19
30 22
30 24
30 25
30 29
30 30
30 31
30 32
30 35
30 36
30 37
30 39
30 41
30 44
30 45
30 46
30 49
30 51
30 53
30 55
30 59
30 61
30 64
30 66
30 67
30 70
30 71
30 73
30 77
30 78
30 79
30 82
30 84
30 85
30 86
30 89
30 90
30 92
30 95
30 97
30 101
30 102
30 104
30 105
30 106
30 107
31 1
31 2
31 3
31 8
31 12
31 13
31 15
31 16
31 17
31 18
31 20
31 22
31 23
31 27
31 28
31 31
31 32
31 35
31 36
31 37
31 38
31 39
31 41
31 42
31 43
31 44
31 47
31 52
31 54
31 57
31 58
31 59
31 60
31 64
31 66
31 68
31 69
31 71
31 72
31 73
31 74
31 80
31 85
31 89
31 92
31 93
31 94
31 95
31 96
31 97
31 98
31 99
31 103
31 105
31 107
31 109
31 111
31 112
32 1
32 4
32 6
32 10
32 11
32 12
32 17
32 18
32 19
32 21
32 22
32 24
32 26
32 27
32 29
32 33
32 34
32 36
32 37
32 41
32 42
32 43
32 44
32 46
32 50
32 52
32 54
32 58
32 59
32 61
32 64
32 65
32 66
32 70
32 74
32 77
32 80
32 82
32 83
32 88
32 92
32 94
32 95
32 97
32 100
32 103
32 104
32 106
32 107
32 108
32 109
32 111
32 112
33 2
33 4
33 5
33 6
33 7
33 16
33 20
33 23
33 26
33 27
33 29
33 30
33 31
33 34
33 35
33 41
33 44
33 45
33 46
33 49
33 50
33 54
33 55
33 56
33 57
33 58
33 59
33 60
33 64
33 65
33 67
33 68
33 75
33 76
33 81
33 82
33 86
33 92
33 94
33 95
33 96
33 101
33 102
33 103
33 104
33 105
33 106
33 107
33 111
33 112
34 2
34 3
34 6
34 7
34 10
34 11
34 13
34 14
34 18
34 19
34 20
34 21
34 22
34 24
34 26
34 28
34 31
34 34
34 38
34 39
34 41
34 44
34 46
34 47
34 48
34 49
34 51
34 52
34 53
34 54
34 56
34 60
34 63
34 71
34 72
34 73
34 80
34 81
34 82
34 84
34 85
34 87
34 88
34 93
34 95
34 96
34 97
34 101
34 103
34 104
34 106
34 108
34 109
35 2
35 5
35 7
35 10
35 11
35 13
35 15
35 16
35 17
35 19
35 21
35 23
35 24
35 25
35 29
35 32
35 33
35 34
35 35
35 39
35 40
35 45
35 48
35 54
35 59
35 61
35 62
35 64
35 66
35 68
35 69
35 71
35 77
35 78
35 79
35 82
35 83
35 84
35 85
35 87
35 88
35 89
35 91
35 92
35 94
35 95
35 100
35 103
35 104
35 106
35 108
35 111
36 3
36 4
36 6
36 7
36 8
36 10
36 11
36 12
36 14
36 15
36 16
36 17
36 18
36 20
36 24
36 25
36 28
36 29
36 30
36 32
36 34
36 35
36 36
36 38
36 39
36 40
36 41
36 42
36 43
36 48
36 50
36 52
36 53
36 54
36 55
36 56
36 60
36 61
36 63
36 64
36 65
36 67
36 71
36 72
36 74
36 75
36 78
36 79
36 80
36 82
36 83
36 88
36 89
36 91
36 92
36 95
36 98
36 99
36 100
36 101
36 104
37 1
37 2
37 4
37 5
37 6
37 8
37 9
37 10
37 11
37 12
37 13
37 15
37 16
37 18
37 19
37 23
37 24
37 27
37 29
37 30
37 32
37 35
37 36
37 37
37 43
37 45
37 47
37 48
37 49
37 51
37 52
37 54
37 55
37 56
37 57
37 65
37 66
37 70
37 73
37 74
37 75
37 76
37 77
37 81
37 83
37 87
37 88
37 90
37 91
37 92
37 94
37 95
37 97
37 98
37 99
37 100
37 101
37 103
37 106
37 107
37 108
37 109
37 110
38 1
38 3
38 4
38 6
38 10
38 12
38 19
38 20
38 22
38 23
38 24
38 25
38 27
38 28
38 32
38 38
38 42
38 46
38 48
38 49
38 50
38 51
38 53
38 54
38 55
38 56
38 57
38 58
38 61
38 64
38 66
38 68
38 70
38 76
38 77
38 79
38 80
38 86
38 87
38 88
38 95
38 96
38 97
38 101
38 102
38 104
38 106
38 107
38 108
38 112
39 1
39 2
39 4
39 8
39 9
39 14
39 16
39 18
39 24
39 27
39 29
39 31
39 38
39 40
39 41
39 42
39 43
39 44
39 47
39 50
39 53
39 57
39 65
39 66
39 67
39 68
39 72
39 74
39 75
39 76
39 77
39 78
39 82
39 83
39 84
39 85
39 87
39 88
39 91
39 95
39 96
39 97
39 100
39 103
39 104
39 107
39 110
39 111
39 112
40 1
40 2
40 3
40 4
40 8
40 11
40 13
40 16
40 17
40 22
40 25
40 26
40 31
40 33
40 35
40 38
40 40
40 43
40 44
40 49
40 52
40 53
40 54
40 55
40 56
40 59
40 60
40 64
40 65
40 67
40 68
40 73
40 75
40 76
40 77
40 79
40 80
40 82
40 83
40 84
40 86
40 90
40 91
40 92
40 96
40 97
40 98
40 99
40 102
40 103
40 104
40 105
40 108
40 109
40 111
41 1
41 2
41 3
41 5
41 6
41 9
41 10
41 11
41 12
41 13
41 14
41 15
41 19
41 20
41 23
41 24
41 27
41 29
41 30
41 32
41 33
41 36
41 39
41 40
41 42
41 43
41 45
41 46
41 49
41 50
41 52
41 53
41 54
41 55
41 56
41 61
41 62
41 64
41 65
41 66
41 68
41 69
41 72
41 74
41 75
41 76
41 79
41 80
41 85
41 86
41 87
41 88
41 89
41 91
41 92
41 94
41 96
41 97
41 98
41 101
41 104
41 105
41 107
41 112
42 1
42 2
42 4
42 6
42 8
42 9
42 10
42 11
42 14
42 17
42 20
42 21
42 22
42 24
42 27
42 29
42 31
42 32
42 37
42 41
42 45
42 49
42 52
42 54
42 56
42 57
42 59
42 60
42 61
42 62
42 63
42 64
42 69
42 70
42 71
42 81
42 85
42 88
42 89
42 94
42 95
42 96
42 97
42 98
42 99
42 101
42 103
42 105
42 106
42 108
42 109
42 110
42 112
43 2
43 3
43 4
43 6
43 10
43 12
43 14
43 15
43 18
43 19
43 28
43 29
43 30
43 33
43 34
43 35
43 37
43 38
43 39
43 44
43 45
43 48
43 49
43 50
43 52
43 56
43 58
43 59
43 61
43 62
43 63
43 67
43 68
43 69
43 70
43 73
43 76
43 77
43 79
43 80
43 84
43 87
43 88
43 89
43 90
43 96
43 99
43 103
43 106
43 111
44 2
44 3
44 6
44 7
44 8
44 13
44 15
44 17
44 18
44 22
44 24
44 26
44 28
44 29
44 31
44 36
44 41
44 45
44 46
44 48
44 49
44 50
44 55
44 58
44 60
44 61
44 64
44 65
44 68
44 69
44 71
44 72
44 73
44 74
44 75
44 76
44 77
44 79
44 80
44 82
44 84
44 85
44 86
44 89
44 90
44 92
44 93
44 95
44 97
44 98
44 99
44 101
44 102
44 103
44 104
44 105
44 106
44 107
44 109
45 3
45 5
45 7
45 12
45 13
45 15
45 16
45 18
45 22
45 24
45 25
45 27
45 29
45 30
45 33
45 34
45 42
45 45
45 48
45 52
45 54
45 57
45 58
45 60
45 61
45 63
45 64
45 66
45 68
45 70
45 71
45 74
45 75
45 76
45 79
45 80
45 83
45 85
45 87
45 88
45 89
45 91
45 95
45 96
45 99
45 100
45 103
45 104
45 105
45 106
45 110
45 111
45 112
46 8
46 10
46 12
46 13
46 17
46 19
46 21
46 24
46 28
46 29
46 30
46 31
46 36
46 37
46 38
46 43
46 47
46 52
46 53
46 54
46 55
46 56
46 57
46 58
46 62
46 63
46 64
46 65
46 67
46 69
46 71
46 73
46 75
46 76
46 77
46 78
46 80
46 82
46 83
46 87
46 89
46 91
46 92
46 93
46 96
46 100
46 101
46 102
46 106
46 109
46 110
46 111
46 112
47 2
47 4
47 7
47 8
47 9
47 14
47 24
47 27
47 29
47 30
47 32
47 33
47 37
47 38
47 40
47 42
47 43
47 45
47 46
47 47
47 53
47 55
47 59
47 60
47 63
47 64
47 65
47 67
47 69
47 70
47 72
47 82
47 83
47 84
47 85
47 86
47 87
47 88
47 89
47 90
47 91
47 93
47 94
47 95
47 96
47 97
47 98
47 99
47 100
47 103
47 104
47 106
47 109
47 110
47 111
47 112
48 1
48 3
48 4
48 5
48 8
48 9
48 10
48 11
48 12
48 13
48 14
48 16
48 17
48 18
48 19
48 23
48 25
48 26
48 33
48 34
48 36
48 41
48 42
48 44
48 46
48 49
48 50
48 51
48 52
48 54
48 57
48 58
48 59
48 60
48 62
48 63
48 64
48 67
48 72
48 78
48 81
48 82
48 84
48 90
48 91
48 93
48 94
48 95
48 96
48 97
48 98
48 99
48 101
48 102
48 107
48 108
48 109
48 111
49 1
49 2
49 3
49 4
49 5
49 6
49 9
49 11
49 12
49 19
49 20
49 21
49 27
49 30
49 31
49 32
49 34
49 35
49 40
49 42
49 43
49 45
49 46
49 48
49 52
49 54
49 55
49 56
49 61
49 66
49 70
49 73
49 74
49 75
49 76
49 78
49 79
49 81
49 84
49 86
49 88
49 90
49 91
49 92
49 94
49 97
49 98
49 99
49 102
49 103
49 105
49 106
49 110
50 3
50 10
50 11
50 12
50 16
50 19
50 20
50 26
50 32
50 34
50 35
50 37
50 38
50 39
50 40
50 44
50 45
50 46
50 49
50 51
50 52
50 54
50 56
50 57
50 60
50 62
50 63
50 64
50 68
50 69
50 70
50 72
50 73
50 74
50 75
50 76
50 80
50 81
50 82
50 83
50 85
50 86
50 88
50 90
50 92
50 93
50 95
50 97
50 98
50 99
50 100
50 101
50 102
50 104
50 109
51 1
51 2
51 4
51 8
51 10
51 13
51 14
51 16
51 19
51 20
51 22
51 23
51 24
51 25
51 29
51 30
51 34
51 35
51 38
51 39
51 40
51 41
51 42
51 43
51 49
51 50
51 52
51 53
51 55
51 58
51 59
51 60
51 62
51 64
51 65
51 67
51 69
51 71
51 72
51 75
51 78
51 80
51 81
51 88
51 89
51 91
51 92
51 94
51 98
51 99
51 103
51 104
51 106
51 107
51 109
51 110
51 111
52 1
52 3
52 5
52 6
52 7
52 8
52 9
52 10
52 12
52 15
52 17
52 18
52 20
52 22
52 23
52 24
52 26
52 27
52 29
52 30
52 31
52 33
52 34
52 35
52 40
52 44
52 50
52 52
52 53
52 56
52 57
52 58
52 59
52 62
52 64
52 65
52 66
52 68
52 69
52 71
52 73
52 75
52 76
52 77
52 79
52 80
52 82
52 83
52 84
52 85
52 87
52 89
52 90
52 91
52 93
52 96
52 98
52 99
52 100
52 101
52 104
52 106
52 107
52 108
52 109
52 110
52 111
52 112
53 1
53 4
53 5
53 8
53 9
53 10
53 12
53 15
53 17
53 20
53 23
53 24
53 26
53 27
53 28
53 30
53 31
53 32
53 33
53 36
53 38
53 39
53 42
53 43
53 44
53 46
53 49
53 51
53 55
53 57
53 59
53 61
53 63
53 64
53 66
53 69
53 71
53 72
53 74
53 76
53 78
53 80
53 81
53 83
53 84
53 85
53 86
53 87
53 88
53 91
53 94
53 96
53 97
53 98
53 100
53 101
53 102
53 108
53 111
54 8
54 11
54 18
54 19
54 20
54 22
54 26
54 30
54 31
54 32
54 37
54 38
54 41
54 42
54 43
54 46
54 47
54 50
54 55
54 59
54 60
54 64
54 65
54 67
54 68
54 71
54 73
54 74
54 75
54 76
54 78
54 79
54 82
54 88
54 89
54 90
54 92
54 93
54 94
54 96
54 97
54 99
54 101
54 103
54 104
54 105
54 108
54 110
54 111
54 112
55 1
55 2
55 3
55 4
55 9
55 14
55 16
55 18
55 19
55 20
55 21
55 22
55 26
55 27
55 29
55 31
55 32
55 33
55 35
55 36
55 37
55 40
55 41
55 42
55 43
55 45
55 47
55 48
55 49
55 54
55 58
55 59
55 60
55 61
55 65
55 67
55 69
55 71
55 72
55 75
55 79
55 80
55 81
55 82
55 84
55 86
55 88
55 89
55 90
55 91
55 92
55 93
55 95
55 96
55 100
55 102
55 103
55 107
55 108
55 109
55 110
55 111
55 112
56 1
56 3
56 4
56 9
56 11
56 13
56 16
56 18
56 19
56 20
56 21
56 23
56 29
56 30
56 31
56 32
56 33
56 34
56 35
56 38
56 40
56 41
56 44
56 46
56 47
56 48
56 49
56 55
56 56
56 58
56 60
56 61
56 63
56 64
56 65
56 66
56 68
56 71
56 72
56 73
56 74
56 76
56 77
56 78
56 80
56 82
56 84
56 85
56 88
56 90
56 95
56 97
56 98
56 103
56 105
56 109
56 111
56 112
57 1
57 4
57 12
57 13
57 15
57 16
57 17
57 18
57 23
57 24
57 25
57 26
57 27
57 28
57 29
57 30
57 33
57 34
57 36
57 42
57 46
57 47
57 48
57 51
57 52
57 53
57 55
57 58
57 60
57 66
57 68
57 70
57 74
57 75
57 79
57 81
57 82
57 83
57 91
57 92
57 95
57 96
57 99
57 100
57 102
57 103
57 106
57 107
57 109
58 1
58 2
58 3
58 5
58 8
58 13
58 14
58 15
58 19
58 20
58 23
58 24
58 25
58 26
58 27
58 28
58 29
58 30
58 33
58 35
58 41
58 44
58 47
58 50
58 51
58 53
58 57
58 59
58 61
58 62
58 63
58 64
58 66
58 67
58 68
58 72
58 74
58 75
58 76
58 80
58 81
58 83
58 89
58 95
58 97
58 98
58 102
58 103
58 104
58 105
58 107
58 108
58 109
58 111
59 1
59 3
59 5
59 6
59 7
59 8
59 9
59 14
59 15
59 16
59 20
59 21
59 22
59 23
59 26
59 28
59 29
59 30
59 31
59 32
59 33
59 34
59 35
59 38
59 42
59 45
59 46
59 47
59 49
59 50
59 52
59 56
59 57
59 58
59 59
59 61
59 64
59 66
59 67
59 68
59 69
59 72
59 73
59 74
59 75
59 76
59 78
59 79
59 80
59 82
59 88
59 90
59 91
59 93
59 96
59 98
59 100
59 103
59 105
59 106
59 109
59 110
60 4
60 5
60 7
60 8
60 9
60 11
60 12
60 13
60 14
60 15
60 21
60 22
60 23
60 26
60 27
60 28
60 29
60 30
60 32
60 33
60 34
60 37
60 38
60 43
60 46
60 47
60 48
60 52
60 54
60 57
60 62
60 65
60 67
60 68
60 69
60 71
60 73
60 74
60 75
60 76
60 78
60 80
60 81
60 85
60 86
60 87
60 92
60 93
60 96
60 97
60 98
60 102
60 103
60 106
60 107
60 111
60 112
61 1
61 5
61 6
61 13
61 14
61 17
61 18
61 19
61 23
61 24
61 25
61 26
61 27
61 32
61 33
61 34
61 36
61 38
61 39
61 44
61 46
61 48
61 49
61 50
61 51
61 52
61 54
61 55
61 57
61 58
61 60
61 63
61 64
61 65
61 66
61 68
61 69
61 70
61 71
61 73
61 74
61 75
61 76
61 77
61 78
61 80
61 81
61 84
61 85
61 86
61 87
61 88
61 90
61 91
61 92
61 95
61 98
61 100
61 101
61 103
61 105
61 106
61 108
61 109
61 112
62 2
62 4
62 6
62 8
62 11
62 12
62 15
62 16
62 17
62 18
62 19
62 22
62 23
62 24
62 26
62 28
62 30
62 31
62 32
62 34
62 40
62 41
62 42
62 48
62 49
62 53
62 57
62 59
62 60
62 61
62 63
62 64
62 65
62 66
62 68
62 72
62 73
62 76
62 78
62 83
62 87
62 91
62 93
62 94
62 95
62 96
62 97
62 98
62 99
62 100
62 102
62 104
62 105
62 108
62 109
62 110
62 111
62 112
63 1
63 3
63 4
63 5
63 6
63 8
63 10
63 11
63 12
63 13
63 14
63 15
63 17
63 18
63 19
63 20
63 22
63 25
63 26
63 28
63 30
63 31
63 32
63 33
63 36
63 38
63 39
63 40
63 42
63 43
63 45
63 46
63 47
63 49
63 52
63 55
63 57
63 62
63 64
63 65
63 71
63 72
63 73
63 78
63 80
63 82
63 84
63 85
63 88
63 91
63 93
63 94
63 95
63 97
63 98
63 101
63 102
63 103
63 104
63 110
63 112
64 2
64 4
64 5
64 6
64 7
64 8
64 10
64 11
64 15
64 17
64 18
64 23
64 28
64 31
64 32
64 33
64 35
64 37
64 41
64 44
64 47
64 56
64 58
64 59
64 60
64 61
64 62
64 64
64 67
64 68
64 69
64 73
64 74
64 75
64 76
64 77
64 78
64 79
64 80
64 81
64 82
64 83
64 84
64 85
64 87
64 89
64 90
64 91
64 93
64 94
64 95
64 97
64 98
64 103
64 104
64 107
64 108
64 109
64 112
65 1
65 2
65 3
65 4
65 6
65 7
65 8
65 10
65 12
65 14
65 16
65 20
65 21
65 22
65 25
65 27
65 28
65 29
65 30
65 34
65 36
65 40
65 41
65 44
65 45
65 46
65 47
65 49
65 51
65 53
65 57
65 58
65 60
65 63
65 66
65 67
65 68
65 70
65 71
65 72
65 75
65 76
65 79
65 82
65 83
65 85
65 86
65 88
65 89
65 92
65 93
65 94
65 95
65 100
65 101
65 102
65 103
65 105
65 106
65 110
65 111
65 112
66 1
66 2
66 3
66 5
66 7
66 8
66 9
66 11
66 16
66 17
66 19
66 21
66 22
66 23
66 25
66 26
66 27
66 30
66 35
66 38
66 39
66 41
66 44
66 47
66 50
66 53
66 55
66 56
66 59
66 60
66 63
66 65
66 69
66 70
66 71
66 74
66 75
66 79
66 81
66 82
66 83
66 85
66 87
66 89
66 90
66 91
66 92
66 93
66 94
66 95
66 98
66 99
66 104
66 105
66 106
66 108
66 109
66 111
67 2
67 4
67 5
67 6
67 8
67 9
67 10
67 11
67 15
67 16
67 18
67 20
67 21
67 22
67 23
67 24
67 25
67 28
67 29
67 35
67 36
67 38
67 40
67 42
67 44
67 45
67 48
67 50
67 52
67 53
67 54
67 56
67 57
67 59
67 60
67 62
67 64
67 69
67 71
67 72
67 73
67 75
67 78
67 79
67 82
67 85
67 88
67 90
67 92
67 95
67 99
67 100
67 102
67 103
67 104
67 105
67 106
67 107
67 108
67 110
67 111
67 112
68 2
68 3
68 4
68 6
68 7
68 8
68 9
68 10
68 12
68 14
68 15
68 16
68 19
68 24
68 27
68 28
68 31
68 32
68 35
68 37
68 40
68 41
68 42
68 43
68 48
68 50
68 52
68 55
68 56
68 59
68 60
68 61
68 63
68 65
68 70
68 71
68 72
68 75
68 81
68 84
68 86
68 88
68 91
68 92
68 93
68 96
68 97
68 100
68 102
68 105
68 106
68 107
68 108
68 111
68 112
69 1
69 3
69 4
69 5
69 6
69 8
69 10
69 12
69 17
69 19
69 22
69 24
69 25
69 26
69 28
69 29
69 35
69 37
69 38
69 41
69 45
69 46
69 48
69 49
69 51
69 53
69 55
69 56
69 63
69 64
69 65
69 66
69 67
69 71
69 72
69 73
69 75
69 76
69 77
69 81
69 83
69 84
69 90
69 93
69 98
69 100
69 101
69 102
69 104
69 105
69 107
69 110
70 1
70 2
70 4
70 6
70 11
70 13
70 14
70 15
70 20
70 22
70 24
70 25
70 26
70 28
70 30
70 32
70 33
70 34
70 35
70 36
70 37
70 38
70 40
70 44
70 45
70 47
70 49
70 51
70 55
70 56
70 59
70 63
70 64
70 65
70 66
70 67
70 69
70 70
70 71
70 72
70 73
70 74
70 75
70 78
70 79
70 84
70 90
70 93
70 94
70 100
70 101
70 104
70 106
70 108
70 109
70 110
70 111
70 112
71 4
71 5
71 6
71 7
71 9
71 10
71 14
71 15
71 19
71 20
71 21
71 27
71 31
71 32
71 36
71 42
71 43
71 45
71 46
71 47
71 50
71 51
71 52
71 56
71 59
71 62
71 63
71 64
71 65
71 69
71 70
71 72
71 73
71 74
71 75
71 76
71 77
71 81
71 84
71 85
71 87
71 88
71 90
71 92
71 93
71 96
71 98
71 99
71 100
71 101
71 102
71 108
71 109
71 110
71 112
72 4
72 5
72 7
72 8
72 9
72 12
72 14
72 16
72 18
72 20
72 21
72 22
72 26
72 29
72 31
72 34
72 35
72 36
72 40
72 42
72 43
72 44
72 45
72 46
72 47
72 49
72 51
72 52
72 53
72 55
72 56
72 57
72 58
72 60
72 63
72 64
72 65
72 66
72 67
72 70
72 75
72 80
72 82
72 86
72 87
72 88
72 89
72 94
72 95
72 96
72 97
72 102
72 104
72 108
72 111
73 4
73 5
73 9
73 11
73 12
73 13
73 14
73 15
73 17
73 21
73 22
73 23
73 26
73 27
73 28
73 30
73 32
73 33
73 35
73 36
73 39
73 41
73 43
73 44
73 48
73 50
73 53
73 56
73 57
73 59
73 60
73 64
73 65
73 66
73 67
73 72
73 73
73 74
73 76
73 77
73 80
73 81
73 82
73 85
73 86
73 88
73 89
73 94
73 96
73 100
73 101
73 103
73 104
73 106
73 107
73 108
73 109
74 3
74 5
74 7
74 8
74 11
74 12
74 15
74 17
74 21
74 22
74 24
74 26
74 27
74 29
74 31
74 34
74 39
74 40
74 45
74 46
74 47
74 48
74 50
74 51
74 52
74 53
74 55
74 57
74 58
74 61
74 63
74 64
74 65
74 70
74 72
74 73
74 77
74 82
74 83
74 84
74 87
74 89
74 91
74 94
74 95
74 96
74 97
74 98
74 99
74 100
74 101
74 102
74 103
74 104
74 105
74 106
74 108
74 109
75 1
75 2
75 3
75 8
75 9
75 12
75 14
75 17
75 19
75 21
75 22
75 24
75 27
75 28
75 34
75 36
75 38
75 41
75 42
75 46
75 50
75 52
75 53
75 54
75 55
75 61
75 62
75 63
75 64
75 65
75 67
75 68
75 70
75 71
75 74
75 75
75 76
75 79
75 80
75 82
75 83
75 84
75 85
75 87
75 88
75 89
75 96
75 98
75 99
75 103
75 104
75 105
75 107
76 2
76 4
76 5
76 9
76 10
76 12
76 15
76 16
76 17
76 18
76 19
76 20
76 24
76 26
76 27
76 28
76 29
76 30
76 35
76 36
76 43
76 47
76 50
76 51
76 53
76 54
76 63
76 69
76 70
76 71
76 74
76 79
76 82
76 84
76 87
76 89
76 90
76 91
76 93
76 94
76 95
76 97
76 98
76 99
76 100
76 101
76 103
76 104
76 105
76 106
76 108
76 109
76 110
76 111
76 112
77 1
77 2
77 3
77 4
77 7
77 8
77 10
77 11
77 14
77 17
77 20
77 21
77 22
77 26
77 27
77 28
77 31
77 32
77 33
77 34
77 35
77 36
77 40
77 43
77 44
77 47
77 49
77 50
77 51
77 53
77 57
77 59
77 60
77 62
77 63
77 65
77 66
77 69
77 70
77 75
77 84
77 86
77 87
77 88
77 91
77 92
77 101
77 111
77 112
78 4
78 5
78 7
78 9
78 12
78 14
78 15
78 19
78 22
78 23
78 26
78 27
78 29
78 31
78 32
78 36
78 37
78 38
78 39
78 43
78 46
78 47
78 49
78 50
78 51
78 52
78 56
78 57
78 58
78 59
78 60
78 62
78 65
78 67
78 70
78 71
78 72
78 74
78 75
78 76
78 77
78 78
78 79
78 81
78 82
78 83
78 89
78 90
78 95
78 96
78 97
78 98
78 100
78 102
78 103
78 105
78 109
78 110
79 5
79 7
79 8
79 10
79 12
79 13
79 14
79 15
79 16
79 19
79 21
79 22
79 23
79 24
79 27
79 28
79 29
79 30
79 31
79 33
79 34
79 37
79 38
79 40
79 42
79 44
79 45
79 46
79 47
79 49
79 55
79 56
79 62
79 63
79 64
79 65
79 66
79 68
79 70
79 71
79 73
79 75
79 77
79 78
79 80
79 82
79 88
79 90
79 91
79 93
79 94
79 95
79 96
79 97
79 99
79 100
79 101
79 102
79 103
79 106
79 107
79 108
79 109
79 110
79 111
79 112
80 1
80 2
80 3
80 4
80 7
80 9
80 12
80 14
80 16
80 18
80 19
80 20
80 21
80 22
80 23
80 26
80 27
80 30
80 32
80 35
80 36
80 37
80 38
80 39
80 43
80 48
80 50
80 53
80 57
80 68
80 69
80 70
80 73
80 74
80 78
80 79
80 80
80 81
80 83
80 84
80 88
80 89
80 93
80 95
80 97
80 99
80 102
80 105
80 109
80 110
81 3
81 4
81 8
81 15
81 17
81 21
81 24
81 25
81 26
81 31
81 32
81 34
81 35
81 36
81 37
81 38
81 39
81 40
81 44
81 46
81 48
81 49
81 51
81 52
81 61
81 62
81 65
81 66
81 67
81 68
81 69
81 71
81 72
81 74
81 75
81 79
81 80
81 84
81 89
81 91
81 92
81 93
81 94
81 95
81 97
81 101
81 102
81 104
81 108
81 111
82 1
82 5
82 7
82 8
82 9
82 10
82 11
82 14
82 16
82 17
82 18
82 23
82 24
82 29
82 30
82 31
82 32
82 33
82 34
82 36
82 37
82 39
82 40
82 41
82 42
82 49
82 55
82 56
82 58
82 60
82 61
82 63
82 64
82 65
82 67
82 68
82 73
82 75
82 76
82 77
82 79
82 83
82 84
82 85
82 87
82 90
82 95
82 96
82 101
82 102
82 103
82 108
82 111
83 6
83 7
83 10
83 11
83 12
83 14
83 17
83 18
83 22
83 26
83 27
83 28
83 33
83 34
83 35
83 37
83 38
83 39
83 41
83 44
83 45
83 46
83 47
83 50
83 51
83 52
83 53
83 58
83 62
83 63
83 64
83 65
83 67
83 69
83 75
83 77
83 78
83 79
83 80
83 83
83 84
83 86
83 89
83 92
83 94
83 95
83 97
83 100
83 103
83 104
83 105
83 106
83 107
83 109
83 110
83 112
84 1
84 2
84 3
84 6
84 9
84 10
84 12
84 13
84 14
84 15
84 20
84 21
84 22
84 23
84 24
84 26
84 31
84 33
84 35
84 39
84 43
84 48
84 51
84 52
84 53
84 54
84 55
84 59
84 60
84 63
84 65
84 67
84 68
84 69
84 72
84 74
84 75
84 77
84 85
84 87
84 88
84 89
84 90
84 91
84 95
84 96
84 98
84 102
84 103
84 106
84 107
84 108
84 109
84 111
85 7
85 8
85 9
85 12
85 14
85 15
85 18
85 19
85 22
85 23
85 24
85 28
85 33
85 35
85 37
85 38
85 39
85 40
85 42
85 44
85 46
85 48
85 52
85 54
85 56
85 59
85 60
85 61
85 63
85 65
85 72
85 73
85 75
85 76
85 79
85 81
85 83
85 86
85 88
85 89
85 95
85 96
85 100
85 105
85 109
86 2
86 3
86 5
86 6
86 8
86 10
86 14
86 15
86 17
86 18
86 20
86 21
86 22
86 24
86 25
86 26
86 27
86 28
86 32
86 33
86 34
86 38
86 39
86 41
86 43
86 47
86 51
86 54
86 57
86 60
86 61
86 64
86 66
86 68
86 70
86 71
86 72
86 73
86 75
86 76
86 77
86 78
86 79
86 84
86 86
86 87
86 92
86 94
86 97
86 98
86 99
86 101
86 103
86 104
86 105
86 109
86 111
86 112
87 2
87 4
87 7
87 9
87 10
87 12
87 14
87 16
87 17
87 18
87 19
87 23
87 24
87 28
87 29
87 31
87 32
87 34
87 35
87 36
87 38
87 39
87 40
87 44
87 48
87 49
87 50
87 52
87 54
87 57
87 59
87 60
87 68
87 70
87 71
87 74
87 75
87 78
87 79
87 80
87 81
87 82
87 83
87 86
87 87
87 92
87 94
87 95
87 98
87 99
87 100
87 103
87 105
87 106
87 107
88 3
88 4
88 7
88 9
88 12
88 16
88 18
88 21
88 23
88 24
88 25
88 26
88 30
88 31
88 32
88 35
88 37
88 38
88 40
88 42
88 44
88 47
88 48
88 50
88 52
88 56
88 57
88 60
88 61
88 62
88 65
88 69
88 70
88 71
88 72
88 73
88 74
88 75
88 76
88 78
88 81
88 82
88 87
88 88
88 91
88 92
88 93
88 95
88 96
88 97
88 98
88 100
88 103
88 104
88 108
88 110
88 112
89 1
89 2
89 5
89 7
89 10
89 11
89 12
89 18
89 22
89 24
89 26
89 29
89 30
89 32
89 33
89 34
89 35
89 36
89 37
89 38
89 40
89 41
89 47
89 48
89 50
89 51
89 53
89 56
89 57
89 58
89 59
89 60
89 62
89 63
89 65
89 66
89 67
89 68
89 70
89 72
89 77
89 79
89 81
89 82
89 83
89 84
89 86
89 87
89 88
89 89
89 90
89 91
89 94
89 96
89 99
89 100
89 101
89 102
89 103
89 105
89 106
89 107
89 108
89 110
90 1
90 6
90 7
90 8
90 9
90 10
90 11
90 13
90 15
90 17
90 19
90 21
90 23
90 24
90 26
90 27
90 28
90 31
90 39
90 40
90 41
90 44
90 46
90 50
90 51
90 53
90 54
90 56
90 58
90 61
90 65
90 66
90 67
90 68
90 69
90 71
90 72
90 75
90 76
90 79
90 80
90 85
90 86
90 87
90 88
90 89
90 92
90 93
90 94
90 100
90 104
90 105
90 108
90 110
91 1
91 2
91 3
91 4
91 5
91 7
91 8
91 10
91 11
91 14
91 15
91 16
91 18
91 19
91 20
91 23
91 25
91 26
91 27
91 29
91 30
91 31
91 32
91 35
91 37
91 38
91 40
91 42
91 43
91 48
91 49
91 52
91 53
91 54
91 55
91 56
91 57
91 60
91 63
91 64
91 65
91 66
91 68
91 72
91 75
91 76
91 78
91 79
91 83
91 84
91 87
91 88
91 89
91 90
91 92
91 93
91 95
91 96
91 98
91 100
91 101
91 103
91 107
91 109
92 1
92 3
92 7
92 8
92 9
92 10
92 12
92 13
92 17
92 19
92 22
92 24
92 25
92 32
92 33
92 35
92 39
92 40
92 41
92 42
92 43
92 44
92 45
92 48
92 51
92 54
92 56
92 57
92 58
92 60
92 62
92 64
92 67
92 69
92 70
92 79
92 80
92 83
92 84
92 85
92 86
92 87
92 89
92 91
92 95
92 98
92 103
92 105
92 106
92 107
92 109
92 110
92 112
93 3
93 6
93 9
93 10
93 12
93 13
93 14
93 15
93 16
93 17
93 18
93 21
93 22
93 23
93 26
93 27
93 29
93 30
93 33
93 37
93 40
93 42
93 43
93 45
93 49
93 50
93 51
93 52
93 55
93 57
93 58
93 59
93 60
93 65
93 68
93 71
93 72
93 73
93 76
93 77
93 79
93 80
93 82
93 83
93 84
93 85
93 86
93 87
93 88
93 90
93 92
93 96
93 97
93 100
93 101
93 104
93 105
93 109
94 9
94 10
94 12
94 14
94 15
94 20
94 22
94 23
94 24
94 27
94 28
94 31
94 32
94 33
94 34
94 36
94 37
94 38
94 40
94 42
94 43
94 44
94 45
94 46
94 47
94 48
94 49
94 50
94 51
94 53
94 54
94 55
94 57
94 58
94 60
94 61
94 62
94 63
94 64
94 68
94 70
94 74
94 78
94 81
94 82
94 83
94 84
94 85
94 86
94 87
94 89
94 91
94 93
94 94
94 95
94 97
94 100
94 102
94 104
94 108
94 110
94 111
94 112
95 1
95 3
95 4
95 5
95 7
95 8
95 11
95 13
95 15
95 18
95 20
95 22
95 23
95 27
95 29
95 31
95 33
95 35
95 37
95 39
95 40
95 41
95 44
95 45
95 48
95 49
95 50
95 51
95 52
95 54
95 55
95 56
95 57
95 58
95 60
95 61
95 64
95 65
95 67
95 69
95 70
95 72
95 73
95 74
95 75
95 80
95 81
95 82
95 83
95 85
95 86
95 88
95 90
95 91
95 92
95 93
95 94
95 95
95 99
95 101
95 105
95 106
95 107
95 108
95 111
95 112
96 1
96 2
96 12
96 13
96 14
96 15
96 16
96 19
96 22
96 24
96 25
96 27
96 28
96 29
96 31
96 32
96 37
96 39
96 40
96 41
96 42
96 43
96 45
96 46
96 47
96 50
96 53
96 54
96 55
96 58
96 59
96 60
96 62
96 63
96 66
96 68
96 69
96 72
96 74
96 76
96 78
96 80
96 81
96 82
96 83
96 84
96 85
96 88
96 89
96 92
96 93
96 97
96 98
96 102
96 104
96 105
96 108
96 109
96 111
97 1
97 2
97 5
97 8
97 11
97 12
97 13
97 15
97 16
97 21
97 22
97 24
97 25
97 29
97 31
97 32
97 33
97 34
97 37
97 43
97 44
97 47
97 48
97 49
97 52
97 53
97 55
97 57
97 59
97 60
97 61
97 65
97 66
97 68
97 69
97 70
97 71
97 74
97 76
97 77
97 78
97 80
97 82
97 83
97 84
97 85
97 87
97 88
97 89
97 92
97 93
97 94
97 95
97 96
97 98
97 99
97 102
97 103
97 106
97 108
97 110
97 112
98 2
98 4
98 6
98 7
98 8
98 9
98 11
98 13
98 14
98 16
98 22
98 24
98 28
98 31
98 33
98 34
98 35
98 36
98 37
98 40
98 41
98 43
98 44
98 45
98 47
98 49
98 50
98 51
98 53
98 56
98 59
98 66
98 67
98 69
98 70
98 72
98 73
98 74
98 77
98 78
98 82
98 83
98 87
98 89
98 90
98 95
98 96
98 97
98 99
98 101
98 102
98 103
98 104
98 106
98 110
98 112
99 4
99 6
99 10
99 11
99 13
99 16
99 18
99 21
99 22
99 24
99 25
99 29
99 30
99 31
99 34
99 35
99 36
99 41
99 42
99 44
99 47
99 48
99 50
99 51
99 52
99 53
99 54
99 55
99 56
99 57
99 59
99 64
99 65
99 67
99 72
99 76
99 78
99 79
99 80
99 81
99 82
99 84
99 87
99 90
99 91
99 93
99 95
99 96
99 97
99 99
99 102
99 103
99 107
99 108
99 109
99 111
100 1
100 2
100 3
100 5
100 6
100 8
100 9
100 14
100 15
100 16
100 17
100 18
100 21
100 22
100 26
100 27
100 28
100 31
100 32
100 37
100 38
100 39
100 42
100 44
100 46
100 48
100 49
100 50
100 51
100 52
100 53
100 58
100 60
100 61
100 63
100 65
100 68
100 71
100 72
100 75
100 77
100 79
100 81
100 82
100 83
100 86
100 87
100 88
100 89
100 92
100 93
100 94
100 95
100 96
100 97
100 98
100 99
100 103
100 105
100 110
100 111
101 2
101 3
101 4
101 5
101 9
101 10
101 12
101 17
101 18
101 19
101 21
101 22
101 23
101 27
101 28
101 29
101 30
101 36
101 37
101 38
101 39
101 40
101 42
101 43
101 45
101 46
101 49
101 50
101 53
101 55
101 56
101 57
101 58
101 59
101 63
101 64
101 65
101 68
101 69
101 70
101 71
101 73
101 75
101 78
101 79
101 82
101 83
101 85
101 86
101 88
101 89
101 91
101 93
101 94
101 95
101 98
101 99
101 100
101 101
101 104
101 105
101 106
101 107
101 112
102 3
102 6
102 9
102 11
102 12
102 18
102 21
102 22
102 23
102 24
102 27
102 28
102 29
102 30
102 33
102 35
102 36
102 37
102 38
102 39
102 42
102 43
102 44
102 46
102 47
102 49
102 51
102 52
102 54
102 57
102 58
102 60
102 64
102 65
102 67
102 71
102 72
102 73
102 78
102 84
102 86
102 87
102 88
102 90
102 93
102 94
102 96
102 97
102 99
102 100
102 104
102 107
102 109
103 3
103 6
103 7
103 8
103 9
103 14
103 17
103 18
103 19
103 20
103 22
103 26
103 29
103 30
103 31
103 33
103 35
103 36
103 38
103 39
103 40
103 41
103 44
103 45
103 48
103 49
103 50
103 51
103 54
103 55
103 59
103 60
103 62
103 65
103 69
103 70
103 73
103 74
103 78
103 80
103 86
103 87
103 89
103 90
103 93
103 94
103 96
103 97
103 98
103 102
103 103
103 104
103 105
103 106
103 107
103 108
103 110
103 112
104 3
104 5
104 8
104 14
104 15
104 16
104 18
104 21
104 23
104 24
104 25
104 27
104 28
104 30
104 31
104 33
104 39
104 40
104 42
104 43
104 49
104 51
104 52
104 53
104 54
104 55
104 56
104 57
104 60
104 62
104 63
104 65
104 67
104 68
104 69
104 70
104 72
104 73
104 74
104 76
104 78
104 81
104 82
104 84
104 87
104 88
104 91
104 92
104 93
104 94
104 98
104 99
104 100
104 102
104 106
104 107
104 108
104 110
104 111
104 112
105 2
105 5
105 8
105 9
105 14
105 15
105 16
105 18
105 20
105 21
105 22
105 25
105 26
105 30
105 36
105 39
105 40
105 44
105 45
105 47
105 48
105 49
105 51
105 53
105 54
105 55
105 56
105 59
105 61
105 63
105 64
105 68
105 70
105 72
105 74
105 76
105 77
105 78
105 80
105 81
105 83
105 87
105 89
105 93
105 94
105 96
105 99
105 102
105 104
105 109
105 110
105 111
106 3
106 4
106 13
106 15
106 17
106 20
106 22
106 23
106 29
106 30
106 31
106 33
106 34
106 35
106 36
106 39
106 41
106 42
106 45
106 48
106 49
106 52
106 57
106 58
106 60
106 61
106 63
106 66
106 67
106 68
106 69
106 70
106 71
106 72
106 79
106 80
106 82
106 83
106 85
106 86
106 89
106 93
106 95
106 96
106 97
106 99
106 100
106 101
106 102
106 106
106 109
106 110
106 111
107 2
107 6
107 11
107 15
107 16
107 19
107 22
107 28
107 30
107 32
107 34
107 39
107 41
107 43
107 44
107 45
107 47
107 49
107 52
107 53
107 56
107 63
107 64
107 70
107 72
107 74
107 79
107 80
107 84
107 92
107 93
107 95
107 96
107 97
107 98
107 99
107 100
107 102
107 103
107 105
107 106
107 110
107 111
107 112
108 1
108 2
108 3
108 5
108 6
108 7
108 8
108 9
108 10
108 11
108 12
108 13
108 15
108 16
108 18
108 19
108 25
108 26
108 29
108 30
108 34
108 35
108 37
108 38
108 39
108 41
108 43
108 45
108 49
108 50
108 51
108 54
108 56
108 57
108 62
108 63
108 65
108 68
108 70
108 71
108 74
108 75
108 76
108 78
108 80
108 83
108 86
108 87
108 88
108 93
108 95
108 96
108 97
108 98
108 99
108 102
108 104
108 110
108 111
108 112
109 1
109 2
109 4
109 5
109 8
109 9
109 10
109 12
109 13
109 16
109 18
109 20
109 22
109 25
109 28
109 30
109 31
109 32
109 33
109 34
109 36
109 37
109 39
109 40
109 41
109 43
109 45
109 46
109 47
109 50
109 51
109 53
109 54
109 55
109 57
109 59
109 60
109 61
109 62
109 63
109 73
109 74
109 75
109 80
109 87
109 90
109 96
109 99
109 100
109 103
109 108
109 109
109 110
109 111
110 2
110 6
110 8
110 9
110 10
110 11
110 12
110 16
110 21
110 22
110 23
110 24
110 25
110 26
110 28
110 29
110 30
110 32
110 33
110 35
110 36
110 37
110 38
110 41
110 42
110 43
110 44
110 45
110 46
110 50
110 53
110 54
110 58
110 59
110 60
110 61
110 62
110 63
110 64
110 67
110 73
110 76
110 78
110 79
110 81
110 83
110 86
110 87
110 88
110 89
110 91
110 92
110 95
110 98
110 100
110 101
110 105
110 107
110 108
110 110
110 111
110 112
111 1
111 4
111 5
111 7
111 13
111 14
111 15
111 21
111 22
111 23
111 24
111 27
111 29
111 30
111 31
111 32
111 33
111 34
111 35
111 36
111 37
111 39
111 40
111 43
111 44
111 46
111 49
111 50
111 51
111 52
111 53
111 54
111 57
111 60
111 61
111 62
111 64
111 65
111 67
111 72
111 74
111 77
111 78
111 79
111 81
111 82
111 85
111 86
111 90
111 93
111 94
111 95
111 96
111 97
111 98
111 100
111 105
111 107
111 111
112 3
112 6
112 7
112 9
112 10
112 11
112 16
112 17
112 18
112 19
112 21
112 23
112 25
112 28
112 30
112 33
112 34
112 36
112 37
112 38
112 40
112 41
112 42
112 44
112 45
112 46
112 47
112 48
112 49
112 50
112 51
112 52
112 53
112 57
112 59
112 62
112 69
112 71
112 75
112 79
112 80
112 82
112 83
112 84
112 85
112 86
112 91
112 96
112 97
112 98
112 99
112 100
112 103
112 107
112 111
113 1
113 4
113 6
113 10
113 11
113 16
113 18
113 21
113 24
113 25
113 28
113 31
113 32
113 35
113 36
113 37
113 41
113 42
113 46
113 47
113 48
113 50
113 51
113 52
113 54
113 55
113 57
113 60
113 62
113 64
113 65
113 67
113 71
113 74
113 75
113 76
113 77
113 78
113 81
113 82
113 87
113 88
113 89
113 90
113 91
113 93
113 94
113 95
113 96
113 97
113 99
113 100
113 103
113 105
113 107
113 108
113 109
113 112
114 3
114 4
114 5
114 6
114 9
114 10
114 11
114 12
114 13
114 14
114 16
114 17
114 18
114 20
114 23
114 24
114 25
114 28
114 29
114 31
114 36
114 37
114 39
114 40
114 41
114 42
114 43
114 45
114 46
114 48
114 51
114 52
114 55
114 57
114 65
114 66
114 68
114 69
114 70
114 72
114 73
114 74
114 76
114 78
114 81
114 83
114 86
114 87
114 88
114 89
114 90
114 92
114 94
114 96
114 97
114 98
114 99
114 100
114 104
114 108
114 110
114 111
114 112
115 1
115 3
115 5
115 8
115 9
115 10
115 11
115 13
115 14
115 15
115 16
115 17
115 19
115 21
115 23
115 24
115 25
115 26
115 27
115 29
115 32
115 33
115 34
115 35
115 36
115 38
115 42
115 45
115 48
115 50
115 52
115 53
115 54
115 55
115 56
115 58
115 59
115 61
115 65
115 67
115 68
115 70
115 74
115 83
115 85
115 88
115 89
115 90
115 93
115 94
115 97
115 98
115 101
115 102
115 105
115 106
115 107
115 108
116 1
116 3
116 4
116 6
116 9
116 10
116 13
116 16
116 17
116 18
116 20
116 21
116 22
116 26
116 27
116 29
116 30
116 37
116 41
116 42
116 43
116 45
116 48
116 49
116 50
116 52
116 53
116 55
116 56
116 58
116 59
116 60
116 63
116 64
116 66
116 67
116 71
116 72
116 73
116 74
116 79
116 80
116 81
116 83
116 89
116 90
116 93
116 94
116 100
116 101
116 103
116 104
116 105
116 106
116 107
116 110
116 111
117 2
117 5
117 9
117 11
117 13
117 17
117 19
117 20
117 24
117 25
117 26
117 28
117 29
117 31
117 32
117 35
117 36
117 37
117 38
117 39
117 45
117 46
117 48
117 49
117 50
117 55
117 60
117 61
117 63
117 64
117 66
117 67
117 68
117 69
117 73
117 75
117 76
117 77
117 79
117 80
117 83
117 91
117 92
117 94
117 101
117 105
117 106
117 107
117 108
117 109
117 110
118 3
118 4
118 5
118 14
118 15
118 16
118 17
118 20
118 21
118 22
118 23
118 30
118 32
118 33
118 35
118 36
118 37
118 38
118 40
118 46
118 47
118 49
118 50
118 52
118 54
118 57
118 61
118 64
118 65
118 66
118 67
118 69
118 70
118 74
118 75
118 76
118 80
118 81
118 85
118 86
118 87
118 89
118 90
118 94
118 96
118 97
118 98
118 99
118 101
118 102
118 103
118 104
118 106
118 107
118 109
118 110
118 111
119 2
119 4
119 5
119 6
119 7
119 9
119 10
119 12
119 16
119 17
119 18
119 20
119 22
119 24
119 26
119 28
119 29
119 30
119 34
119 35
119 36
119 37
119 44
119 46
119 47
119 48
119 49
119 50
119 51
119 52
119 53
119 58
119 59
119 60
119 62
119 64
119 66
119 69
119 70
119 73
119 75
119 76
119 77
119 78
119 79
119 81
119 82
119 85
119 86
119 87
119 88
119 91
119 93
119 94
119 95
119 102
119 106
119 108
119 109
119 111
119 112
120 3
120 5
120 6
120 8
120 9
120 10
120 13
120 22
120 29
120 30
120 31
120 34
120 35
120 36
120 38
120 41
120 42
120 43
120 46
120 47
120 50
120 51
120 54
120 59
120 62
120 65
120 66
120 70
120 72
120 74
120 75
120 76
120 77
120 80
120 84
120 86
120 88
120 90
120 93
120 94
120 96
120 97
120 99
120 101
120 102
120 103
120 104
120 106
120 107
120 110
121 1
121 4
121 5
121 9
121 10
121 11
121 12
121 13
121 16
121 17
121 18
121 19
121 20
121 24
121 26
121 27
121 28
121 30
121 31
121 32
121 33
121 34
121 39
121 40
121 42
121 44
121 45
121 46
121 47
121 48
121 49
121 50
121 51
121 53
121 54
121 56
121 58
121 59
121 61
121 62
121 63
121 66
121 67
121 71
121 72
121 75
121 76
121 78
121 82
121 84
121 87
121 88
121 89
121 90
121 92
121 94
121 95
121 97
121 98
121 99
121 100
121 101
121 102
121 104
121 106
121 107
121 108
121 111
121 112
122 1
122 2
122 3
122 6
122 7
122 9
122 11
122 14
122 16
122 19
122 20
122 21
122 22
122 23
122 25
122 26
122 28
122 30
122 31
122 32
122 33
122 34
122 36
122 39
122 40
122 43
122 45
122 46
122 48
122 49
122 50
122 51
122 52
122 53
122 54
122 57
122 61
122 63
122 64
122 68
122 69
122 73
122 74
122 75
122 78
122 79
122 89
122 91
122 92
122 94
122 96
122 97
122 98
122 101
122 103
122 105
122 106
122 109
122 110
123 2
123 4
123 5
123 6
123 7
123 10
123 11
123 12
123 15
123 18
123 21
123 24
123 26
123 27
123 29
123 30
123 33
123 34
123 36
123 37
123 38
123 40
123 41
123 42
123 43
123 44
123 46
123 47
123 48
123 49
123 54
123 55
123 60
123 61
123 63
123 64
123 65
123 66
123 68
123 69
123 74
123 75
123 79
123 83
123 84
123 85
123 87
123 90
123 91
123 92
123 93
123 94
123 95
123 96
123 97
123 98
123 102
123 108
123 109
124 1
124 6
124 8
124 12
124 13
124 14
124 15
124 16
124 18
124 21
124 22
124 23
124 24
124 26
124 28
124 29
124 31
124 34
124 36
124 37
124 38
124 39
124 40
124 46
124 48
124 50
124 53
124 55
124 56
124 57
124 62
124 64
124 65
124 66
124 70
124 74
124 76
124 77
124 78
124 82
124 83
124 84
124 87
124 90
124 91
124 93
124 94
124 96
124 97
124 100
124 104
124 106
124 108
124 111
124 112
125 1
125 2
125 3
125 4
125 7
125 12
125 14
125 17
125 18
125 19
125 21
125 23
125 24
125 27
125 28
125 30
125 31
125 32
125 36
125 37
125 39
125 41
125 46
125 49
125 50
125 51
125 55
125 57
125 58
125 62
125 63
125 64
125 65
125 66
125 68
125 71
125 76
125 77
125 79
125 82
125 84
125 85
125 88
125 89
125 91
125 93
125 94
125 95
125 97
125 100
125 101
125 106
125 107
125 108
125 109
125 110
126 1
126 2
126 4
126 5
126 7
126 10
126 13
126 14
126 16
126 17
126 18
126 20
126 21
126 22
126 23
126 26
126 27
126 29
126 30
126 34
126 35
126 36
126 37
126 39
126 40
126 41
126 42
126 45
126 47
126 50
126 52
126 54
126 55
126 59
126 60
126 64
126 65
126 66
126 67
126 68
126 71
126 72
126 74
126 75
126 77
126 81
126 82
126 83
126 84
126 85
126 86
126 88
126 90
126 91
126 94
126 96
126 98
126 99
126 101
126 102
126 103
126 105
126 107
126 110
127 2
127 5
127 6
127 8
127 11
127 18
127 19
127 22
127 23
127 24
127 25
127 26
127 29
127 30
127 36
127 37
127 40
127 41
127 44
127 49
127 50
127 52
127 53
127 55
127 57
127 62
127 63
127 64
127 65
127 66
127 69
127 70
127 71
127 72
127 74
127 75
127 76
127 78
127 79
127 80
127 81
127 84
127 88
127 91
127 93
127 97
127 98
127 99
127 101
127 106
127 108
127 110
128 1
128 4
128 6
128 8
128 9
128 14
128 15
128 16
128 18
128 19
128 20
128 22
128 23
128 24
128 25
128 29
128 30
128 31
128 32
128 34
128 37
128 38
128 39
128 40
128 41
128 43
128 44
128 46
128 48
128 50
128 51
128 52
128 53
128 55
128 56
128 57
128 60
128 61
128 64
128 69
128 72
128 73
128 74
128 75
128 79
128 80
128 82
128 84
128 87
128 91
128 92
128 93
128 95
128 96
128 97
128 98
128 99
128 104
128 107
128 108
128 109
128 110
128 111
128 112
129 1
129 2
129 3
129 5
129 7
129 10
129 11
129 14
129 17
129 19
129 23
129 24
129 27
129 29
129 30
129 31
129 33
129 35
129 36
129 37
129 42
129 43
129 44
129 45
129 46
129 48
129 49
129 51
129 54
129 57
129 58
129 61
129 65
129 67
129 69
129 75
129 76
129 77
129 78
129 81
129 82
129 83
129 84
129 85
129 89
129 90
129 93
129 94
129 97
129 98
129 99
129 101
129 102
129 103
129 105
129 109
129 110
129 112
130 2
130 3
130 6
130 7
130 8
130 9
130 10
130 13
130 14
130 15
130 16
130 17
130 18
130 19
130 20
130 21
130 25
130 26
130 27
130 29
130 32
130 34
130 35
130 39
130 40
130 42
130 43
130 46
130 47
130 48
130 49
130 50
130 51
130 56
130 57
130 58
130 60
130 62
130 65
130 67
130 69
130 70
130 71
130 72
130 73
130 74
130 75
130 77
130 78
130 79
130 80
130 82
130 83
130 84
130 85
130 86
130 87
130 89
130 91
130 93
130 96
130 99
130 103
130 109
130 110
130 112
131 2
131 4
131 7
131 8
131 10
131 11
131 15
131 16
131 23
131 27
131 28
131 30
131 33
131 38
131 45
131 52
131 53
131 54
131 56
131 57
131 60
131 61
131 64
131 65
131 66
131 67
131 71
131 72
131 74
131 76
131 78
131 84
131 87
131 89
131 92
131 94
131 95
131 96
131 97
131 98
131 104
131 105
131 106
131 107
131 109
131 110
131 112
132 1
132 2
132 5
132 10
132 13
132 14
132 16
132 18
132 19
132 21
132 24
132 25
132 27
132 28
132 29
132 31
132 33
132 35
132 38
132 40
132 42
132 46
132 47
132 50
132 52
132 53
132 54
132 55
132 57
132 58
132 59
132 60
132 62
132 65
132 66
132 68
132 72
132 79
132 81
132 83
132 86
132 88
132 91
132 92
132 93
132 96
132 97
132 98
132 100
132 102
132 103
132 106
132 107
132 108
132 109
132 111
132 112
133 1
133 4
133 7
133 8
133 10
133 11
133 12
133 14
133 16
133 17
133 18
133 22
133 24
133 25
133 26
133 33
133 34
133 36
133 37
133 38
133 42
133 43
133 45
133 46
133 48
133 50
133 53
133 56
133 57
133 58
133 60
133 63
133 64
133 67
133 69
133 70
133 71
133 72
133 75
133 76
133 78
133 79
133 80
133 84
133 85
133 89
133 90
133 91
133 92
133 96
133 98
133 99
133 101
133 103
133 104
133 105
133 107
133 111
134 1
134 3
134 5
134 9
134 11
134 13
134 14
134 17
134 19
134 20
134 22
134 23
134 24
134 26
134 27
134 29
134 31
134 33
134 35
134 36
134 40
134 44
134 46
134 50
134 51
134 52
134 54
134 55
134 57
134 61
134 63
134 64
134 66
134 69
134 70
134 71
134 73
134 74
134 75
134 79
134 80
134 82
134 85
134 86
134 87
134 91
134 94
134 95
134 100
134 102
134 103
134 105
134 107
134 109
134 111
135 1
135 3
135 4
135 6
135 8
135 10
135 11
135 12
135 15
135 18
135 19
135 20
135 22
135 23
135 30
135 31
135 32
135 36
135 39
135 40
135 43
135 45
135 47
135 48
135 51
135 54
135 56
135 57
135 58
135 61
135 62
135 63
135 64
135 65
135 66
135 67
135 68
135 71
135 72
135 75
135 76
135 77
135 79
135 80
135 83
135 84
135 86
135 87
135 91
135 92
135 93
135 94
135 97
135 99
135 101
135 102
135 104
135 106
135 109
135 111
136 2
136 3
136 7
136 8
136 9
136 15
136 17
136 18
136 19
136 21
136 24
136 26
136 29
136 35
136 36
136 37
136 38
136 39
136 41
136 42
136 43
136 47
136 49
136 50
136 52
136 53
136 56
136 57
136 62
136 64
136 65
136 66
136 67
136 69
136 70
136 71
136 74
136 76
136 77
136 78
136 80
136 81
136 82
136 86
136 89
136 96
136 100
136 101
136 103
136 107
136 108
136 110
137 1
137 2
137 3
137 6
137 9
137 10
137 11
137 13
137 18
137 24
137 27
137 29
137 30
137 33
137 34
137 40
137 41
137 42
137 43
137 44
137 46
137 49
137 54
137 55
137 56
137 64
137 65
137 66
137 67
137 68
137 71
137 72
137 73
137 74
137 75
137 76
137 80
137 81
137 82
137 84
137 85
137 87
137 90
137 91
137 92
137 94
137 95
137 96
137 97
137 100
137 101
137 104
137 105
137 109
137 110
138 1
138 6
138 7
138 8
138 12
138 14
138 16
138 20
138 28
138 29
138 30
138 31
138 33
138 36
138 37
138 40
138 41
138 42
138 43
138 44
138 46
138 47
138 48
138 50
138 52
138 53
138 55
138 60
138 63
138 66
138 68
138 70
138 71
138 77
138 78
138 80
138 81
138 82
138 85
138 86
138 87
138 90
138 93
138 95
138 96
138 99
138 100
138 101
138 102
138 103
138 104
138 105
138 106
138 107
138 109
138 110
138 111
138 112
139 3
139 4
139 5
139 7
139 12
139 14
139 15
139 18
139 21
139 22
139 23
139 24
139 26
139 29
139 31
139 33
139 34
139 35
139 37
139 40
139 46
139 47
139 49
139 50
139 51
139 54
139 55
139 56
139 57
139 63
139 66
139 68
139 69
139 70
139 75
139 76
139 77
139 79
139 80
139 84
139 85
139 86
139 87
139 88
139 90
139 92
139 96
139 97
139 102
139 103
139 104
139 105
139 108
139 111
139 112
140 3
140 5
140 7
140 9
140 10
140 11
140 14
140 16
140 18
140 20
140 24
140 25
140 28
140 29
140 31
140 34
140 37
140 38
140 39
140 40
140 41
140 43
140 45
140 47
140 48
140 56
140 60
140 61
140 63
140 64
140 65
140 70
140 71
140 72
140 74
140 75
140 78
140 79
140 80
140 81
140 82
140 87
140 88
140 89
140 92
140 93
140 94
140 96
140 97
140 98
140 99
140 100
140 101
140 102
140 106
140 108
140 110
