60 48 1438 28
1 1
1 2
1 4
1 5
1 6
1 8
1 9
1 10
1 12
1 13
1 14
1 16
1 18
1 19
1 20
1 21
1 22
1 25
1 26
1 28
1 29
1 30
1 33
1 34
1 36
1 38
1 40
1 45
1 46
1 47
2 5
2 8
2 9
2 10
2 12
2 13
2 16
2 17
2 18
2 19
2 21
2 23
2 25
2 26
2 27
2 28
2 29
2 30
2 32
2 33
2 40
2 42
2 43
2 44
2 45
3 1
3 2
3 3
3 4
3 7
3 9
3 10
3 11
3 12
3 13
3 16
3 18
3 19
3 20
3 22
3 25
3 26
3 27
3 28
3 30
3 33
3 34
3 35
3 37
3 41
3 42
3 45
3 48
4 1
4 2
4 3
4 4
4 5
4 6
4 7
4 15
4 16
4 17
4 19
4 24
4 25
4 26
4 30
4 31
4 32
4 35
4 36
4 38
4 41
4 42
4 43
4 44
4 45
4 46
4 47
5 2
5 6
5 7
5 9
5 10
5 12
5 14
5 15
5 19
5 22
5 23
5 24
5 28
5 29
5 30
5 32
5 34
5 35
5 36
5 38
5 39
5 40
5 41
5 42
5 44
6 5
6 7
6 8
6 9
6 10
6 12
6 18
6 22
6 23
6 24
6 25
6 26
6 27
6 29
6 30
6 32
6 34
6 35
6 36
6 37
6 39
6 41
6 44
6 45
6 46
7 1
7 2
7 6
7 7
7 9
7 10
7 11
7 12
7 15
7 21
7 25
7 26
7 27
7 31
7 32
7 34
7 38
7 39
7 42
7 43
7 44
7 47
8 2
8 4
8 5
8 6
8 10
8 11
8 15
8 16
8 20
8 21
8 22
8 25
8 26
8 27
8 31
8 32
8 37
8 38
8 39
8 40
8 45
9 1
9 2
9 4
9 5
9 8
9 9
9 11
9 15
9 16
9 20
9 22
9 23
9 24
9 25
9 26
9 29
9 30
9 33
9 34
9 36
9 37
9 41
9 45
9 46
9 47
10 1
10 2
10 3
10 7
10 9
10 13
10 14
10 15
10 16
10 17
10 19
10 21
10 26
10 30
10 38
10 41
10 42
10 44
10 46
10 47
11 2
11 3
11 6
11 9
11 10
11 11
11 17
11 18
11 19
11 20
11 21
11 26
11 28
11 29
11 32
11 33
11 35
11 37
11 38
11 44
11 45
11 47
11 48
12 1
12 2
12 6
12 7
12 8
12 12
12 13
12 17
12 18
12 19
12 23
12 24
12 25
12 31
12 40
12 41
12 46
12 47
13 1
13 2
13 6
13 7
13 8
13 16
13 18
13 21
13 25
13 26
13 27
13 28
13 31
13 32
13 33
13 37
13 40
13 42
13 44
13 45
13 48
14 2
14 4
14 6
14 8
14 12
14 13
14 14
14 15
14 16
14 18
14 21
14 25
14 26
14 27
14 28
14 30
14 32
14 33
14 38
14 40
14 41
14 43
14 44
14 45
14 46
14 48
15 1
15 6
15 7
15 9
15 12
15 13
15 14
15 15
15 18
15 20
15 24
15 25
15 27
15 30
15 31
15 32
15 34
15 35
15 36
15 44
16 1
16 2
16 3
16 4
16 7
16 8
16 10
16 12
16 13
16 14
16 15
16 16
16 18
16 24
16 25
16 26
16 27
16 28
16 29
16 31
16 33
16 35
16 37
16 40
16 42
16 43
16 45
16 48
17 2
17 3
17 5
17 6
17 7
17 8
17 9
17 10
17 13
17 15
17 16
17 17
17 18
17 21
17 22
17 23
17 25
17 30
17 31
17 32
17 34
17 35
17 38
17 40
17 41
17 42
17 44
17 46
17 48
18 3
18 4
18 6
18 9
18 11
18 13
18 15
18 16
18 22
18 23
18 27
18 28
18 29
18 31
18 34
18 35
18 36
18 39
18 43
18 45
18 46
18 48
19 2
19 4
19 5
19 10
19 15
19 16
19 17
19 18
19 21
19 22
19 23
19 24
19 26
19 29
19 33
19 38
19 39
19 40
19 41
19 43
19 48
20 2
20 5
20 6
20 7
20 10
20 12
20 15
20 18
20 20
20 21
20 24
20 25
20 27
20 28
20 33
20 34
20 37
20 39
20 40
20 41
20 42
20 45
20 47
20 48
21 2
21 3
21 4
21 5
21 7
21 11
21 14
21 18
21 20
21 21
21 27
21 30
21 33
21 34
21 36
21 38
21 40
21 42
21 43
21 46
21 47
21 48
22 1
22 4
22 5
22 8
22 10
22 12
22 14
22 15
22 16
22 17
22 18
22 19
22 20
22 21
22 22
22 23
22 25
22 26
22 27
22 30
22 32
22 35
22 39
22 40
22 41
22 45
22 46
23 1
23 3
23 8
23 11
23 13
23 14
23 15
23 16
23 17
23 18
23 19
23 20
23 21
23 23
23 25
23 26
23 27
23 28
23 30
23 32
23 33
23 34
23 35
23 41
23 44
24 1
24 2
24 3
24 4
24 7
24 9
24 10
24 12
24 13
24 14
24 15
24 16
24 17
24 20
24 23
24 24
24 26
24 29
24 31
24 33
24 36
24 37
24 39
24 44
24 45
24 46
24 48
25 1
25 2
25 4
25 6
25 7
25 10
25 11
25 14
25 19
25 21
25 23
25 27
25 29
25 30
25 32
25 33
25 34
25 37
25 39
25 40
25 43
25 47
25 48
26 1
26 2
26 3
26 5
26 6
26 11
26 14
26 15
26 17
26 18
26 20
26 21
26 27
26 28
26 30
26 31
26 33
26 35
26 37
26 41
26 42
26 43
26 44
26 45
27 1
27 2
27 4
27 5
27 6
27 7
27 8
27 11
27 15
27 17
27 19
27 23
27 26
27 28
27 29
27 30
27 31
27 32
27 33
27 34
27 36
27 37
27 44
27 45
27 48
28 1
28 2
28 4
28 5
28 6
28 7
28 11
28 12
28 13
28 14
28 15
28 16
28 18
28 20
28 21
28 22
28 25
28 26
28 27
28 30
28 31
28 33
28 37
28 38
28 39
28 42
28 44
28 45
28 47
28 48
29 2
29 5
29 6
29 7
29 8
29 11
29 12
29 14
29 16
29 17
29 18
29 22
29 23
29 24
29 25
29 26
29 28
29 29
29 32
29 33
29 43
29 46
30 6
30 7
30 9
30 11
30 12
30 14
30 16
30 17
30 21
30 26
30 29
30 33
30 34
30 38
30 39
30 43
30 47
31 6
31 7
31 9
31 10
31 12
31 13
31 15
31 17
31 18
31 19
31 20
31 21
31 22
31 24
31 26
31 29
31 33
31 35
31 36
31 37
31 38
31 39
31 40
31 43
31 44
31 45
31 47
31 48
32 3
32 4
32 5
32 6
32 7
32 9
32 12
32 15
32 16
32 17
32 18
32 19
32 20
32 21
32 23
32 24
32 25
32 26
32 27
32 30
32 32
32 35
32 37
32 38
32 40
32 41
32 42
32 43
32 44
32 46
32 47
33 5
33 6
33 10
33 13
33 17
33 19
33 20
33 22
33 23
33 24
33 25
33 27
33 28
33 30
33 31
33 32
33 36
33 39
33 40
33 41
33 42
33 43
33 45
33 46
33 48
34 2
34 3
34 4
34 6
34 8
34 9
34 11
34 13
34 14
34 15
34 17
34 19
34 21
34 24
34 25
34 27
34 28
34 29
34 30
34 36
34 38
34 39
34 40
34 42
34 43
34 46
34 47
35 1
35 3
35 4
35 5
35 7
35 11
35 12
35 13
35 16
35 19
35 23
35 25
35 26
35 31
35 32
35 35
35 36
35 38
35 39
35 40
35 41
35 45
35 46
35 48
36 2
36 3
36 7
36 11
36 12
36 13
36 14
36 15
36 17
36 18
36 19
36 21
36 24
36 27
36 29
36 30
36 31
36 32
36 35
36 36
36 37
36 39
36 40
36 42
36 44
36 47
37 1
37 2
37 7
37 9
37 10
37 12
37 17
37 21
37 24
37 25
37 28
37 30
37 31
37 32
37 33
37 40
37 45
37 47
37 48
38 2
38 3
38 4
38 5
38 6
38 7
38 9
38 17
38 19
38 21
38 22
38 25
38 26
38 27
38 28
38 29
38 30
38 31
38 34
38 35
38 37
38 41
38 42
38 44
38 45
38 48
39 2
39 3
39 4
39 5
39 6
39 7
39 9
39 11
39 12
39 15
39 19
39 20
39 21
39 30
39 35
39 36
39 38
39 39
39 42
39 45
39 46
39 48
40 3
40 5
40 7
40 8
40 9
40 12
40 14
40 15
40 16
40 17
40 19
40 22
40 23
40 27
40 34
40 36
40 37
40 40
40 41
40 42
40 43
40 48
41 2
41 5
41 6
41 7
41 10
41 14
41 16
41 19
41 20
41 23
41 26
41 27
41 28
41 30
41 34
41 42
41 43
41 45
41 48
42 3
42 4
42 6
42 7
42 8
42 10
42 11
42 14
42 17
42 18
42 23
42 26
42 28
42 33
42 34
42 39
42 41
42 42
42 43
42 46
42 47
42 48
43 5
43 7
43 9
43 10
43 11
43 17
43 18
43 21
43 25
43 26
43 28
43 29
43 30
43 33
43 34
43 35
43 36
43 37
43 39
43 40
43 44
43 46
43 48
44 5
44 8
44 9
44 10
44 11
44 12
44 14
44 15
44 16
44 17
44 18
44 20
44 21
44 23
44 24
44 25
44 26
44 35
44 37
44 38
44 40
44 41
44 42
44 44
44 45
45 4
45 5
45 7
45 10
45 11
45 12
45 13
45 14
45 15
45 16
45 17
45 18
45 19
45 21
45 22
45 24
45 25
45 27
45 28
45 37
45 38
45 43
45 46
46 2
46 3
46 6
46 7
46 8
46 9
46 13
46 14
46 18
46 19
46 20
46 21
46 22
46 23
46 26
46 28
46 33
46 34
46 35
46 36
46 37
46 39
46 42
46 43
46 45
46 47
47 1
47 3
47 6
47 8
47 10
47 12
47 13
47 16
47 20
47 21
47 22
47 26
47 27
47 29
47 30
47 33
47 34
47 35
47 38
47 43
47 47
48 2
48 3
48 4
48 21
48 24
48 25
48 27
48 28
48 31
48 32
48 34
48 36
48 37
48 39
48 42
48 43
48 44
48 45
48 47
48 48
49 1
49 2
49 3
49 4
49 5
49 6
49 12
49 15
49 16
49 19
49 21
49 22
49 23
49 24
49 26
49 27
49 28
49 30
49 36
49 38
49 40
49 41
49 43
49 46
49 48
50 1
50 2
50 4
50 9
50 10
50 11
50 13
50 14
50 18
50 20
50 22
50 25
50 29
50 30
50 32
50 33
50 38
50 39
50 40
50 41
50 44
50 45
51 6
51 7
51 10
51 12
51 13
51 14
51 15
51 18
51 20
51 21
51 24
51 25
51 28
51 29
51 30
51 40
51 43
51 44
51 45
51 46
51 47
51 48
52 1
52 2
52 5
52 11
52 12
52 13
52 15
52 16
52 18
52 20
52 22
52 23
52 25
52 27
52 31
52 32
52 33
52 36
52 37
52 39
52 41
52 42
52 45
53 1
53 2
53 11
53 13
53 15
53 16
53 19
53 20
53 21
53 25
53 26
53 30
53 31
53 32
53 34
53 35
53 38
53 40
53 43
53 45
53 48
54 1
54 2
54 4
54 5
54 9
54 11
54 13
54 14
54 15
54 16
54 19
54 20
54 23
54 26
54 27
54 28
54 30
54 31
54 33
54 36
54 38
54 39
54 41
54 42
54 43
54 45
54 48
55 2
55 3
55 4
55 9
55 10
55 11
55 12
55 13
55 14
55 19
55 20
55 21
55 22
55 24
55 25
55 27
55 28
55 31
55 37
55 38
55 40
55 42
55 45
55 46
55 47
55 48
56 3
56 4
56 5
56 10
56 11
56 13
56 15
56 17
56 20
56 24
56 25
56 27
56 28
56 30
56 33
56 34
56 36
56 37
56 38
56 40
56 41
56 42
56 43
56 44
57 1
57 2
57 5
57 7
57 8
57 11
57 13
57 14
57 18
57 19
57 23
57 24
57 30
57 32
57 34
57 35
57 36
57 41
57 42
57 43
57 44
57 47
58 1
58 3
58 7
58 8
58 9
58 11
58 13
58 14
58 19
58 21
58 22
58 24
58 26
58 27
58 30
58 33
58 34
58 37
58 38
58 39
58 40
58 43
58 45
58 46
59 1
59 6
59 9
59 10
59 14
59 15
59 16
59 19
59 21
59 23
59 24
59 25
59 26
59 30
59 31
59 32
59 34
59 36
59 37
59 40
59 41
59 43
59 44
59 46
59 48
60 1
60 3
60 7
60 8
60 10
60 11
60 12
60 18
60 19
60 20
60 21
60 23
60 25
60 26
60 28
60 31
60 33
60 36
60 37
60 39
60 40
60 43
60 44
60 46
60 47
60 48
