180 144 13258 24
1 2
1 3
1 5
1 6
1 8
1 9
1 10
1 12
1 13
1 14
1 16
1 18
1 19
1 20
1 21
1 22
1 24
1 25
1 26
1 28
1 29
1 30
1 31
1 33
1 34
1 36
1 38
1 40
1 43
1 46
1 47
1 49
1 50
1 53
1 56
1 59
1 60
1 63
1 64
1 65
1 66
1 67
1 68
1 69
1 70
1 71
1 73
1 74
1 75
1 78
1 80
1 81
1 87
1 88
1 90
1 91
1 92
1 93
1 94
1 95
1 97
1 98
1 100
1 102
1 105
1 106
1 109
1 111
1 112
1 115
1 116
1 117
1 118
1 120
1 121
1 123
1 126
1 128
1 129
1 131
1 135
1 138
1 139
1 140
1 141
1 144
2 1
2 3
2 4
2 6
2 11
2 14
2 15
2 16
2 17
2 19
2 21
2 23
2 24
2 25
2 26
2 27
2 29
2 30
2 32
2 35
2 38
2 45
2 46
2 47
2 49
2 50
2 55
2 57
2 58
2 59
2 60
2 64
2 65
2 67
2 69
2 70
2 71
2 72
2 73
2 75
2 76
2 80
2 82
2 83
2 84
2 85
2 86
2 89
2 90
2 92
2 94
2 95
2 99
2 100
2 101
2 103
2 105
2 106
2 107
2 108
2 110
2 111
2 112
2 113
2 114
2 120
2 121
2 122
2 123
2 125
2 126
2 128
2 130
2 131
2 134
2 135
2 138
2 140
2 141
2 142
3 1
3 2
3 6
3 9
3 10
3 14
3 15
3 17
3 20
3 21
3 26
3 27
3 32
3 35
3 36
3 38
3 43
3 44
3 47
3 51
3 52
3 54
3 55
3 57
3 58
3 59
3 60
3 63
3 64
3 68
3 70
3 71
3 72
3 75
3 76
3 77
3 79
3 84
3 86
3 88
3 92
3 93
3 95
3 98
3 99
3 105
3 107
3 108
3 109
3 111
3 112
3 117
3 118
3 119
3 120
3 121
3 122
3 125
3 128
3 129
3 131
3 133
3 134
3 135
3 137
3 141
3 142
3 143
4 2
4 3
4 4
4 5
4 7
4 9
4 15
4 19
4 20
4 21
4 27
4 28
4 30
4 33
4 40
4 42
4 44
4 46
4 47
4 50
4 51
4 57
4 59
4 60
4 63
4 65
4 66
4 68
4 69
4 72
4 73
4 76
4 78
4 80
4 81
4 83
4 85
4 86
4 88
4 90
4 92
4 93
4 95
4 96
4 98
4 101
4 102
4 103
4 108
4 109
4 110
4 112
4 113
4 114
4 118
4 121
4 137
4 138
4 141
4 142
4 143
4 144
5 1
5 2
5 4
5 6
5 7
5 8
5 14
5 16
5 18
5 19
5 21
5 25
5 26
5 27
5 28
5 29
5 30
5 31
5 33
5 40
5 42
5 44
5 45
5 47
5 48
5 49
5 50
5 52
5 54
5 55
5 56
5 60
5 61
5 64
5 68
5 72
5 77
5 78
5 80
5 81
5 82
5 86
5 87
5 88
5 89
5 91
5 93
5 94
5 96
5 99
5 101
5 102
5 103
5 107
5 109
5 110
5 114
5 116
5 119
5 120
5 123
5 124
5 126
5 127
5 128
5 130
5 131
5 132
5 133
5 134
5 137
5 139
5 141
5 143
6 1
6 2
6 4
6 7
6 8
6 10
6 11
6 12
6 13
6 14
6 15
6 16
6 18
6 24
6 25
6 26
6 27
6 28
6 30
6 31
6 36
6 37
6 40
6 43
6 45
6 47
6 48
6 50
6 51
6 53
6 54
6 55
6 58
6 61
6 63
6 64
6 65
6 66
6 68
6 69
6 71
6 73
6 79
6 82
6 83
6 84
6 86
6 88
6 89
6 90
6 94
6 99
6 102
6 103
6 105
6 106
6 109
6 112
6 115
6 116
6 117
6 119
6 123
6 124
6 125
6 127
6 128
6 129
6 130
6 131
6 133
6 135
6 137
6 139
6 141
6 144
7 1
7 2
7 3
7 4
7 5
7 8
7 15
7 18
7 20
7 21
7 22
7 23
7 24
7 26
7 28
7 29
7 33
7 34
7 35
7 36
7 37
7 39
7 41
7 43
7 47
7 48
7 49
7 51
7 53
7 54
7 59
7 60
7 63
7 64
7 66
7 68
7 69
7 70
7 72
7 75
7 77
7 81
7 82
7 89
7 90
7 91
7 93
7 95
7 96
7 98
7 99
7 100
7 101
7 103
7 106
7 108
7 110
7 111
7 114
7 116
7 123
7 127
7 128
7 129
7 131
7 132
7 134
7 136
7 137
7 138
7 140
7 142
7 143
7 144
8 1
8 4
8 5
8 9
8 10
8 12
8 14
8 16
8 20
8 22
8 23
8 27
8 28
8 30
8 32
8 33
8 35
8 39
8 40
8 41
8 44
8 45
8 46
8 51
8 52
8 59
8 61
8 62
8 63
8 64
8 65
8 66
8 67
8 68
8 69
8 71
8 72
8 75
8 76
8 78
8 80
8 81
8 83
8 85
8 86
8 89
8 91
8 92
8 98
8 100
8 101
8 103
8 105
8 106
8 109
8 111
8 112
8 116
8 122
8 123
8 125
8 127
8 129
8 130
8 132
8 134
8 135
8 139
8 140
8 141
8 142
8 143
8 144
9 1
9 2
9 4
9 5
9 7
9 11
9 12
9 14
9 17
9 18
9 19
9 23
9 24
9 25
9 27
9 32
9 33
9 34
9 35
9 37
9 38
9 39
9 40
9 43
9 47
9 48
9 49
9 50
9 51
9 53
9 54
9 56
9 59
9 60
9 62
9 63
9 65
9 66
9 69
9 76
9 78
9 79
9 80
9 81
9 85
9 87
9 88
9 89
9 90
9 91
9 93
9 96
9 98
9 99
9 101
9 103
9 106
9 107
9 109
9 111
9 114
9 115
9 117
9 122
9 124
9 125
9 126
9 127
9 130
9 131
9 133
9 134
9 135
9 136
9 140
9 141
9 142
9 144
10 1
10 2
10 6
10 7
10 9
10 11
10 12
10 13
10 14
10 18
10 20
10 21
10 24
10 25
10 30
10 32
10 33
10 38
10 39
10 40
10 44
10 45
10 47
10 50
10 53
10 54
10 55
10 57
10 59
10 60
10 61
10 62
10 65
10 70
10 71
10 72
10 73
10 74
10 76
10 78
10 80
10 81
10 85
10 89
10 91
10 93
10 95
10 103
10 105
10 107
10 108
10 113
10 115
10 117
10 118
10 119
10 122
10 125
10 126
10 129
10 130
10 132
10 137
10 141
10 143
10 144
11 3
11 6
11 7
11 9
11 10
11 12
11 13
11 15
11 17
11 18
11 19
11 20
11 21
11 22
11 23
11 24
11 28
11 32
11 33
11 34
11 36
11 37
11 38
11 39
11 40
11 43
11 45
11 47
11 48
11 49
11 51
11 53
11 54
11 55
11 56
11 57
11 60
11 62
11 64
11 65
11 66
11 67
11 68
11 71
11 72
11 73
11 74
11 75
11 78
11 80
11 85
11 86
11 87
11 88
11 89
11 90
11 91
11 93
11 94
11 95
11 98
11 101
11 102
11 103
11 105
11 109
11 112
11 113
11 115
11 120
11 121
11 123
11 132
11 134
11 135
11 137
11 139
11 142
11 143
11 144
12 1
12 2
12 3
12 7
12 10
12 11
12 14
12 17
12 19
12 21
12 22
12 23
12 24
12 27
12 28
12 29
12 30
12 32
12 35
12 36
12 38
12 39
12 41
12 42
12 43
12 45
12 47
12 50
12 51
12 52
12 53
12 55
12 56
12 58
12 60
12 62
12 64
12 65
12 67
12 69
12 71
12 72
12 74
12 75
12 80
12 83
12 84
12 86
12 87
12 88
12 89
12 93
12 94
12 96
12 98
12 99
12 100
12 104
12 106
12 107
12 108
12 109
12 110
12 111
12 113
12 114
12 115
12 116
12 117
12 122
12 123
12 125
12 126
12 127
12 128
12 129
12 131
12 133
12 135
12 136
12 138
12 140
12 143
12 144
13 1
13 2
13 3
13 5
13 6
13 7
13 8
13 10
13 12
13 13
13 15
13 16
13 17
13 20
13 21
13 23
13 24
13 30
13 31
13 34
13 37
13 40
13 42
13 44
13 45
13 47
13 48
13 50
13 51
13 53
13 54
13 55
13 57
13 58
13 60
13 61
13 64
13 65
13 67
13 69
13 70
13 72
13 73
13 80
13 82
13 83
13 84
13 85
13 88
13 89
13 90
13 91
13 92
13 93
13 94
13 95
13 99
13 100
13 102
13 103
13 105
13 107
13 108
13 110
13 115
13 116
13 117
13 119
13 121
13 122
13 126
13 129
13 130
13 132
13 134
13 135
13 136
13 138
13 141
13 144
14 4
14 5
14 7
14 8
14 9
14 13
14 14
14 16
14 18
14 19
14 22
14 23
14 24
14 25
14 27
14 28
14 34
14 36
14 37
14 39
14 42
14 43
14 45
14 48
14 50
14 53
14 54
14 56
14 58
14 61
14 62
14 64
14 68
14 70
14 73
14 74
14 75
14 78
14 81
14 82
14 89
14 90
14 91
14 92
14 96
14 98
14 102
14 105
14 106
14 107
14 108
14 110
14 113
14 117
14 118
14 120
14 122
14 124
14 129
14 132
14 134
14 135
14 137
14 138
14 139
14 141
14 142
14 143
15 7
15 9
15 10
15 11
15 15
15 17
15 18
15 21
15 22
15 25
15 29
15 30
15 31
15 32
15 33
15 34
15 35
15 37
15 38
15 40
15 43
15 44
15 46
15 48
15 53
15 55
15 56
15 57
15 58
15 59
15 60
15 61
15 62
15 63
15 64
15 67
15 68
15 70
15 71
15 72
15 73
15 76
15 77
15 80
15 81
15 83
15 84
15 88
15 89
15 90
15 91
15 92
15 93
15 99
15 101
15 105
15 107
15 109
15 110
15 111
15 112
15 114
15 120
15 121
15 122
15 128
15 131
15 133
15 135
15 139
15 140
15 142
16 2
16 3
16 4
16 6
16 7
16 9
16 14
16 18
16 19
16 20
16 21
16 22
16 23
16 25
16 26
16 27
16 28
16 31
16 33
16 34
16 35
16 38
16 39
16 41
16 42
16 45
16 47
16 51
16 54
16 55
16 56
16 58
16 59
16 60
16 61
16 64
16 68
16 69
16 70
16 71
16 72
16 74
16 75
16 77
16 78
16 79
16 82
16 83
16 86
16 87
16 88
16 89
16 90
16 91
16 93
16 95
16 99
16 100
16 106
16 108
16 110
16 114
16 117
16 119
16 120
16 121
16 122
16 123
16 125
16 128
16 130
16 132
16 133
16 134
16 135
16 136
16 140
16 141
16 143
17 1
17 3
17 4
17 5
17 6
17 11
17 12
17 14
17 17
17 19
17 21
17 22
17 23
17 24
17 26
17 28
17 29
17 30
17 31
17 32
17 34
17 35
17 36
17 37
17 38
17 44
17 45
17 46
17 51
17 52
17 53
17 58
17 59
17 62
17 66
17 67
17 72
17 73
17 77
17 78
17 80
17 81
17 86
17 87
17 88
17 89
17 91
17 92
17 96
17 101
17 102
17 103
17 105
17 106
17 110
17 111
17 116
17 117
17 120
17 125
17 126
17 130
17 133
17 139
17 140
17 143
18 1
18 2
18 6
18 10
18 11
18 13
18 15
18 16
18 17
18 18
18 20
18 21
18 22
18 25
18 27
18 28
18 30
18 31
18 32
18 33
18 35
18 36
18 39
18 41
18 42
18 45
18 48
18 49
18 50
18 55
18 59
18 61
18 63
18 64
18 65
18 67
18 68
18 69
18 71
18 74
18 76
18 77
18 78
18 79
18 80
18 81
18 83
18 85
18 86
18 91
18 95
18 97
18 101
18 105
18 107
18 109
18 111
18 112
18 113
18 116
18 118
18 121
18 122
18 123
18 124
18 125
18 127
18 132
18 134
18 135
18 137
18 138
18 139
18 141
18 142
18 144
19 2
19 4
19 9
19 10
19 13
19 14
19 19
19 21
19 26
19 27
19 31
19 37
19 38
19 42
19 46
19 48
19 52
19 55
19 58
19 59
19 61
19 62
19 65
19 66
19 72
19 73
19 75
19 76
19 77
19 79
19 81
19 82
19 84
19 85
19 86
19 88
19 89
19 90
19 91
19 92
19 93
19 98
19 101
19 105
19 107
19 108
19 109
19 110
19 111
19 115
19 116
19 117
19 119
19 122
19 124
19 126
19 128
19 130
19 132
19 139
19 140
19 143
19 144
20 1
20 6
20 8
20 9
20 11
20 12
20 18
20 19
20 22
20 24
20 25
20 26
20 27
20 30
20 33
20 34
20 40
20 43
20 45
20 46
20 47
20 49
20 54
20 55
20 56
20 57
20 58
20 59
20 62
20 63
20 66
20 69
20 70
20 71
20 72
20 73
20 74
20 77
20 79
20 80
20 84
20 85
20 87
20 88
20 91
20 92
20 95
20 97
20 98
20 101
20 103
20 104
20 106
20 107
20 108
20 109
20 113
20 115
20 116
20 117
20 118
20 119
20 120
20 122
20 125
20 129
20 130
20 132
20 133
20 135
20 136
20 138
20 139
20 140
20 143
20 144
21 1
21 3
21 5
21 6
21 7
21 9
21 11
21 14
21 17
21 18
21 19
21 20
21 22
21 25
21 26
21 27
21 28
21 33
21 34
21 35
21 38
21 40
21 41
21 43
21 44
21 46
21 48
21 50
21 51
21 52
21 54
21 56
21 57
21 59
21 65
21 66
21 71
21 73
21 74
21 75
21 76
21 77
21 81
21 84
21 85
21 88
21 90
21 91
21 96
21 100
21 102
21 104
21 106
21 107
21 108
21 110
21 111
21 112
21 113
21 115
21 117
21 118
21 119
21 120
21 123
21 124
21 126
21 127
21 128
21 129
21 130
21 134
21 137
21 138
21 140
21 141
21 142
21 144
22 3
22 4
22 5
22 6
22 8
22 10
22 11
22 12
22 13
22 14
22 17
22 20
22 21
22 26
22 27
22 29
22 32
22 33
22 36
22 37
22 42
22 45
22 49
22 51
22 54
22 55
22 56
22 58
22 63
22 64
22 65
22 66
22 68
22 69
22 71
22 72
22 74
22 76
22 79
22 80
22 81
22 82
22 83
22 84
22 86
22 87
22 88
22 89
22 90
22 94
22 95
22 96
22 97
22 98
22 101
22 103
22 105
22 110
22 114
22 115
22 116
22 117
22 121
22 122
22 124
22 127
22 129
22 130
22 131
22 133
22 134
22 137
22 138
22 139
22 141
22 142
23 2
23 3
23 8
23 9
23 11
23 14
23 17
23 20
23 21
23 22
23 23
23 25
23 26
23 28
23 29
23 30
23 33
23 35
23 39
23 40
23 45
23 46
23 48
23 51
23 52
23 60
23 61
23 63
23 69
23 71
23 72
23 74
23 75
23 76
23 78
23 82
23 84
23 85
23 87
23 88
23 89
23 93
23 94
23 95
23 98
23 99
23 102
23 104
23 105
23 106
23 109
23 114
23 115
23 116
23 119
23 123
23 125
23 126
23 127
23 128
23 131
23 133
23 135
23 136
23 137
23 141
24 2
24 6
24 7
24 12
24 15
24 16
24 18
24 20
24 21
24 22
24 26
24 31
24 37
24 38
24 39
24 40
24 42
24 43
24 46
24 49
24 50
24 53
24 56
24 57
24 60
24 61
24 63
24 64
24 66
24 69
24 70
24 71
24 75
24 76
24 79
24 84
24 85
24 87
24 92
24 93
24 94
24 97
24 99
24 100
24 103
24 104
24 105
24 106
24 107
24 112
24 116
24 117
24 118
24 119
24 120
24 121
24 122
24 123
24 127
24 128
24 131
24 133
24 134
24 136
24 137
24 138
24 140
24 142
24 143
24 144
25 1
25 2
25 3
25 8
25 10
25 11
25 13
25 14
25 17
25 19
25 20
25 22
25 24
25 25
25 27
25 28
25 33
25 34
25 35
25 37
25 38
25 40
25 41
25 43
25 45
25 49
25 50
25 53
25 57
25 59
25 60
25 62
25 63
25 66
25 69
25 70
25 73
25 74
25 77
25 80
25 81
25 82
25 83
25 84
25 85
25 86
25 88
25 90
25 92
25 93
25 96
25 97
25 99
25 100
25 104
25 108
25 113
25 115
25 116
25 117
25 118
25 119
25 122
25 123
25 124
25 125
25 127
25 128
25 130
25 132
25 133
25 135
25 137
25 138
26 2
26 4
26 8
26 10
26 11
26 13
26 14
26 18
26 28
26 29
26 30
26 31
26 33
26 34
26 39
26 40
26 42
26 43
26 44
26 45
26 46
26 47
26 48
26 49
26 56
26 59
26 60
26 65
26 66
26 70
26 76
26 78
26 79
26 80
26 86
26 88
26 90
26 93
26 95
26 96
26 97
26 98
26 102
26 103
26 104
26 106
26 110
26 114
26 115
26 116
26 117
26 118
26 122
26 124
26 127
26 130
26 131
26 133
26 134
26 135
26 136
26 137
26 140
26 143
27 1
27 2
27 3
27 4
27 5
27 6
27 8
27 10
27 12
27 15
27 17
27 20
27 21
27 23
27 24
27 25
27 27
27 31
27 33
27 34
27 35
27 37
27 41
27 43
27 47
27 48
27 49
27 51
27 52
27 53
27 54
27 56
27 57
27 61
27 62
27 65
27 66
27 68
27 71
27 73
27 74
27 75
27 77
27 79
27 80
27 81
27 83
27 87
27 88
27 89
27 90
27 92
27 93
27 94
27 95
27 96
27 97
27 98
27 100
27 104
27 105
27 109
27 112
27 113
27 115
27 118
27 119
27 123
27 125
27 126
27 127
27 128
27 137
27 138
27 140
27 141
27 142
27 143
28 2
28 3
28 4
28 7
28 8
28 9
28 12
28 13
28 14
28 15
28 16
28 20
28 21
28 22
28 23
28 24
28 26
28 31
28 33
28 34
28 35
28 36
28 37
28 38
28 39
28 40
28 42
28 43
28 44
28 46
28 47
28 48
28 49
28 50
28 55
28 56
28 57
28 59
28 60
28 61
28 62
28 65
28 67
28 69
28 70
28 71
28 72
28 73
28 77
28 79
28 82
28 84
28 87
28 92
28 93
28 94
28 95
28 96
28 97
28 99
28 100
28 103
28 104
28 107
28 108
28 109
28 111
28 112
28 114
28 115
28 118
28 119
28 120
28 123
28 124
28 127
28 128
28 132
28 136
28 137
28 139
28 142
28 143
29 1
29 2
29 4
29 5
29 7
29 8
29 9
29 10
29 11
29 13
29 14
29 15
29 16
29 18
29 19
29 22
29 23
29 24
29 26
29 27
29 30
29 31
29 32
29 34
29 35
29 37
29 43
29 45
29 47
29 48
29 49
29 51
29 52
29 54
29 60
29 62
29 63
29 65
29 67
29 70
29 71
29 73
29 74
29 75
29 76
29 77
29 78
29 80
29 81
29 82
29 83
29 84
29 87
29 88
29 90
29 91
29 94
29 95
29 97
29 98
29 99
29 102
29 105
29 106
29 108
29 109
29 110
29 111
29 114
29 115
29 116
29 117
29 118
29 121
29 122
29 123
29 124
29 130
29 131
29 132
29 135
29 137
29 139
29 140
29 144
30 6
30 7
30 10
30 11
30 14
30 17
30 18
30 22
30 23
30 24
30 29
30 30
30 32
30 36
30 38
30 48
30 51
30 53
30 54
30 57
30 58
30 60
30 62
30 63
30 65
30 69
30 70
30 71
30 72
30 76
30 81
30 84
30 87
30 89
30 94
30 96
30 98
30 104
30 107
30 108
30 109
30 113
30 114
30 115
30 119
30 122
30 123
30 127
30 130
30 131
30 132
30 133
30 137
30 144
31 1
31 2
31 5
31 6
31 7
31 8
31 10
31 13
31 14
31 16
31 18
31 19
31 21
31 23
31 24
31 26
31 31
31 32
31 33
31 34
31 35
31 39
31 40
31 41
31 43
31 47
31 49
31 52
31 53
31 57
31 58
31 59
31 64
31 65
31 70
31 72
31 73
31 76
31 78
31 79
31 81
31 83
31 84
31 86
31 88
31 90
31 91
31 94
31 95
31 96
31 97
31 98
31 101
31 102
31 103
31 104
31 107
31 115
31 116
31 119
31 121
31 124
31 125
31 128
31 130
31 132
31 135
31 137
31 138
31 139
31 140
31 141
31 142
32 3
32 7
32 10
32 12
32 13
32 16
32 17
32 18
32 19
32 21
32 25
32 28
32 29
32 30
32 38
32 39
32 40
32 45
32 46
32 47
32 48
32 49
32 50
32 51
32 52
32 55
32 58
32 59
32 65
32 66
32 67
32 68
32 70
32 71
32 72
32 73
32 74
32 75
32 77
32 78
32 80
32 81
32 82
32 83
32 85
32 90
32 91
32 92
32 95
32 101
32 102
32 103
32 105
32 107
32 108
32 110
32 111
32 112
32 113
32 114
32 115
32 116
32 117
32 119
32 123
32 124
32 125
32 126
32 129
32 131
32 132
32 133
32 134
32 136
32 138
32 140
33 1
33 2
33 5
33 6
33 8
33 10
33 11
33 13
33 15
33 16
33 17
33 19
33 20
33 21
33 24
33 28
33 29
33 31
33 33
33 35
33 36
33 39
33 40
33 41
33 44
33 45
33 46
33 47
33 49
33 53
33 54
33 55
33 59
33 65
33 68
33 69
33 72
33 73
33 77
33 80
33 81
33 82
33 83
33 85
33 87
33 89
33 92
33 93
33 94
33 98
33 99
33 100
33 101
33 102
33 105
33 108
33 110
33 111
33 112
33 113
33 114
33 115
33 117
33 118
33 123
33 125
33 130
33 133
33 134
33 135
33 138
33 141
33 144
34 4
34 8
34 11
34 13
34 14
34 19
34 20
34 21
34 22
34 23
34 25
34 28
34 32
34 35
34 36
34 39
34 42
34 44
34 45
34 47
34 48
34 51
34 54
34 55
34 59
34 62
34 63
34 64
34 65
34 67
34 68
34 69
34 70
34 71
34 72
34 75
34 76
34 77
34 79
34 82
34 83
34 84
34 86
34 89
34 91
34 95
34 96
34 100
34 103
34 104
34 105
34 108
34 109
34 110
34 111
34 112
34 113
34 114
34 115
34 116
34 118
34 120
34 123
34 125
34 129
34 133
34 134
34 135
34 136
34 137
34 138
34 143
34 144
35 1
35 2
35 3
35 4
35 5
35 6
35 7
35 8
35 10
35 15
35 17
35 18
35 19
35 21
35 23
35 25
35 27
35 29
35 30
35 35
35 37
35 44
35 45
35 47
35 50
35 55
35 56
35 57
35 61
35 62
35 65
35 66
35 72
35 73
35 74
35 75
35 79
35 80
35 81
35 82
35 88
35 89
35 90
35 91
35 92
35 93
35 95
35 96
35 98
35 99
35 100
35 101
35 102
35 103
35 106
35 107
35 110
35 111
35 112
35 114
35 115
35 116
35 119
35 120
35 121
35 122
35 124
35 127
35 131
35 135
35 136
35 137
35 138
35 140
35 142
35 143
35 144
36 8
36 11
36 12
36 15
36 17
36 18
36 19
36 21
36 23
36 28
36 29
36 30
36 31
36 32
36 33
36 36
36 37
36 38
36 42
36 44
36 45
36 46
36 53
36 54
36 55
36 56
36 57
36 58
36 62
36 64
36 65
36 67
36 69
36 71
36 73
36 76
36 77
36 79
36 80
36 82
36 85
36 91
36 92
36 96
36 97
36 99
36 100
36 102
36 103
36 109
36 110
36 111
36 112
36 113
36 114
36 115
36 116
36 119
36 120
36 121
36 122
36 125
36 126
36 132
36 133
36 136
36 138
36 139
36 140
36 141
36 142
36 144
37 1
37 4
37 5
37 6
37 7
37 10
37 11
37 14
37 15
37 16
37 18
37 22
37 23
37 24
37 25
37 26
37 27
37 28
37 29
37 31
37 33
37 35
37 38
37 39
37 41
37 43
37 50
37 53
37 55
37 57
37 59
37 61
37 64
37 66
37 67
37 68
37 69
37 70
37 71
37 74
37 77
37 78
37 79
37 82
37 83
37 85
37 90
37 91
37 92
37 93
37 94
37 97
37 98
37 103
37 105
37 106
37 108
37 112
37 113
37 114
37 119
37 124
37 132
37 134
37 135
37 137
37 138
37 139
37 141
37 142
37 143
38 2
38 3
38 7
38 8
38 12
38 14
38 15
38 16
38 17
38 18
38 21
38 25
38 26
38 27
38 29
38 30
38 31
38 32
38 33
38 36
38 37
38 40
38 42
38 44
38 45
38 48
38 49
38 50
38 52
38 53
38 54
38 57
38 60
38 61
38 65
38 68
38 69
38 70
38 77
38 78
38 79
38 80
38 82
38 83
38 84
38 87
38 88
38 90
38 91
38 94
38 96
38 102
38 103
38 104
38 105
38 111
38 114
38 115
38 116
38 117
38 118
38 121
38 123
38 126
38 129
38 132
38 134
38 140
38 142
38 143
38 144
39 1
39 2
39 3
39 4
39 6
39 7
39 9
39 10
39 11
39 12
39 13
39 14
39 15
39 16
39 18
39 20
39 21
39 22
39 23
39 26
39 27
39 28
39 32
39 34
39 35
39 36
39 41
39 45
39 46
39 47
39 48
39 51
39 52
39 54
39 56
39 61
39 63
39 65
39 70
39 73
39 75
39 76
39 77
39 78
39 84
39 85
39 86
39 88
39 90
39 91
39 92
39 96
39 101
39 102
39 107
39 109
39 110
39 112
39 113
39 115
39 117
39 118
39 119
39 120
39 121
39 122
39 124
39 125
39 127
39 130
39 132
39 135
39 136
39 137
39 138
39 141
39 144
40 1
40 3
40 4
40 6
40 8
40 9
40 11
40 13
40 18
40 20
40 21
40 22
40 24
40 26
40 27
40 29
40 30
40 31
40 32
40 33
40 36
40 38
40 39
40 42
40 43
40 44
40 47
40 48
40 49
40 50
40 52
40 53
40 54
40 55
40 59
40 61
40 62
40 63
40 65
40 72
40 73
40 75
40 76
40 78
40 82
40 85
40 86
40 87
40 88
40 90
40 91
40 93
40 94
40 95
40 96
40 97
40 99
40 100
40 101
40 104
40 105
40 106
40 108
40 111
40 116
40 117
40 118
40 119
40 120
40 122
40 125
40 126
40 127
40 128
40 133
40 135
40 139
40 140
40 142
41 2
41 3
41 4
41 5
41 7
41 9
41 10
41 11
41 13
41 14
41 15
41 18
41 20
41 22
41 23
41 25
41 27
41 28
41 29
41 34
41 35
41 38
41 41
41 43
41 45
41 47
41 50
41 51
41 52
41 53
41 55
41 56
41 61
41 62
41 63
41 64
41 65
41 68
41 70
41 72
41 73
41 74
41 76
41 79
41 81
41 84
41 88
41 90
41 91
41 92
41 93
41 95
41 96
41 97
41 101
41 102
41 103
41 104
41 106
41 107
41 108
41 109
41 110
41 112
41 113
41 114
41 117
41 118
41 119
41 121
41 122
41 123
41 125
41 127
41 128
41 130
41 133
41 136
41 138
41 141
42 1
42 3
42 6
42 7
42 12
42 14
42 16
42 17
42 20
42 22
42 23
42 24
42 28
42 29
42 30
42 31
42 34
42 40
42 43
42 45
42 46
42 50
42 52
42 55
42 58
42 62
42 63
42 64
42 69
42 70
42 71
42 74
42 78
42 79
42 82
42 84
42 87
42 89
42 91
42 92
42 97
42 98
42 99
42 104
42 105
42 106
42 107
42 108
42 110
42 118
42 120
42 121
42 122
42 125
42 126
42 128
42 129
42 131
42 133
42 137
42 140
42 142
42 144
43 1
43 2
43 5
43 10
43 11
43 14
43 16
43 17
43 19
43 20
43 21
43 22
43 24
43 26
43 29
43 31
43 32
43 33
43 37
43 41
43 43
43 45
43 48
43 49
43 51
43 58
43 61
43 62
43 65
43 69
43 71
43 72
43 75
43 76
43 80
43 81
43 82
43 84
43 85
43 88
43 89
43 90
43 91
43 92
43 93
43 95
43 96
43 100
43 103
43 108
43 109
43 110
43 111
43 112
43 113
43 115
43 119
43 121
43 123
43 127
43 128
43 129
43 130
43 131
43 132
43 133
43 134
43 135
43 136
43 137
43 141
43 144
44 1
44 2
44 3
44 4
44 5
44 6
44 7
44 9
44 12
44 14
44 15
44 16
44 20
44 21
44 22
44 24
44 26
44 27
44 28
44 29
44 30
44 31
44 32
44 34
44 36
44 39
44 40
44 41
44 42
44 43
44 44
44 45
44 46
44 48
44 49
44 52
44 53
44 56
44 58
44 62
44 63
44 69
44 76
44 80
44 81
44 82
44 83
44 84
44 88
44 89
44 90
44 95
44 96
44 99
44 103
44 104
44 107
44 108
44 109
44 111
44 120
44 122
44 127
44 128
44 131
44 132
44 133
44 135
44 140
44 141
45 2
45 4
45 5
45 6
45 9
45 10
45 15
45 16
45 17
45 20
45 26
45 27
45 31
45 32
45 33
45 35
45 36
45 38
45 40
45 42
45 49
45 50
45 51
45 52
45 58
45 60
45 62
45 63
45 67
45 68
45 70
45 71
45 73
45 76
45 77
45 78
45 81
45 82
45 85
45 94
45 95
45 101
45 104
45 105
45 107
45 110
45 111
45 114
45 115
45 116
45 122
45 124
45 126
45 127
45 128
45 129
45 131
45 135
45 141
45 143
46 1
46 2
46 4
46 5
46 6
46 7
46 8
46 10
46 11
46 12
46 17
46 18
46 21
46 22
46 24
46 29
46 30
46 32
46 33
46 34
46 36
46 37
46 38
46 39
46 42
46 44
46 45
46 46
46 47
46 48
46 49
46 51
46 53
46 54
46 55
46 56
46 58
46 59
46 62
46 63
46 65
46 66
46 67
46 68
46 69
46 70
46 71
46 72
46 73
46 74
46 75
46 76
46 77
46 83
46 84
46 85
46 87
46 88
46 89
46 90
46 91
46 94
46 97
46 98
46 99
46 101
46 104
46 107
46 109
46 110
46 112
46 114
46 117
46 125
46 126
46 130
46 132
46 136
46 140
46 141
46 142
46 143
46 144
47 4
47 5
47 6
47 10
47 11
47 13
47 14
47 18
47 20
47 22
47 32
47 37
47 40
47 41
47 43
47 44
47 45
47 46
47 49
47 51
47 52
47 53
47 54
47 55
47 58
47 60
47 62
47 63
47 64
47 65
47 66
47 70
47 76
47 77
47 82
47 85
47 86
47 87
47 89
47 91
47 92
47 95
47 97
47 99
47 101
47 102
47 107
47 111
47 114
47 115
47 120
47 121
47 123
47 124
47 128
47 131
47 132
47 135
47 140
47 144
48 1
48 3
48 4
48 6
48 7
48 9
48 10
48 12
48 15
48 17
48 18
48 19
48 20
48 21
48 22
48 23
48 25
48 27
48 28
48 29
48 30
48 31
48 32
48 33
48 39
48 40
48 42
48 43
48 47
48 48
48 49
48 52
48 53
48 54
48 55
48 57
48 58
48 60
48 64
48 65
48 67
48 68
48 69
48 70
48 72
48 75
48 79
48 81
48 82
48 83
48 88
48 90
48 91
48 92
48 96
48 98
48 101
48 104
48 105
48 110
48 112
48 114
48 115
48 116
48 120
48 121
48 123
48 124
48 125
48 127
48 128
48 129
48 130
48 132
48 136
48 138
48 141
49 3
49 4
49 7
49 11
49 12
49 13
49 14
49 15
49 16
49 17
49 18
49 19
49 20
49 22
49 24
49 25
49 28
49 29
49 31
49 33
49 35
49 37
49 38
49 40
49 42
49 44
49 46
49 47
49 48
49 51
49 52
49 53
49 56
49 57
49 58
49 59
49 60
49 61
49 62
49 63
49 66
49 68
49 71
49 72
49 73
49 75
49 76
49 77
49 78
49 79
49 80
49 81
49 89
49 91
49 92
49 94
49 95
49 96
49 97
49 99
49 101
49 102
49 103
49 107
49 108
49 110
49 111
49 112
49 114
49 116
49 120
49 125
49 127
49 128
49 129
49 130
49 131
49 134
49 135
49 136
49 138
49 142
49 143
49 144
50 2
50 5
50 6
50 7
50 10
50 12
50 17
50 18
50 19
50 22
50 23
50 25
50 27
50 28
50 29
50 30
50 32
50 33
50 37
50 41
50 42
50 44
50 45
50 46
50 47
50 48
50 56
50 57
50 60
50 61
50 62
50 67
50 68
50 69
50 70
50 72
50 73
50 77
50 78
50 79
50 84
50 87
50 89
50 93
50 98
50 101
50 103
50 105
50 108
50 109
50 111
50 113
50 114
50 115
50 116
50 118
50 119
50 120
50 122
50 126
50 128
50 130
50 131
50 132
50 133
50 134
50 135
50 137
50 138
50 139
50 140
50 141
51 2
51 3
51 4
51 6
51 8
51 9
51 11
51 12
51 13
51 15
51 17
51 19
51 20
51 21
51 22
51 24
51 25
51 29
51 31
51 32
51 34
51 35
51 36
51 38
51 39
51 40
51 41
51 44
51 46
51 47
51 48
51 49
51 50
51 53
51 54
51 55
51 56
51 59
51 62
51 63
51 65
51 67
51 68
51 71
51 76
51 78
51 79
51 81
51 83
51 86
51 87
51 88
51 89
51 90
51 91
51 93
51 96
51 99
51 101
51 102
51 103
51 104
51 105
51 106
51 107
51 108
51 110
51 111
51 112
51 113
51 115
51 118
51 119
51 120
51 121
51 126
51 127
51 128
51 130
51 134
51 135
51 137
51 139
51 140
51 143
51 144
52 1
52 5
52 10
52 11
52 13
52 15
52 17
52 21
52 23
52 24
52 25
52 28
52 29
52 30
52 34
52 35
52 40
52 41
52 42
52 44
52 45
52 47
52 48
52 50
52 51
52 52
52 54
52 56
52 58
52 59
52 62
52 63
52 66
52 68
52 70
52 71
52 72
52 74
52 76
52 77
52 83
52 86
52 88
52 91
52 92
52 94
52 95
52 96
52 98
52 100
52 103
52 105
52 107
52 109
52 110
52 113
52 119
52 120
52 121
52 122
52 123
52 126
52 128
52 130
52 138
52 140
52 143
52 144
53 2
53 3
53 6
53 7
53 8
53 10
53 11
53 14
53 16
53 18
53 25
53 27
53 28
53 30
53 31
53 32
53 34
53 35
53 38
53 39
53 41
53 43
53 44
53 47
53 48
53 50
53 51
53 52
53 53
53 56
53 58
53 61
53 62
53 64
53 66
53 68
53 69
53 71
53 72
53 74
53 75
53 76
53 77
53 79
53 81
53 82
53 86
53 87
53 88
53 89
53 91
53 96
53 97
53 102
53 104
53 105
53 106
53 107
53 110
53 113
53 116
53 117
53 118
53 119
53 121
53 123
53 124
53 126
53 127
53 129
53 131
53 133
53 134
53 137
53 138
53 139
53 140
53 141
53 142
54 1
54 2
54 3
54 6
54 8
54 10
54 11
54 12
54 14
54 17
54 21
54 25
54 26
54 29
54 30
54 31
54 32
54 36
54 39
54 40
54 41
54 48
54 49
54 50
54 51
54 55
54 56
54 57
54 61
54 65
54 67
54 68
54 71
54 72
54 74
54 75
54 76
54 79
54 80
54 82
54 84
54 85
54 86
54 88
54 89
54 91
54 94
54 97
54 99
54 100
54 102
54 103
54 107
54 109
54 111
54 113
54 114
54 116
54 117
54 118
54 119
54 121
54 122
54 127
54 129
54 130
54 131
54 134
54 140
54 141
54 142
54 143
54 144
55 7
55 10
55 15
55 17
55 18
55 19
55 20
55 22
55 23
55 24
55 25
55 26
55 27
55 29
55 30
55 31
55 34
55 36
55 37
55 45
55 46
55 48
55 50
55 52
55 53
55 58
55 60
55 61
55 63
55 67
55 68
55 69
55 70
55 71
55 75
55 76
55 78
55 79
55 83
55 84
55 85
55 86
55 88
55 91
55 94
55 95
55 96
55 99
55 100
55 102
55 103
55 107
55 108
55 109
55 110
55 113
55 114
55 115
55 116
55 119
55 120
55 123
55 124
55 127
55 128
55 132
55 133
55 134
55 136
55 138
55 139
55 141
55 143
56 1
56 5
56 7
56 8
56 10
56 11
56 12
56 13
56 19
56 20
56 22
56 25
56 26
56 28
56 29
56 32
56 35
56 37
56 39
56 40
56 44
56 48
56 52
56 53
56 54
56 55
56 57
56 58
56 62
56 63
56 66
56 68
56 71
56 72
56 74
56 77
56 79
56 83
56 85
56 86
56 87
56 89
56 90
56 91
56 92
56 96
56 98
56 99
56 102
56 106
56 107
56 109
56 111
56 112
56 114
56 116
56 118
56 121
56 125
56 126
56 127
56 128
56 129
56 131
56 132
56 135
56 136
56 140
56 143
56 144
57 4
57 10
57 12
57 16
57 17
57 18
57 20
57 21
57 23
57 27
57 29
57 30
57 31
57 32
57 33
57 35
57 36
57 39
57 44
57 47
57 48
57 53
57 54
57 57
57 58
57 59
57 60
57 65
57 66
57 71
57 72
57 73
57 74
57 75
57 77
57 80
57 81
57 84
57 85
57 86
57 87
57 88
57 89
57 94
57 96
57 97
57 98
57 101
57 102
57 103
57 106
57 107
57 108
57 109
57 110
57 112
57 113
57 114
57 115
57 116
57 117
57 119
57 121
57 123
57 124
57 126
57 127
57 129
57 130
57 132
57 133
57 134
57 135
57 136
57 137
57 138
57 141
57 143
57 144
58 2
58 3
58 7
58 8
58 10
58 15
58 16
58 18
58 19
58 21
58 24
58 25
58 29
58 32
58 35
58 38
58 39
58 40
58 41
58 45
58 46
58 50
58 51
58 52
58 59
58 62
58 63
58 64
58 66
58 70
58 71
58 72
58 73
58 74
58 76
58 77
58 80
58 81
58 82
58 83
58 84
58 89
58 90
58 91
58 92
58 94
58 96
58 97
58 98
58 100
58 101
58 102
58 108
58 109
58 112
58 115
58 118
58 120
58 121
58 122
58 126
58 127
58 128
58 130
58 132
58 133
58 135
58 138
58 141
58 142
58 143
58 144
59 3
59 4
59 5
59 6
59 7
59 9
59 10
59 12
59 19
59 21
59 23
59 24
59 25
59 26
59 30
59 32
59 34
59 35
59 39
59 40
59 43
59 47
59 52
59 53
59 54
59 57
59 58
59 62
59 64
59 65
59 67
59 68
59 70
59 75
59 78
59 79
59 86
59 87
59 88
59 90
59 91
59 95
59 96
59 98
59 99
59 100
59 101
59 103
59 106
59 110
59 117
59 118
59 127
59 128
59 130
59 131
59 132
59 135
59 137
59 139
59 140
59 141
59 142
59 144
60 3
60 4
60 5
60 6
60 7
60 8
60 9
60 10
60 13
60 14
60 17
60 18
60 19
60 20
60 25
60 26
60 27
60 28
60 29
60 31
60 33
60 36
60 39
60 40
60 42
60 43
60 44
60 46
60 47
60 49
60 50
60 51
60 53
60 55
60 56
60 58
60 59
60 60
60 63
60 65
60 66
60 67
60 68
60 69
60 76
60 77
60 78
60 79
60 80
60 85
60 86
60 87
60 89
60 90
60 92
60 96
60 100
60 102
60 103
60 104
60 106
60 107
60 108
60 109
60 111
60 113
60 119
60 122
60 123
60 125
60 127
60 130
60 131
60 132
60 133
60 134
60 137
60 139
60 140
60 141
60 142
60 143
61 1
61 2
61 3
61 6
61 8
61 9
61 11
61 12
61 13
61 16
61 20
61 23
61 26
61 27
61 28
61 30
61 32
61 33
61 34
61 38
61 40
61 43
61 44
61 45
61 49
61 51
61 55
61 56
61 58
61 59
61 60
61 61
61 62
61 63
61 65
61 66
61 73
61 74
61 75
61 80
61 82
61 83
61 84
61 87
61 88
61 93
61 94
61 99
61 101
61 102
61 104
61 105
61 108
61 109
61 110
61 111
61 112
61 115
61 118
61 119
61 123
61 124
61 126
61 129
61 130
61 131
61 133
61 136
61 138
61 139
61 140
61 142
61 143
61 144
62 1
62 2
62 7
62 8
62 9
62 14
62 15
62 16
62 17
62 18
62 21
62 22
62 24
62 25
62 26
62 27
62 29
62 31
62 34
62 36
62 37
62 39
62 40
62 42
62 43
62 44
62 45
62 46
62 47
62 48
62 49
62 51
62 52
62 53
62 54
62 58
62 59
62 61
62 63
62 67
62 68
62 71
62 74
62 75
62 77
62 78
62 80
62 81
62 83
62 85
62 87
62 89
62 90
62 93
62 95
62 96
62 98
62 100
62 102
62 107
62 110
62 112
62 113
62 114
62 116
62 119
62 121
62 123
62 129
62 131
62 132
62 133
62 137
62 138
62 140
62 142
62 143
62 144
63 1
63 3
63 4
63 6
63 9
63 14
63 15
63 17
63 19
63 20
63 25
63 26
63 34
63 35
63 36
63 40
63 44
63 47
63 51
63 52
63 56
63 58
63 59
63 62
63 63
63 64
63 67
63 68
63 69
63 70
63 72
63 75
63 76
63 77
63 78
63 80
63 81
63 84
63 85
63 86
63 91
63 94
63 97
63 98
63 99
63 101
63 102
63 104
63 105
63 106
63 107
63 108
63 111
63 112
63 113
63 121
63 123
63 127
63 129
63 133
63 134
63 135
63 136
63 139
63 141
63 143
64 1
64 3
64 4
64 6
64 7
64 8
64 10
64 11
64 13
64 14
64 17
64 18
64 19
64 23
64 24
64 28
64 29
64 30
64 31
64 32
64 33
64 34
64 36
64 37
64 40
64 41
64 42
64 47
64 48
64 49
64 55
64 56
64 58
64 59
64 60
64 63
64 64
64 65
64 67
64 68
64 75
64 76
64 77
64 80
64 83
64 84
64 85
64 87
64 89
64 90
64 92
64 95
64 96
64 101
64 102
64 104
64 105
64 106
64 108
64 110
64 111
64 113
64 115
64 118
64 119
64 122
64 123
64 124
64 126
64 129
64 132
64 134
64 135
65 2
65 3
65 4
65 5
65 7
65 9
65 12
65 13
65 14
65 15
65 16
65 17
65 19
65 20
65 23
65 26
65 30
65 32
65 39
65 40
65 42
65 43
65 45
65 46
65 48
65 49
65 51
65 52
65 54
65 57
65 60
65 61
65 62
65 63
65 64
65 65
65 67
65 68
65 70
65 71
65 73
65 74
65 75
65 77
65 78
65 81
65 82
65 83
65 86
65 88
65 89
65 92
65 93
65 95
65 98
65 100
65 101
65 102
65 103
65 104
65 105
65 106
65 110
65 111
65 112
65 113
65 115
65 117
65 119
65 120
65 121
65 122
65 123
65 125
65 129
65 133
65 134
65 135
65 138
65 139
66 3
66 4
66 9
66 10
66 14
66 15
66 21
66 22
66 25
66 26
66 27
66 28
66 30
66 31
66 32
66 34
66 40
66 42
66 45
66 47
66 49
66 50
66 55
66 56
66 57
66 60
66 61
66 62
66 63
66 66
66 67
66 69
66 71
66 72
66 74
66 76
66 77
66 83
66 85
66 86
66 87
66 88
66 89
66 90
66 92
66 96
66 99
66 102
66 104
66 105
66 107
66 108
66 109
66 111
66 117
66 124
66 126
66 127
66 129
66 131
66 133
66 134
66 136
66 137
66 138
66 140
66 143
67 3
67 4
67 5
67 6
67 9
67 13
67 15
67 16
67 18
67 19
67 21
67 22
67 23
67 25
67 26
67 28
67 30
67 31
67 32
67 37
67 38
67 39
67 41
67 42
67 43
67 44
67 47
67 48
67 49
67 53
67 54
67 57
67 62
67 63
67 65
67 66
67 70
67 71
67 73
67 77
67 78
67 80
67 82
67 84
67 85
67 86
67 87
67 88
67 89
67 91
67 93
67 95
67 96
67 100
67 103
67 104
67 106
67 110
67 111
67 113
67 114
67 115
67 118
67 119
67 120
67 121
67 122
67 127
67 128
67 130
67 132
67 133
67 135
67 137
67 138
67 139
67 140
67 141
67 142
68 2
68 7
68 8
68 9
68 11
68 12
68 13
68 14
68 16
68 18
68 19
68 21
68 23
68 24
68 27
68 28
68 30
68 32
68 34
68 35
68 38
68 41
68 42
68 46
68 48
68 52
68 54
68 55
68 56
68 57
68 59
68 60
68 61
68 62
68 63
68 64
68 65
68 66
68 67
68 68
68 69
68 70
68 71
68 75
68 78
68 79
68 82
68 83
68 84
68 86
68 87
68 88
68 91
68 93
68 95
68 97
68 98
68 99
68 100
68 101
68 102
68 103
68 104
68 105
68 107
68 108
68 109
68 112
68 114
68 115
68 117
68 120
68 121
68 126
68 127
68 128
68 133
68 134
68 136
68 138
68 143
69 2
69 5
69 8
69 9
69 12
69 13
69 14
69 19
69 23
69 24
69 25
69 26
69 28
69 30
69 31
69 33
69 36
69 39
69 40
69 43
69 44
69 47
69 48
69 49
69 50
69 51
69 52
69 53
69 55
69 58
69 59
69 62
69 64
69 65
69 71
69 75
69 76
69 79
69 81
69 82
69 87
69 88
69 89
69 90
69 93
69 94
69 96
69 97
69 98
69 101
69 102
69 107
69 111
69 113
69 115
69 116
69 117
69 118
69 121
69 122
69 123
69 125
69 126
69 127
69 129
69 130
69 132
69 136
69 140
69 141
69 143
70 1
70 2
70 3
70 4
70 5
70 6
70 7
70 8
70 9
70 14
70 16
70 19
70 21
70 22
70 23
70 25
70 26
70 27
70 29
70 32
70 33
70 36
70 38
70 39
70 42
70 43
70 44
70 45
70 49
70 50
70 51
70 52
70 55
70 56
70 58
70 70
70 71
70 73
70 74
70 75
70 76
70 81
70 82
70 85
70 86
70 87
70 89
70 90
70 93
70 95
70 97
70 99
70 100
70 103
70 104
70 105
70 107
70 108
70 113
70 117
70 118
70 119
70 122
70 124
70 125
70 126
70 132
70 136
70 138
70 140
70 142
70 144
71 1
71 2
71 3
71 4
71 7
71 8
71 10
71 11
71 14
71 15
71 16
71 19
71 23
71 25
71 26
71 27
71 29
71 30
71 35
71 36
71 37
71 38
71 40
71 41
71 42
71 47
71 48
71 49
71 53
71 54
71 55
71 56
71 57
71 59
71 62
71 63
71 67
71 69
71 70
71 74
71 75
71 76
71 77
71 78
71 80
71 81
71 86
71 88
71 89
71 90
71 92
71 93
71 94
71 95
71 96
71 98
71 100
71 107
71 109
71 111
71 113
71 116
71 119
71 120
71 122
71 124
71 128
71 129
71 131
71 134
71 137
71 142
71 143
72 1
72 2
72 3
72 7
72 8
72 9
72 12
72 13
72 19
72 21
72 23
72 24
72 25
72 26
72 27
72 28
72 30
72 32
72 35
72 37
72 42
72 43
72 44
72 46
72 51
72 52
72 53
72 54
72 56
72 57
72 63
72 64
72 65
72 71
72 74
72 75
72 76
72 78
72 79
72 80
72 83
72 84
72 89
72 90
72 93
72 94
72 96
72 97
72 98
72 103
72 106
72 107
72 109
72 113
72 114
72 116
72 120
72 124
72 126
72 127
72 129
72 131
72 132
72 134
72 137
72 138
72 142
72 143
72 144
73 1
73 2
73 7
73 8
73 9
73 11
73 12
73 14
73 17
73 18
73 19
73 20
73 23
73 24
73 28
73 29
73 33
73 36
73 37
73 40
73 45
73 47
73 50
73 51
73 52
73 59
73 62
73 64
73 70
73 71
73 72
73 74
73 75
73 76
73 79
73 80
73 83
73 84
73 86
73 87
73 88
73 91
73 92
73 93
73 94
73 95
73 96
73 97
73 98
73 99
73 100
73 101
73 102
73 103
73 105
73 106
73 108
73 109
73 111
73 113
73 118
73 120
73 123
73 124
73 125
73 126
73 130
73 131
73 132
73 133
73 134
73 137
73 138
73 139
73 140
73 142
74 4
74 6
74 7
74 8
74 14
74 15
74 16
74 17
74 19
74 23
74 24
74 25
74 29
74 31
74 34
74 36
74 37
74 39
74 43
74 45
74 47
74 49
74 51
74 54
74 55
74 56
74 57
74 59
74 61
74 63
74 64
74 65
74 66
74 68
74 70
74 71
74 72
74 74
74 76
74 77
74 78
74 82
74 85
74 86
74 87
74 88
74 90
74 91
74 95
74 96
74 98
74 100
74 101
74 102
74 104
74 106
74 107
74 108
74 110
74 111
74 115
74 118
74 123
74 124
74 128
74 129
74 130
74 131
74 133
74 134
74 138
74 139
74 140
74 141
74 142
75 5
75 7
75 8
75 12
75 15
75 16
75 17
75 18
75 19
75 21
75 24
75 25
75 26
75 27
75 29
75 30
75 33
75 34
75 36
75 37
75 39
75 40
75 43
75 44
75 47
75 49
75 50
75 52
75 58
75 63
75 64
75 67
75 72
75 73
75 74
75 76
75 77
75 78
75 79
75 81
75 82
75 83
75 86
75 87
75 88
75 89
75 91
75 92
75 93
75 95
75 97
75 100
75 101
75 102
75 104
75 107
75 108
75 109
75 112
75 116
75 118
75 119
75 122
75 124
75 125
75 127
75 130
75 133
75 136
75 140
75 143
76 1
76 4
76 5
76 8
76 9
76 11
76 12
76 13
76 17
76 18
76 19
76 21
76 22
76 24
76 28
76 29
76 30
76 32
76 33
76 35
76 36
76 37
76 38
76 39
76 40
76 46
76 47
76 48
76 51
76 52
76 53
76 54
76 55
76 58
76 60
76 62
76 64
76 72
76 73
76 75
76 76
76 77
76 78
76 81
76 86
76 88
76 91
76 92
76 95
76 97
76 99
76 100
76 104
76 105
76 108
76 113
76 114
76 115
76 116
76 117
76 121
76 123
76 124
76 129
76 130
76 131
76 139
76 141
76 142
76 143
77 2
77 3
77 5
77 7
77 8
77 9
77 11
77 12
77 16
77 20
77 21
77 22
77 24
77 26
77 30
77 31
77 32
77 38
77 39
77 41
77 42
77 43
77 45
77 48
77 50
77 53
77 54
77 56
77 57
77 59
77 60
77 61
77 62
77 63
77 67
77 68
77 72
77 73
77 77
77 79
77 80
77 81
77 82
77 83
77 85
77 86
77 87
77 88
77 91
77 93
77 96
77 97
77 98
77 99
77 101
77 104
77 108
77 109
77 110
77 113
77 114
77 116
77 118
77 119
77 121
77 122
77 123
77 127
77 128
77 129
77 130
77 132
77 133
77 135
77 137
77 140
77 141
78 1
78 3
78 4
78 5
78 6
78 9
78 14
78 17
78 18
78 20
78 21
78 22
78 23
78 25
78 27
78 28
78 29
78 30
78 32
78 36
78 37
78 38
78 39
78 42
78 43
78 44
78 47
78 48
78 49
78 50
78 53
78 54
78 55
78 60
78 62
78 65
78 68
78 71
78 72
78 75
78 77
78 81
78 82
78 83
78 84
78 86
78 87
78 89
78 91
78 93
78 94
78 95
78 96
78 97
78 103
78 105
78 108
78 110
78 111
78 114
78 115
78 116
78 117
78 119
78 121
78 130
78 131
78 133
78 134
78 135
78 137
78 138
78 139
78 140
78 142
79 2
79 4
79 5
79 6
79 7
79 8
79 10
79 11
79 13
79 14
79 17
79 18
79 21
79 23
79 25
79 27
79 31
79 33
79 34
79 36
79 37
79 38
79 39
79 40
79 41
79 43
79 46
79 47
79 48
79 49
79 50
79 51
79 53
79 56
79 57
79 59
79 60
79 62
79 63
79 65
79 66
79 67
79 68
79 69
79 70
79 71
79 72
79 73
79 74
79 76
79 79
79 82
79 83
79 85
79 86
79 89
79 90
79 91
79 96
79 98
79 101
79 102
79 103
79 104
79 106
79 107
79 108
79 110
79 113
79 116
79 118
79 119
79 120
79 121
79 124
79 125
79 126
79 127
79 129
79 131
79 132
79 137
79 138
79 139
79 140
79 141
79 142
79 143
79 144
80 1
80 2
80 3
80 6
80 7
80 9
80 13
80 20
80 22
80 24
80 25
80 26
80 30
80 32
80 35
80 39
80 40
80 43
80 44
80 45
80 48
80 50
80 51
80 52
80 54
80 55
80 57
80 59
80 63
80 65
80 67
80 68
80 74
80 75
80 77
80 78
80 79
80 81
80 83
80 84
80 87
80 92
80 93
80 95
80 96
80 97
80 99
80 103
80 106
80 107
80 108
80 110
80 113
80 115
80 117
80 118
80 120
80 121
80 122
80 124
80 125
80 126
80 127
80 128
80 129
80 131
80 134
80 135
80 136
80 138
80 140
80 141
80 144
81 1
81 2
81 5
81 6
81 7
81 8
81 9
81 11
81 12
81 15
81 16
81 17
81 19
81 20
81 21
81 22
81 23
81 25
81 30
81 31
81 32
81 33
81 37
81 39
81 40
81 41
81 43
81 46
81 47
81 54
81 55
81 56
81 59
81 62
81 63
81 65
81 66
81 69
81 71
81 73
81 75
81 81
81 82
81 83
81 84
81 85
81 86
81 88
81 89
81 92
81 93
81 94
81 96
81 97
81 98
81 99
81 100
81 103
81 104
81 106
81 107
81 108
81 109
81 110
81 113
81 114
81 115
81 119
81 121
81 123
81 124
81 127
81 128
81 130
81 133
81 134
81 136
81 137
81 138
81 141
81 142
82 1
82 2
82 4
82 5
82 6
82 9
82 10
82 11
82 13
82 14
82 17
82 18
82 20
82 23
82 24
82 25
82 28
82 29
82 30
82 31
82 32
82 33
82 34
82 35
82 36
82 37
82 38
82 39
82 40
82 42
82 43
82 46
82 47
82 52
82 56
82 57
82 58
82 59
82 60
82 61
82 62
82 64
82 66
82 67
82 70
82 71
82 73
82 74
82 77
82 78
82 79
82 80
82 82
82 83
82 87
82 88
82 91
82 92
82 93
82 95
82 96
82 99
82 100
82 107
82 111
82 113
82 116
82 117
82 118
82 123
82 124
82 126
82 127
82 129
82 130
82 131
82 132
82 134
82 135
82 137
82 138
82 144
83 1
83 4
83 5
83 6
83 7
83 9
83 10
83 11
83 12
83 13
83 15
83 17
83 18
83 20
83 22
83 23
83 24
83 27
83 31
83 32
83 34
83 35
83 36
83 37
83 39
83 41
83 45
83 48
83 49
83 51
83 52
83 53
83 57
83 58
83 62
83 64
83 66
83 70
83 71
83 73
83 76
83 79
83 82
83 85
83 86
83 88
83 92
83 93
83 94
83 97
83 98
83 101
83 102
83 108
83 110
83 111
83 112
83 115
83 116
83 117
83 119
83 120
83 121
83 126
83 127
83 128
83 129
83 130
83 138
83 144
84 4
84 6
84 8
84 9
84 11
84 12
84 16
84 18
84 19
84 20
84 22
84 23
84 25
84 26
84 30
84 31
84 33
84 34
84 37
84 38
84 40
84 41
84 43
84 44
84 48
84 49
84 50
84 51
84 53
84 54
84 55
84 59
84 60
84 61
84 62
84 64
84 66
84 67
84 69
84 71
84 73
84 75
84 77
84 81
84 82
84 87
84 88
84 93
84 95
84 96
84 97
84 98
84 99
84 100
84 101
84 107
84 109
84 110
84 111
84 112
84 116
84 118
84 120
84 121
84 128
84 129
84 130
84 131
84 133
84 134
84 136
84 139
84 140
84 141
84 142
84 143
84 144
85 1
85 2
85 3
85 5
85 9
85 10
85 12
85 13
85 15
85 16
85 20
85 22
85 25
85 27
85 28
85 30
85 32
85 33
85 36
85 37
85 39
85 40
85 41
85 43
85 46
85 47
85 50
85 51
85 53
85 54
85 59
85 60
85 61
85 63
85 64
85 65
85 67
85 73
85 74
85 75
85 77
85 81
85 82
85 83
85 86
85 92
85 94
85 95
85 96
85 98
85 102
85 103
85 104
85 110
85 114
85 115
85 118
85 120
85 121
85 123
85 124
85 126
85 128
85 133
85 137
85 138
85 140
85 141
85 142
85 144
86 1
86 3
86 4
86 6
86 10
86 11
86 12
86 13
86 14
86 15
86 18
86 19
86 21
86 22
86 24
86 25
86 26
86 27
86 28
86 30
86 31
86 32
86 33
86 41
86 43
86 44
86 46
86 47
86 49
86 50
86 51
86 54
86 55
86 56
86 57
86 58
86 60
86 63
86 65
86 66
86 67
86 68
86 72
86 73
86 75
86 76
86 78
86 79
86 80
86 81
86 82
86 84
86 85
86 87
86 88
86 90
86 94
86 97
86 100
86 101
86 104
86 107
86 109
86 110
86 111
86 112
86 113
86 117
86 119
86 120
86 121
86 123
86 124
86 126
86 127
86 129
86 130
86 131
86 132
86 135
86 140
86 141
86 142
86 143
86 144
87 1
87 2
87 3
87 6
87 9
87 10
87 14
87 15
87 17
87 18
87 21
87 22
87 24
87 26
87 27
87 28
87 30
87 31
87 32
87 33
87 36
87 41
87 51
87 52
87 54
87 55
87 56
87 57
87 58
87 59
87 60
87 64
87 65
87 69
87 73
87 76
87 77
87 78
87 80
87 83
87 87
87 90
87 92
87 93
87 94
87 96
87 97
87 98
87 101
87 104
87 105
87 106
87 107
87 109
87 110
87 115
87 117
87 121
87 123
87 124
87 126
87 127
87 128
87 130
87 131
87 132
87 133
87 134
87 135
87 136
87 138
87 139
87 143
87 144
88 1
88 2
88 3
88 4
88 5
88 10
88 12
88 14
88 15
88 17
88 19
88 20
88 21
88 22
88 23
88 25
88 27
88 28
88 30
88 35
88 37
88 40
88 42
88 44
88 47
88 49
88 50
88 53
88 55
88 57
88 58
88 64
88 65
88 67
88 68
88 70
88 71
88 72
88 76
88 78
88 80
88 81
88 82
88 83
88 85
88 87
88 88
88 89
88 90
88 91
88 92
88 93
88 94
88 97
88 99
88 103
88 104
88 106
88 107
88 109
88 110
88 111
88 113
88 115
88 121
88 123
88 124
88 125
88 127
88 131
88 132
88 134
88 137
88 138
88 139
88 141
88 142
88 144
89 2
89 4
89 5
89 6
89 9
89 11
89 12
89 13
89 14
89 17
89 18
89 19
89 20
89 23
89 24
89 25
89 26
89 27
89 29
89 31
89 34
89 35
89 36
89 37
89 39
89 40
89 41
89 42
89 44
89 47
89 52
89 54
89 56
89 57
89 58
89 60
89 65
89 68
89 69
89 70
89 71
89 72
89 74
89 75
89 81
89 82
89 83
89 84
89 85
89 86
89 91
89 94
89 95
89 96
89 97
89 103
89 104
89 105
89 106
89 107
89 108
89 109
89 110
89 111
89 113
89 115
89 117
89 119
89 120
89 122
89 123
89 126
89 128
89 129
89 131
89 132
89 138
89 139
89 141
89 143
89 144
90 1
90 2
90 4
90 5
90 6
90 7
90 8
90 13
90 17
90 20
90 22
90 25
90 26
90 27
90 37
90 40
90 42
90 45
90 49
90 50
90 51
90 52
90 53
90 54
90 57
90 58
90 60
90 64
90 65
90 68
90 69
90 70
90 74
90 75
90 76
90 77
90 79
90 82
90 84
90 86
90 90
90 91
90 93
90 94
90 98
90 101
90 104
90 105
90 106
90 107
90 109
90 112
90 113
90 115
90 116
90 117
90 120
90 122
90 124
90 126
90 127
90 128
90 129
90 130
90 131
90 133
90 134
90 135
90 136
90 137
90 143
91 1
91 3
91 4
91 9
91 10
91 13
91 14
91 18
91 21
91 23
91 24
91 25
91 27
91 29
91 30
91 31
91 32
91 33
91 34
91 37
91 41
91 43
91 44
91 45
91 51
91 52
91 56
91 57
91 59
91 60
91 69
91 71
91 80
91 81
91 82
91 86
91 87
91 91
91 92
91 93
91 94
91 96
91 98
91 99
91 100
91 101
91 103
91 104
91 105
91 107
91 108
91 109
91 110
91 111
91 112
91 115
91 116
91 120
91 121
91 122
91 124
91 125
91 126
91 128
91 131
91 133
91 138
91 139
91 140
91 142
91 143
91 144
92 4
92 5
92 10
92 11
92 12
92 13
92 14
92 15
92 16
92 17
92 20
92 22
92 23
92 30
92 33
92 35
92 36
92 37
92 38
92 39
92 49
92 50
92 54
92 57
92 61
92 64
92 65
92 67
92 70
92 71
92 74
92 75
92 76
92 77
92 78
92 79
92 80
92 81
92 84
92 85
92 86
92 87
92 88
92 90
92 91
92 92
92 97
92 98
92 101
92 102
92 103
92 106
92 107
92 108
92 109
92 110
92 111
92 114
92 117
92 118
92 121
92 124
92 126
92 128
92 129
92 130
92 132
92 136
92 138
92 140
92 141
92 143
93 5
93 12
93 13
93 14
93 15
93 20
93 21
93 22
93 24
93 27
93 28
93 32
93 34
93 37
93 38
93 42
93 43
93 44
93 45
93 46
93 47
93 48
93 49
93 51
93 53
93 54
93 55
93 56
93 58
93 59
93 63
93 64
93 65
93 66
93 67
93 74
93 76
93 77
93 78
93 79
93 80
93 82
93 85
93 87
93 88
93 89
93 90
93 93
93 97
93 99
93 100
93 105
93 106
93 109
93 110
93 111
93 112
93 114
93 115
93 121
93 122
93 123
93 124
93 126
93 127
93 128
93 130
93 137
93 138
93 139
93 140
93 141
94 1
94 2
94 3
94 8
94 11
94 12
94 17
94 22
94 24
94 27
94 29
94 31
94 32
94 35
94 37
94 38
94 39
94 40
94 42
94 46
94 49
94 53
94 54
94 56
94 57
94 58
94 59
94 63
94 64
94 66
94 67
94 68
94 72
94 74
94 76
94 78
94 79
94 80
94 82
94 84
94 88
94 89
94 90
94 92
94 94
94 97
94 98
94 102
94 104
94 105
94 106
94 107
94 111
94 114
94 115
94 120
94 122
94 123
94 124
94 126
94 127
94 130
94 132
94 133
94 137
94 138
94 140
94 144
95 1
95 2
95 3
95 5
95 6
95 7
95 8
95 10
95 11
95 15
95 17
95 18
95 20
95 22
95 23
95 24
95 28
95 29
95 30
95 32
95 33
95 35
95 36
95 37
95 38
95 39
95 41
95 42
95 43
95 44
95 48
95 49
95 50
95 55
95 56
95 59
95 61
95 62
95 65
95 66
95 67
95 68
95 69
95 75
95 76
95 77
95 79
95 85
95 89
95 91
95 94
95 95
95 101
95 103
95 104
95 106
95 108
95 110
95 112
95 113
95 114
95 115
95 121
95 125
95 126
95 131
95 134
95 135
95 138
95 139
95 140
96 2
96 5
96 6
96 7
96 8
96 10
96 13
96 14
96 17
96 18
96 19
96 20
96 21
96 22
96 23
96 25
96 26
96 28
96 29
96 30
96 32
96 35
96 37
96 39
96 44
96 48
96 49
96 50
96 52
96 57
96 58
96 60
96 61
96 63
96 67
96 68
96 69
96 71
96 72
96 73
96 74
96 75
96 76
96 77
96 78
96 79
96 80
96 81
96 82
96 83
96 85
96 86
96 92
96 93
96 95
96 97
96 102
96 104
96 105
96 106
96 107
96 108
96 109
96 110
96 114
96 115
96 118
96 119
96 123
96 124
96 127
96 130
96 132
96 133
96 134
96 135
96 136
96 141
96 142
96 144
97 1
97 2
97 3
97 4
97 5
97 7
97 8
97 9
97 14
97 18
97 21
97 22
97 26
97 28
97 29
97 34
97 36
97 39
97 42
97 43
97 44
97 46
97 48
97 49
97 51
97 52
97 55
97 56
97 58
97 59
97 60
97 63
97 64
97 66
97 67
97 68
97 77
97 78
97 84
97 86
97 88
97 92
97 94
97 95
97 96
97 103
97 104
97 109
97 110
97 111
97 112
97 114
97 116
97 119
97 121
97 122
97 127
97 128
97 130
97 132
97 133
97 138
97 140
97 141
98 5
98 6
98 7
98 8
98 13
98 14
98 16
98 17
98 20
98 21
98 26
98 28
98 29
98 30
98 31
98 33
98 34
98 36
98 37
98 38
98 40
98 45
98 46
98 48
98 49
98 50
98 53
98 54
98 55
98 58
98 59
98 61
98 66
98 67
98 69
98 70
98 71
98 72
98 74
98 76
98 78
98 82
98 84
98 86
98 89
98 90
98 91
98 92
98 93
98 95
98 96
98 97
98 99
98 103
98 104
98 105
98 106
98 107
98 109
98 110
98 113
98 114
98 115
98 116
98 118
98 119
98 122
98 123
98 128
98 129
98 130
98 131
98 133
98 134
98 135
98 137
98 138
98 139
98 140
98 142
99 2
99 3
99 5
99 7
99 8
99 10
99 14
99 15
99 18
99 19
99 20
99 22
99 23
99 24
99 25
99 26
99 27
99 29
99 30
99 31
99 36
99 37
99 44
99 45
99 49
99 50
99 55
99 57
99 60
99 62
99 63
99 66
99 69
99 70
99 71
99 72
99 74
99 76
99 78
99 79
99 80
99 81
99 85
99 86
99 87
99 88
99 90
99 93
99 97
99 99
99 101
99 105
99 106
99 107
99 108
99 109
99 110
99 113
99 116
99 118
99 120
99 121
99 122
99 124
99 126
99 128
99 129
99 132
99 134
99 135
99 137
99 141
99 143
99 144
100 2
100 4
100 6
100 7
100 8
100 9
100 11
100 12
100 13
100 14
100 15
100 17
100 18
100 20
100 21
100 23
100 24
100 25
100 28
100 29
100 30
100 32
100 33
100 34
100 40
100 41
100 42
100 43
100 48
100 50
100 53
100 54
100 55
100 58
100 60
100 61
100 66
100 67
100 68
100 74
100 75
100 77
100 78
100 79
100 80
100 81
100 82
100 83
100 85
100 87
100 88
100 90
100 91
100 92
100 94
100 95
100 102
100 103
100 107
100 108
100 109
100 110
100 111
100 112
100 114
100 116
100 119
100 120
100 121
100 122
100 123
100 124
100 126
100 127
100 131
100 134
100 137
100 138
100 140
100 143
100 144
101 3
101 5
101 10
101 11
101 12
101 13
101 14
101 15
101 16
101 18
101 19
101 20
101 21
101 25
101 28
101 29
101 30
101 33
101 37
101 38
101 39
101 42
101 44
101 45
101 46
101 47
101 50
101 51
101 55
101 57
101 58
101 59
101 61
101 62
101 64
101 65
101 66
101 68
101 69
101 73
101 74
101 76
101 77
101 78
101 80
101 83
101 86
101 87
101 88
101 90
101 91
101 92
101 94
101 96
101 97
101 98
101 99
101 100
101 104
101 105
101 106
101 107
101 108
101 109
101 110
101 111
101 113
101 114
101 115
101 118
101 120
101 121
101 125
101 126
101 127
101 129
101 130
101 132
101 133
101 136
101 137
101 138
101 141
101 142
101 144
102 3
102 7
102 12
102 13
102 15
102 16
102 17
102 20
102 23
102 24
102 25
102 27
102 30
102 31
102 32
102 34
102 39
102 43
102 44
102 46
102 48
102 54
102 56
102 59
102 60
102 61
102 62
102 67
102 68
102 70
102 76
102 77
102 80
102 81
102 83
102 84
102 87
102 90
102 92
102 95
102 98
102 99
102 100
102 101
102 102
102 105
102 107
102 108
102 110
102 111
102 112
102 115
102 119
102 120
102 121
102 122
102 123
102 125
102 138
102 141
102 142
102 144
103 2
103 3
103 5
103 6
103 8
103 11
103 12
103 14
103 15
103 22
103 24
103 25
103 26
103 28
103 29
103 30
103 33
103 34
103 37
103 38
103 39
103 41
103 42
103 44
103 46
103 49
103 50
103 51
103 60
103 61
103 62
103 65
103 67
103 68
103 71
103 72
103 73
103 76
103 78
103 82
103 83
103 84
103 86
103 87
103 90
103 91
103 92
103 93
103 95
103 97
103 98
103 101
103 102
103 103
103 104
103 107
103 108
103 111
103 113
103 114
103 116
103 117
103 124
103 125
103 128
103 129
103 130
103 132
103 133
103 138
103 139
103 140
103 141
103 142
103 144
104 2
104 3
104 4
104 5
104 8
104 9
104 10
104 12
104 13
104 15
104 16
104 19
104 22
104 23
104 24
104 26
104 27
104 30
104 31
104 32
104 34
104 35
104 36
104 37
104 38
104 40
104 41
104 42
104 47
104 48
104 50
104 51
104 52
104 53
104 55
104 58
104 62
104 63
104 66
104 68
104 69
104 71
104 75
104 77
104 78
104 79
104 81
104 83
104 84
104 86
104 87
104 88
104 90
104 91
104 93
104 94
104 95
104 97
104 99
104 100
104 101
104 102
104 104
104 107
104 108
104 109
104 110
104 115
104 116
104 117
104 118
104 121
104 125
104 127
104 130
104 136
104 137
104 138
104 144
105 5
105 6
105 7
105 9
105 10
105 22
105 23
105 27
105 29
105 31
105 35
105 38
105 40
105 42
105 43
105 51
105 52
105 54
105 55
105 59
105 60
105 62
105 64
105 66
105 67
105 68
105 70
105 72
105 73
105 77
105 78
105 79
105 80
105 81
105 89
105 95
105 97
105 100
105 102
105 103
105 104
105 105
105 107
105 109
105 110
105 112
105 113
105 116
105 117
105 118
105 119
105 123
105 124
105 131
105 133
105 134
105 136
105 139
105 140
105 141
105 142
105 144
106 2
106 3
106 5
106 7
106 9
106 13
106 15
106 16
106 17
106 23
106 24
106 26
106 27
106 28
106 30
106 33
106 35
106 36
106 37
106 38
106 40
106 41
106 42
106 43
106 46
106 47
106 48
106 49
106 52
106 53
106 55
106 56
106 57
106 60
106 61
106 62
106 63
106 67
106 69
106 70
106 71
106 76
106 77
106 80
106 81
106 84
106 86
106 88
106 90
106 94
106 96
106 100
106 101
106 102
106 107
106 108
106 110
106 115
106 116
106 117
106 118
106 122
106 123
106 124
106 125
106 126
106 130
106 132
106 133
106 134
106 136
106 139
106 142
107 1
107 3
107 8
107 9
107 11
107 12
107 14
107 17
107 21
107 22
107 23
107 24
107 28
107 32
107 33
107 35
107 36
107 37
107 42
107 43
107 44
107 48
107 49
107 51
107 52
107 54
107 55
107 56
107 58
107 61
107 62
107 63
107 64
107 72
107 73
107 75
107 77
107 78
107 81
107 82
107 85
107 86
107 87
107 88
107 89
107 90
107 92
107 96
107 100
107 104
107 107
107 108
107 109
107 110
107 112
107 113
107 118
107 120
107 121
107 122
107 123
107 124
107 125
107 126
107 127
107 128
107 129
107 130
107 132
107 133
107 134
107 135
107 140
107 143
108 1
108 2
108 4
108 6
108 7
108 8
108 16
108 17
108 21
108 26
108 28
108 29
108 31
108 32
108 34
108 35
108 36
108 37
108 38
108 39
108 40
108 41
108 42
108 43
108 45
108 46
108 47
108 48
108 54
108 55
108 57
108 59
108 60
108 62
108 63
108 66
108 69
108 70
108 71
108 72
108 73
108 74
108 75
108 79
108 81
108 82
108 85
108 88
108 92
108 98
108 99
108 102
108 103
108 104
108 105
108 106
108 108
108 110
108 111
108 115
108 117
108 121
108 122
108 123
108 124
108 125
108 127
108 128
108 130
108 132
108 133
108 135
108 136
108 138
108 140
108 142
108 144
109 1
109 4
109 7
109 8
109 9
109 13
109 14
109 19
109 23
109 25
109 26
109 27
109 28
109 30
109 32
109 34
109 35
109 36
109 47
109 49
109 50
109 52
109 56
109 57
109 58
109 59
109 61
109 62
109 65
109 72
109 73
109 74
109 75
109 76
109 77
109 80
109 81
109 82
109 83
109 84
109 87
109 88
109 89
109 90
109 91
109 94
109 95
109 96
109 97
109 98
109 105
109 107
109 109
109 113
109 115
109 116
109 117
109 118
109 122
109 123
109 125
109 126
109 127
109 128
109 129
109 130
109 134
109 137
109 140
109 142
110 2
110 3
110 4
110 5
110 7
110 8
110 9
110 13
110 14
110 15
110 16
110 19
110 20
110 21
110 23
110 24
110 26
110 27
110 28
110 30
110 32
110 34
110 36
110 42
110 48
110 51
110 52
110 53
110 55
110 57
110 59
110 60
110 61
110 64
110 65
110 70
110 71
110 72
110 74
110 77
110 78
110 79
110 80
110 81
110 86
110 89
110 92
110 93
110 94
110 95
110 96
110 99
110 103
110 104
110 105
110 106
110 107
110 108
110 109
110 112
110 114
110 122
110 124
110 126
110 128
110 131
110 132
110 133
110 136
110 140
110 142
110 143
111 4
111 5
111 7
111 8
111 9
111 10
111 12
111 22
111 25
111 26
111 27
111 31
111 35
111 36
111 43
111 44
111 49
111 50
111 51
111 52
111 53
111 54
111 55
111 56
111 57
111 59
111 60
111 64
111 66
111 68
111 69
111 72
111 73
111 74
111 75
111 76
111 77
111 79
111 81
111 82
111 84
111 88
111 90
111 91
111 96
111 97
111 98
111 99
111 100
111 102
111 105
111 110
111 111
111 112
111 113
111 114
111 115
111 117
111 122
111 126
111 127
111 129
111 131
111 132
111 134
111 135
111 136
111 137
111 140
111 142
112 2
112 3
112 4
112 6
112 8
112 11
112 12
112 13
112 15
112 16
112 17
112 20
112 22
112 23
112 25
112 26
112 27
112 29
112 35
112 36
112 37
112 38
112 39
112 40
112 41
112 43
112 45
112 46
112 47
112 49
112 53
112 55
112 57
112 60
112 61
112 62
112 63
112 65
112 70
112 71
112 73
112 75
112 77
112 78
112 79
112 80
112 83
112 86
112 90
112 92
112 93
112 95
112 97
112 98
112 101
112 103
112 106
112 111
112 114
112 115
112 120
112 121
112 124
112 125
112 128
112 129
112 133
112 134
112 137
112 140
112 142
113 2
113 3
113 8
113 9
113 10
113 11
113 15
113 16
113 17
113 18
113 19
113 21
113 22
113 24
113 27
113 28
113 31
113 33
113 34
113 35
113 36
113 37
113 39
113 40
113 42
113 43
113 46
113 47
113 48
113 50
113 51
113 54
113 56
113 58
113 61
113 62
113 63
113 65
113 66
113 69
113 77
113 78
113 79
113 80
113 81
113 84
113 86
113 90
113 92
113 93
113 97
113 98
113 100
113 101
113 105
113 112
113 113
113 116
113 118
113 121
113 122
113 123
113 129
113 131
113 132
113 133
113 134
113 135
113 138
113 139
113 140
113 142
113 144
114 2
114 5
114 8
114 11
114 12
114 13
114 16
114 19
114 21
114 26
114 27
114 28
114 29
114 30
114 34
114 35
114 39
114 41
114 42
114 47
114 48
114 49
114 51
114 53
114 55
114 58
114 59
114 60
114 61
114 62
114 63
114 66
114 67
114 70
114 73
114 77
114 80
114 82
114 83
114 86
114 92
114 93
114 95
114 96
114 98
114 100
114 102
114 103
114 104
114 106
114 107
114 109
114 112
114 113
114 114
114 115
114 116
114 117
114 118
114 119
114 120
114 121
114 122
114 124
114 125
114 126
114 128
114 129
114 131
114 132
114 133
114 135
114 136
114 137
114 140
114 141
114 142
114 144
115 3
115 5
115 7
115 9
115 10
115 13
115 15
115 16
115 18
115 19
115 20
115 22
115 23
115 31
115 32
115 35
115 37
115 38
115 39
115 40
115 42
115 47
115 49
115 50
115 52
115 53
115 54
115 55
115 58
115 59
115 64
115 66
115 70
115 71
115 72
115 76
115 80
115 81
115 84
115 85
115 89
115 91
115 92
115 94
115 95
115 96
115 97
115 99
115 100
115 102
115 103
115 104
115 107
115 108
115 109
115 110
115 111
115 112
115 113
115 115
115 116
115 118
115 119
115 120
115 122
115 123
115 124
115 126
115 127
115 129
115 130
115 132
115 133
115 135
115 137
115 138
115 141
115 143
115 144
116 1
116 2
116 5
116 6
116 14
116 18
116 19
116 21
116 22
116 23
116 24
116 25
116 27
116 28
116 31
116 32
116 34
116 35
116 38
116 39
116 40
116 43
116 44
116 46
116 48
116 52
116 53
116 55
116 56
116 58
116 60
116 62
116 63
116 64
116 66
116 70
116 73
116 74
116 75
116 77
116 78
116 79
116 80
116 83
116 86
116 87
116 89
116 90
116 91
116 92
116 94
116 97
116 98
116 100
116 103
116 104
116 110
116 112
116 113
116 116
116 119
116 120
116 123
116 126
116 130
116 131
116 134
116 136
116 137
116 138
116 140
116 141
116 142
116 143
117 1
117 2
117 5
117 9
117 11
117 12
117 14
117 15
117 17
117 21
117 22
117 23
117 25
117 27
117 29
117 30
117 31
117 32
117 35
117 38
117 39
117 42
117 44
117 47
117 48
117 49
117 50
117 51
117 54
117 58
117 62
117 63
117 64
117 65
117 69
117 70
117 77
117 79
117 80
117 82
117 84
117 86
117 89
117 91
117 93
117 94
117 96
117 97
117 98
117 101
117 102
117 103
117 104
117 106
117 107
117 108
117 109
117 111
117 112
117 115
117 116
117 118
117 120
117 122
117 124
117 126
117 130
117 131
117 135
117 138
117 140
117 142
117 144
118 1
118 3
118 4
118 6
118 10
118 13
118 15
118 17
118 20
118 22
118 26
118 29
118 30
118 34
118 35
118 37
118 38
118 39
118 41
118 42
118 43
118 45
118 48
118 52
118 53
118 54
118 62
118 69
118 70
118 71
118 72
118 73
118 77
118 78
118 79
118 81
118 83
118 86
118 87
118 88
118 91
118 97
118 102
118 103
118 106
118 107
118 110
118 111
118 114
118 117
118 118
118 120
118 121
118 125
118 130
118 132
118 134
118 137
118 141
118 143
119 2
119 5
119 6
119 7
119 8
119 9
119 10
119 11
119 12
119 13
119 15
119 19
119 20
119 21
119 23
119 25
119 27
119 32
119 33
119 35
119 42
119 43
119 44
119 45
119 46
119 47
119 48
119 49
119 51
119 52
119 54
119 55
119 56
119 57
119 60
119 61
119 64
119 66
119 68
119 70
119 74
119 76
119 78
119 79
119 80
119 84
119 85
119 90
119 91
119 93
119 94
119 95
119 97
119 98
119 100
119 103
119 106
119 107
119 108
119 110
119 111
119 112
119 113
119 114
119 115
119 116
119 117
119 119
119 123
119 124
119 127
119 135
119 136
119 137
119 138
119 139
119 142
119 143
119 144
120 1
120 3
120 5
120 8
120 9
120 11
120 19
120 23
120 25
120 27
120 28
120 30
120 32
120 33
120 34
120 35
120 37
120 39
120 41
120 44
120 46
120 51
120 53
120 54
120 57
120 58
120 60
120 67
120 68
120 73
120 75
120 76
120 80
120 81
120 82
120 86
120 88
120 89
120 90
120 91
120 92
120 93
120 97
120 100
120 101
120 102
120 103
120 105
120 107
120 110
120 111
120 112
120 113
120 119
120 123
120 124
120 125
120 128
120 129
120 132
120 138
120 143
120 144
121 1
121 3
121 5
121 9
121 10
121 11
121 12
121 13
121 16
121 19
121 23
121 24
121 26
121 27
121 30
121 31
121 33
121 35
121 38
121 39
121 43
121 44
121 50
121 51
121 52
121 54
121 58
121 60
121 61
121 62
121 69
121 70
121 71
121 74
121 76
121 77
121 79
121 81
121 82
121 83
121 84
121 92
121 95
121 98
121 100
121 101
121 102
121 105
121 106
121 107
121 112
121 113
121 114
121 116
121 118
121 122
121 124
121 126
121 127
121 129
121 135
121 136
121 139
121 142
121 143
122 1
122 6
122 7
122 10
122 12
122 13
122 15
122 19
122 20
122 22
122 26
122 28
122 30
122 31
122 32
122 33
122 34
122 36
122 42
122 43
122 46
122 47
122 48
122 49
122 50
122 52
122 53
122 55
122 56
122 58
122 63
122 65
122 67
122 70
122 71
122 75
122 76
122 81
122 85
122 86
122 89
122 90
122 95
122 97
122 100
122 101
122 102
122 103
122 104
122 105
122 107
122 108
122 112
122 113
122 114
122 118
122 119
122 120
122 122
122 123
122 124
122 126
122 131
122 132
122 133
122 136
122 140
122 141
123 1
123 2
123 4
123 5
123 10
123 12
123 15
123 16
123 17
123 19
123 21
123 23
123 25
123 29
123 30
123 33
123 36
123 40
123 41
123 43
123 48
123 51
123 52
123 57
123 58
123 59
123 60
123 61
123 63
123 67
123 69
123 70
123 72
123 73
123 75
123 78
123 82
123 83
123 84
123 87
123 88
123 95
123 96
123 97
123 100
123 101
123 105
123 107
123 110
123 111
123 112
123 113
123 115
123 116
123 117
123 118
123 120
123 121
123 122
123 127
123 129
123 130
123 134
123 135
123 136
123 137
123 138
123 144
124 1
124 3
124 6
124 7
124 8
124 10
124 11
124 13
124 15
124 17
124 18
124 28
124 30
124 31
124 32
124 34
124 37
124 38
124 39
124 40
124 42
124 45
124 46
124 48
124 49
124 50
124 52
124 55
124 57
124 61
124 62
124 63
124 65
124 67
124 68
124 70
124 71
124 74
124 76
124 77
124 78
124 80
124 81
124 82
124 83
124 84
124 86
124 87
124 88
124 89
124 90
124 93
124 95
124 96
124 98
124 101
124 102
124 104
124 105
124 107
124 108
124 110
124 115
124 118
124 119
124 124
124 128
124 130
124 131
124 132
124 135
124 137
124 138
124 139
124 141
124 142
125 4
125 7
125 8
125 9
125 10
125 11
125 12
125 13
125 14
125 19
125 20
125 23
125 26
125 27
125 28
125 30
125 32
125 34
125 35
125 36
125 37
125 38
125 40
125 41
125 42
125 44
125 48
125 49
125 50
125 52
125 53
125 59
125 60
125 63
125 67
125 68
125 72
125 76
125 77
125 80
125 81
125 84
125 85
125 86
125 87
125 93
125 94
125 95
125 96
125 97
125 98
125 99
125 100
125 104
125 105
125 107
125 110
125 112
125 113
125 115
125 116
125 117
125 119
125 121
125 122
125 125
125 126
125 127
125 128
125 129
125 130
125 131
125 133
125 134
125 135
125 136
125 137
125 138
125 142
125 144
126 2
126 3
126 8
126 10
126 11
126 13
126 14
126 16
126 17
126 18
126 20
126 22
126 26
126 27
126 28
126 29
126 30
126 34
126 36
126 42
126 44
126 46
126 57
126 59
126 62
126 63
126 64
126 65
126 66
126 68
126 75
126 77
126 78
126 79
126 82
126 86
126 89
126 90
126 94
126 98
126 100
126 101
126 102
126 103
126 110
126 113
126 115
126 116
126 118
126 123
126 124
126 127
126 129
126 130
126 141
126 143
127 2
127 3
127 5
127 9
127 10
127 13
127 18
127 21
127 22
127 23
127 29
127 31
127 32
127 34
127 35
127 37
127 39
127 40
127 48
127 50
127 52
127 54
127 55
127 58
127 61
127 64
127 65
127 66
127 70
127 73
127 74
127 75
127 78
127 81
127 83
127 84
127 88
127 89
127 90
127 91
127 95
127 96
127 100
127 101
127 102
127 105
127 108
127 111
127 113
127 115
127 120
127 124
127 125
127 126
127 127
127 128
127 131
127 132
127 134
127 136
127 137
127 139
127 143
128 1
128 2
128 3
128 5
128 6
128 13
128 14
128 16
128 18
128 19
128 21
128 28
128 29
128 31
128 40
128 41
128 42
128 44
128 45
128 47
128 53
128 60
128 61
128 63
128 64
128 68
128 69
128 73
128 76
128 79
128 81
128 82
128 83
128 85
128 86
128 87
128 88
128 89
128 90
128 92
128 96
128 97
128 99
128 100
128 101
128 102
128 105
128 109
128 112
128 114
128 117
128 118
128 120
128 123
128 124
128 125
128 128
128 129
128 132
128 133
128 134
128 136
128 137
128 141
128 142
128 143
128 144
129 1
129 3
129 4
129 6
129 7
129 8
129 9
129 13
129 14
129 15
129 16
129 17
129 22
129 24
129 25
129 26
129 27
129 30
129 32
129 33
129 39
129 41
129 43
129 45
129 46
129 47
129 50
129 51
129 52
129 55
129 56
129 58
129 59
129 60
129 61
129 62
129 63
129 65
129 68
129 69
129 70
129 71
129 73
129 75
129 76
129 77
129 78
129 79
129 81
129 83
129 85
129 87
129 88
129 89
129 90
129 91
129 93
129 96
129 97
129 99
129 102
129 103
129 105
129 106
129 107
129 109
129 111
129 115
129 120
129 122
129 123
129 124
129 128
129 130
129 131
129 132
129 133
129 138
129 140
129 141
129 142
129 143
130 1
130 3
130 4
130 5
130 7
130 8
130 12
130 14
130 18
130 19
130 20
130 21
130 24
130 26
130 31
130 32
130 33
130 34
130 35
130 37
130 38
130 40
130 42
130 45
130 47
130 50
130 53
130 54
130 55
130 56
130 59
130 62
130 63
130 65
130 70
130 71
130 73
130 74
130 76
130 79
130 81
130 82
130 84
130 85
130 88
130 89
130 91
130 94
130 97
130 99
130 100
130 102
130 107
130 108
130 111
130 112
130 114
130 115
130 116
130 119
130 120
130 123
130 124
130 126
130 128
130 129
130 131
130 132
130 135
130 136
130 137
130 142
130 143
131 1
131 4
131 5
131 6
131 10
131 11
131 16
131 17
131 18
131 20
131 21
131 23
131 24
131 25
131 27
131 30
131 32
131 35
131 37
131 38
131 39
131 40
131 41
131 42
131 44
131 46
131 47
131 49
131 50
131 51
131 52
131 54
131 56
131 62
131 66
131 68
131 69
131 74
131 75
131 76
131 77
131 83
131 86
131 87
131 88
131 93
131 95
131 96
131 97
131 98
131 102
131 104
131 105
131 106
131 107
131 108
131 109
131 110
131 120
131 124
131 125
131 126
131 127
131 131
131 132
131 134
131 135
131 137
131 138
131 139
131 142
131 143
131 144
132 2
132 5
132 8
132 9
132 10
132 15
132 17
132 18
132 21
132 22
132 23
132 25
132 26
132 33
132 34
132 44
132 45
132 46
132 51
132 55
132 56
132 57
132 60
132 61
132 62
132 63
132 64
132 67
132 68
132 71
132 73
132 74
132 76
132 78
132 79
132 80
132 82
132 84
132 86
132 87
132 88
132 91
132 92
132 94
132 98
132 99
132 100
132 101
132 102
132 103
132 105
132 106
132 109
132 110
132 111
132 113
132 114
132 115
132 120
132 121
132 122
132 123
132 125
132 126
132 127
132 130
132 131
132 133
132 134
132 136
132 137
132 138
132 139
132 140
132 144
133 2
133 4
133 5
133 9
133 10
133 12
133 16
133 17
133 18
133 21
133 22
133 23
133 27
133 28
133 29
133 30
133 32
133 35
133 38
133 39
133 41
133 42
133 43
133 44
133 48
133 51
133 52
133 55
133 57
133 59
133 60
133 62
133 63
133 64
133 68
133 71
133 72
133 74
133 78
133 79
133 80
133 82
133 83
133 85
133 90
133 91
133 93
133 95
133 96
133 100
133 102
133 106
133 107
133 108
133 109
133 110
133 111
133 112
133 113
133 116
133 117
133 121
133 122
133 123
133 125
133 128
133 131
133 133
133 135
133 136
133 137
133 138
133 140
133 141
133 142
133 143
134 1
134 4
134 6
134 9
134 10
134 12
134 13
134 14
134 16
134 18
134 21
134 22
134 23
134 24
134 25
134 26
134 27
134 28
134 30
134 31
134 32
134 36
134 38
134 40
134 42
134 46
134 47
134 51
134 52
134 53
134 57
134 58
134 59
134 62
134 63
134 66
134 67
134 70
134 76
134 80
134 84
134 86
134 87
134 88
134 89
134 91
134 92
134 94
134 100
134 101
134 102
134 104
134 106
134 107
134 108
134 109
134 110
134 111
134 112
134 114
134 115
134 117
134 120
134 121
134 122
134 123
134 124
134 126
134 127
134 128
134 129
134 130
134 131
134 132
134 134
134 137
134 138
134 140
134 141
134 142
134 144
135 1
135 4
135 8
135 12
135 18
135 19
135 20
135 23
135 25
135 28
135 30
135 31
135 34
135 35
135 40
135 41
135 43
135 44
135 46
135 48
135 51
135 55
135 56
135 57
135 58
135 59
135 60
135 61
135 64
135 65
135 66
135 68
135 70
135 71
135 76
135 79
135 82
135 84
135 86
135 88
135 94
135 97
135 100
135 104
135 106
135 107
135 108
135 110
135 111
135 115
135 116
135 117
135 119
135 121
135 122
135 123
135 124
135 126
135 127
135 129
135 131
135 132
135 135
135 136
135 138
135 139
135 140
135 143
135 144
136 11
136 12
136 14
136 17
136 19
136 20
136 21
136 22
136 26
136 27
136 29
136 33
136 34
136 35
136 37
136 39
136 40
136 41
136 44
136 46
136 52
136 53
136 54
136 57
136 58
136 59
136 61
136 66
136 68
136 70
136 71
136 72
136 73
136 77
136 80
136 82
136 83
136 85
136 86
136 87
136 88
136 92
136 94
136 96
136 97
136 98
136 99
136 104
136 107
136 108
136 111
136 112
136 113
136 116
136 118
136 119
136 120
136 123
136 125
136 130
136 132
136 135
136 136
136 137
136 138
136 139
136 140
136 141
136 144
137 1
137 3
137 4
137 6
137 8
137 12
137 14
137 17
137 18
137 19
137 22
137 23
137 24
137 25
137 26
137 28
137 30
137 33
137 37
137 38
137 40
137 41
137 43
137 44
137 45
137 47
137 49
137 53
137 54
137 55
137 57
137 58
137 59
137 62
137 66
137 69
137 71
137 72
137 74
137 80
137 83
137 84
137 86
137 87
137 88
137 89
137 92
137 94
137 96
137 97
137 98
137 99
137 102
137 104
137 107
137 108
137 109
137 110
137 112
137 113
137 114
137 115
137 116
137 117
137 122
137 125
137 126
137 127
137 128
137 129
137 131
137 132
137 133
137 134
137 135
137 138
137 141
138 1
138 4
138 5
138 9
138 10
138 11
138 12
138 13
138 15
138 17
138 18
138 19
138 24
138 27
138 29
138 31
138 32
138 33
138 34
138 35
138 36
138 38
138 41
138 42
138 44
138 46
138 47
138 50
138 51
138 52
138 53
138 55
138 56
138 58
138 64
138 65
138 69
138 72
138 73
138 77
138 79
138 80
138 81
138 82
138 83
138 84
138 86
138 87
138 88
138 90
138 92
138 97
138 98
138 99
138 102
138 103
138 107
138 108
138 110
138 112
138 114
138 115
138 118
138 119
138 122
138 123
138 125
138 128
138 129
138 131
138 133
138 134
138 135
138 137
138 138
138 139
138 142
138 143
138 144
139 3
139 4
139 5
139 7
139 8
139 9
139 11
139 12
139 17
139 19
139 22
139 23
139 24
139 26
139 30
139 32
139 33
139 34
139 36
139 37
139 38
139 39
139 40
139 41
139 42
139 44
139 46
139 47
139 48
139 50
139 51
139 52
139 56
139 58
139 60
139 61
139 63
139 65
139 68
139 69
139 71
139 72
139 73
139 79
139 83
139 85
139 87
139 89
139 90
139 92
139 95
139 96
139 97
139 98
139 100
139 101
139 103
139 105
139 106
139 107
139 109
139 113
139 114
139 115
139 116
139 117
139 118
139 120
139 122
139 125
139 127
139 128
139 129
139 133
139 135
139 138
139 141
139 142
139 143
140 4
140 5
140 6
140 8
140 9
140 10
140 11
140 14
140 18
140 19
140 21
140 22
140 25
140 27
140 28
140 29
140 32
140 34
140 38
140 42
140 43
140 46
140 48
140 52
140 53
140 54
140 55
140 58
140 59
140 60
140 61
140 64
140 68
140 69
140 71
140 75
140 76
140 77
140 79
140 80
140 81
140 83
140 86
140 87
140 88
140 90
140 92
140 93
140 94
140 100
140 104
140 108
140 110
140 113
140 116
140 117
140 121
140 123
140 124
140 125
140 127
140 128
140 129
140 131
140 132
140 133
140 135
140 139
140 142
141 2
141 3
141 4
141 5
141 11
141 12
141 14
141 15
141 17
141 19
141 20
141 21
141 23
141 24
141 25
141 26
141 27
141 28
141 29
141 33
141 34
141 35
141 36
141 37
141 38
141 39
141 41
141 42
141 43
141 46
141 48
141 49
141 50
141 53
141 54
141 55
141 56
141 58
141 59
141 60
141 62
141 64
141 68
141 71
141 72
141 75
141 78
141 82
141 83
141 86
141 87
141 88
141 90
141 92
141 94
141 95
141 96
141 99
141 101
141 103
141 106
141 108
141 109
141 114
141 115
141 116
141 118
141 119
141 120
141 123
141 124
141 125
141 126
141 127
141 128
141 131
141 132
141 135
141 136
141 137
141 139
141 141
141 142
141 143
142 1
142 2
142 3
142 4
142 8
142 11
142 14
142 15
142 16
142 18
142 19
142 20
142 21
142 22
142 26
142 27
142 28
142 29
142 30
142 31
142 33
142 36
142 37
142 42
142 44
142 46
142 54
142 55
142 59
142 61
142 62
142 64
142 65
142 68
142 75
142 78
142 79
142 80
142 82
142 84
142 85
142 87
142 89
142 90
142 92
142 94
142 97
142 102
142 104
142 107
142 108
142 109
142 110
142 111
142 113
142 115
142 116
142 118
142 121
142 122
142 123
142 125
142 127
142 128
142 132
142 134
142 136
142 137
142 140
142 141
143 1
143 2
143 3
143 4
143 8
143 9
143 15
143 17
143 19
143 23
143 24
143 25
143 28
143 30
143 31
143 33
143 34
143 35
143 36
143 37
143 38
143 39
143 42
143 43
143 46
143 48
143 49
143 50
143 51
143 54
143 55
143 56
143 60
143 61
143 62
143 63
143 64
143 65
143 66
143 73
143 75
143 76
143 80
143 83
143 84
143 85
143 88
143 90
143 97
143 98
143 99
143 100
143 102
143 103
143 104
143 105
143 107
143 110
143 113
143 118
143 119
143 120
143 121
143 123
143 124
143 125
143 128
143 129
143 130
143 131
143 132
143 138
143 142
143 143
144 2
144 6
144 7
144 10
144 11
144 14
144 17
144 18
144 19
144 20
144 21
144 28
144 30
144 32
144 33
144 37
144 39
144 44
144 46
144 47
144 48
144 49
144 50
144 51
144 54
144 56
144 58
144 60
144 61
144 62
144 63
144 66
144 67
144 69
144 72
144 73
144 74
144 75
144 78
144 80
144 81
144 82
144 83
144 85
144 88
144 89
144 91
144 92
144 94
144 96
144 98
144 106
144 107
144 109
144 110
144 111
144 113
144 114
144 115
144 116
144 119
144 120
144 125
144 127
144 128
144 130
144 131
144 133
144 134
144 137
144 139
144 141
144 142
144 143
145 1
145 3
145 5
145 6
145 7
145 10
145 11
145 13
145 14
145 17
145 18
145 19
145 20
145 21
145 22
145 23
145 26
145 28
145 32
145 34
145 40
145 43
145 44
145 45
145 47
145 51
145 53
145 55
145 57
145 58
145 63
145 64
145 67
145 71
145 72
145 74
145 75
145 77
145 78
145 80
145 81
145 82
145 84
145 85
145 90
145 94
145 96
145 97
145 98
145 99
145 100
145 101
145 103
145 106
145 108
145 109
145 111
145 114
145 117
145 119
145 120
145 121
145 123
145 126
145 127
145 132
145 136
145 138
145 139
145 142
146 1
146 2
146 6
146 7
146 9
146 11
146 15
146 16
146 19
146 20
146 21
146 22
146 23
146 24
146 28
146 29
146 30
146 31
146 33
146 34
146 37
146 39
146 43
146 44
146 46
146 47
146 48
146 50
146 54
146 57
146 60
146 61
146 62
146 63
146 64
146 65
146 70
146 71
146 74
146 75
146 76
146 77
146 78
146 81
146 82
146 83
146 84
146 85
146 88
146 89
146 90
146 96
146 97
146 98
146 101
146 104
146 106
146 111
146 112
146 113
146 116
146 117
146 118
146 121
146 122
146 123
146 124
146 125
146 129
146 131
146 132
146 136
146 138
146 139
146 140
146 143
147 1
147 3
147 4
147 6
147 7
147 8
147 11
147 12
147 13
147 14
147 15
147 16
147 17
147 21
147 26
147 27
147 28
147 30
147 32
147 33
147 34
147 35
147 38
147 39
147 42
147 44
147 47
147 48
147 49
147 52
147 53
147 58
147 59
147 61
147 63
147 64
147 65
147 66
147 67
147 68
147 69
147 73
147 79
147 81
147 82
147 83
147 84
147 86
147 88
147 89
147 90
147 91
147 93
147 95
147 96
147 98
147 102
147 104
147 105
147 106
147 107
147 108
147 109
147 110
147 112
147 113
147 119
147 120
147 121
147 122
147 123
147 125
147 127
147 128
147 129
147 130
147 133
147 134
147 135
147 144
148 4
148 7
148 8
148 9
148 10
148 12
148 16
148 19
148 20
148 22
148 23
148 24
148 25
148 26
148 33
148 35
148 39
148 40
148 43
148 47
148 48
148 49
148 51
148 52
148 55
148 56
148 57
148 61
148 63
148 66
148 67
148 69
148 72
148 74
148 75
148 77
148 78
148 81
148 86
148 87
148 89
148 90
148 92
148 97
148 98
148 99
148 101
148 102
148 105
148 106
148 108
148 111
148 113
148 115
148 116
148 121
148 123
148 126
148 129
148 131
148 132
148 134
148 135
148 137
148 139
148 141
149 2
149 3
149 4
149 7
149 8
149 10
149 11
149 14
149 15
149 17
149 20
149 22
149 23
149 25
149 27
149 29
149 30
149 31
149 32
149 35
149 37
149 39
149 40
149 42
149 44
149 45
149 47
149 50
149 53
149 56
149 57
149 58
149 62
149 64
149 66
149 67
149 68
149 78
149 79
149 80
149 81
149 82
149 89
149 91
149 92
149 93
149 96
149 97
149 98
149 99
149 100
149 101
149 102
149 103
149 104
149 107
149 109
149 111
149 113
149 114
149 115
149 117
149 120
149 125
149 129
149 132
149 135
149 138
149 139
149 143
150 7
150 9
150 10
150 18
150 20
150 22
150 26
150 29
150 31
150 32
150 34
150 35
150 36
150 37
150 38
150 39
150 40
150 41
150 42
150 45
150 46
150 48
150 49
150 50
150 51
150 55
150 58
150 59
150 60
150 61
150 69
150 72
150 73
150 74
150 75
150 76
150 77
150 78
150 79
150 80
150 84
150 85
150 89
150 91
150 94
150 99
150 100
150 101
150 106
150 107
150 109
150 114
150 115
150 116
150 118
150 119
150 121
150 122
150 124
150 125
150 128
150 131
150 132
150 133
150 134
150 135
150 139
151 1
151 3
151 4
151 12
151 13
151 16
151 19
151 20
151 22
151 24
151 25
151 28
151 32
151 33
151 34
151 35
151 36
151 37
151 40
151 41
151 42
151 43
151 46
151 47
151 49
151 50
151 51
151 52
151 55
151 57
151 60
151 61
151 65
151 66
151 68
151 69
151 71
151 76
151 77
151 78
151 79
151 80
151 81
151 82
151 86
151 88
151 95
151 96
151 97
151 99
151 100
151 102
151 103
151 104
151 106
151 110
151 115
151 118
151 120
151 121
151 122
151 125
151 126
151 127
151 128
151 132
151 133
151 134
151 135
151 138
151 139
151 140
151 141
152 1
152 4
152 5
152 9
152 10
152 11
152 12
152 13
152 16
152 17
152 18
152 19
152 20
152 21
152 23
152 24
152 25
152 27
152 28
152 29
152 31
152 34
152 38
152 39
152 40
152 42
152 45
152 48
152 49
152 52
152 53
152 54
152 57
152 59
152 62
152 68
152 69
152 70
152 72
152 73
152 80
152 82
152 83
152 84
152 86
152 87
152 88
152 89
152 91
152 92
152 94
152 96
152 98
152 99
152 104
152 107
152 108
152 109
152 110
152 111
152 112
152 116
152 117
152 119
152 120
152 121
152 124
152 125
152 128
152 130
152 131
152 133
152 134
152 137
152 138
152 140
152 141
153 1
153 2
153 3
153 4
153 6
153 7
153 9
153 10
153 12
153 13
153 14
153 15
153 16
153 17
153 18
153 19
153 22
153 23
153 25
153 26
153 28
153 29
153 30
153 31
153 32
153 34
153 35
153 36
153 45
153 46
153 47
153 48
153 49
153 51
153 52
153 54
153 56
153 57
153 60
153 61
153 63
153 67
153 68
153 69
153 73
153 74
153 75
153 77
153 80
153 83
153 84
153 87
153 89
153 91
153 96
153 97
153 98
153 101
153 102
153 103
153 104
153 107
153 109
153 110
153 112
153 115
153 116
153 117
153 119
153 120
153 121
153 122
153 123
153 124
153 125
153 127
153 128
153 130
153 131
153 132
153 133
153 136
153 137
153 140
153 141
153 143
154 3
154 6
154 7
154 9
154 10
154 11
154 13
154 14
154 15
154 17
154 18
154 20
154 21
154 22
154 23
154 24
154 25
154 27
154 28
154 31
154 33
154 34
154 35
154 37
154 39
154 40
154 43
154 46
154 47
154 48
154 49
154 50
154 52
154 57
154 60
154 62
154 63
154 73
154 74
154 76
154 81
154 83
154 84
154 86
154 89
154 97
154 101
154 103
154 105
154 106
154 108
154 110
154 111
154 112
154 114
154 115
154 116
154 117
154 118
154 123
154 124
154 126
154 128
154 130
154 134
154 135
154 137
154 138
154 139
154 141
155 2
155 4
155 5
155 6
155 7
155 8
155 9
155 10
155 12
155 21
155 22
155 28
155 33
155 37
155 42
155 44
155 45
155 48
155 51
155 58
155 60
155 61
155 64
155 68
155 72
155 73
155 74
155 75
155 76
155 77
155 78
155 79
155 80
155 82
155 84
155 86
155 87
155 90
155 92
155 94
155 95
155 96
155 98
155 101
155 103
155 104
155 105
155 107
155 108
155 109
155 119
155 122
155 123
155 124
155 128
155 129
155 131
155 132
155 134
155 135
156 3
156 6
156 7
156 9
156 15
156 18
156 19
156 20
156 26
156 28
156 31
156 34
156 38
156 40
156 42
156 44
156 50
156 51
156 53
156 54
156 55
156 57
156 58
156 59
156 65
156 66
156 69
156 70
156 73
156 74
156 76
156 78
156 79
156 81
156 82
156 83
156 85
156 87
156 88
156 89
156 90
156 92
156 94
156 96
156 98
156 100
156 103
156 106
156 107
156 110
156 111
156 115
156 116
156 117
156 119
156 120
156 125
156 127
156 129
156 132
156 133
156 134
156 135
156 136
156 137
156 139
156 140
156 141
156 144
157 3
157 5
157 6
157 9
157 13
157 14
157 18
157 19
157 26
157 30
157 31
157 32
157 33
157 34
157 40
157 41
157 42
157 43
157 44
157 47
157 49
157 51
157 52
157 53
157 54
157 58
157 61
157 65
157 66
157 68
157 69
157 71
157 72
157 73
157 74
157 76
157 77
157 78
157 80
157 81
157 83
157 86
157 87
157 89
157 91
157 94
157 95
157 96
157 100
157 101
157 105
157 107
157 109
157 111
157 113
157 114
157 115
157 116
157 121
157 122
157 123
157 128
157 129
157 131
157 133
157 136
157 137
157 144
158 1
158 2
158 3
158 8
158 10
158 12
158 13
158 15
158 19
158 20
158 21
158 22
158 23
158 25
158 26
158 28
158 29
158 31
158 32
158 34
158 35
158 38
158 39
158 40
158 43
158 45
158 46
158 47
158 50
158 54
158 56
158 58
158 60
158 63
158 65
158 66
158 68
158 69
158 70
158 71
158 72
158 73
158 74
158 76
158 78
158 80
158 81
158 88
158 89
158 91
158 92
158 94
158 95
158 96
158 97
158 98
158 99
158 101
158 102
158 105
158 106
158 107
158 114
158 115
158 118
158 119
158 120
158 121
158 123
158 126
158 128
158 130
158 132
158 137
158 139
158 141
158 142
158 143
159 2
159 5
159 7
159 9
159 13
159 14
159 17
159 19
159 22
159 24
159 27
159 28
159 29
159 30
159 32
159 33
159 34
159 35
159 38
159 41
159 42
159 44
159 45
159 46
159 50
159 51
159 52
159 53
159 55
159 56
159 59
159 60
159 61
159 64
159 65
159 67
159 69
159 71
159 72
159 80
159 82
159 86
159 88
159 90
159 94
159 95
159 100
159 103
159 104
159 107
159 113
159 115
159 119
159 122
159 125
159 126
159 127
159 128
159 129
159 130
159 132
159 133
159 134
159 136
159 137
159 139
159 141
159 144
160 3
160 5
160 8
160 9
160 10
160 11
160 12
160 13
160 17
160 18
160 19
160 20
160 21
160 24
160 27
160 29
160 32
160 36
160 37
160 38
160 39
160 40
160 46
160 48
160 50
160 51
160 52
160 53
160 54
160 62
160 66
160 68
160 69
160 70
160 71
160 72
160 73
160 76
160 77
160 79
160 80
160 81
160 82
160 84
160 85
160 86
160 87
160 90
160 92
160 94
160 95
160 96
160 97
160 99
160 102
160 103
160 105
160 106
160 107
160 113
160 119
160 120
160 121
160 122
160 124
160 125
160 128
160 131
160 132
160 133
160 135
160 144
161 2
161 3
161 4
161 5
161 10
161 11
161 13
161 15
161 16
161 17
161 18
161 20
161 21
161 23
161 24
161 25
161 26
161 27
161 28
161 29
161 31
161 32
161 33
161 34
161 38
161 39
161 40
161 42
161 45
161 46
161 50
161 53
161 54
161 55
161 56
161 60
161 61
161 63
161 66
161 67
161 69
161 71
161 72
161 73
161 76
161 79
161 80
161 81
161 84
161 86
161 87
161 91
161 92
161 93
161 95
161 97
161 98
161 100
161 101
161 103
161 105
161 106
161 108
161 110
161 113
161 115
161 118
161 119
161 121
161 122
161 124
161 126
161 127
161 128
161 133
161 142
161 143
162 2
162 4
162 6
162 11
162 16
162 17
162 22
162 26
162 27
162 28
162 32
162 34
162 39
162 44
162 46
162 49
162 51
162 53
162 54
162 57
162 58
162 59
162 60
162 61
162 62
162 64
162 65
162 66
162 67
162 68
162 69
162 70
162 71
162 74
162 76
162 77
162 82
162 83
162 87
162 88
162 91
162 92
162 94
162 95
162 97
162 98
162 102
162 104
162 105
162 106
162 107
162 110
162 111
162 113
162 115
162 116
162 117
162 119
162 120
162 121
162 123
162 124
162 126
162 128
162 130
162 131
162 135
162 137
162 139
162 140
162 141
163 2
163 3
163 4
163 6
163 8
163 9
163 10
163 11
163 14
163 15
163 16
163 17
163 18
163 19
163 24
163 25
163 26
163 28
163 29
163 30
163 31
163 32
163 33
163 34
163 36
163 37
163 38
163 39
163 40
163 43
163 46
163 47
163 48
163 49
163 51
163 52
163 54
163 55
163 56
163 59
163 60
163 63
163 64
163 65
163 66
163 67
163 68
163 72
163 73
163 74
163 78
163 79
163 82
163 83
163 84
163 86
163 88
163 89
163 90
163 93
163 94
163 95
163 96
163 97
163 100
163 103
163 105
163 108
163 109
163 111
163 114
163 115
163 118
163 119
163 120
163 122
163 125
163 127
163 129
163 130
163 131
163 133
163 134
163 135
163 136
163 139
163 140
163 141
163 142
164 6
164 7
164 10
164 11
164 14
164 15
164 16
164 18
164 19
164 21
164 22
164 24
164 25
164 26
164 30
164 32
164 33
164 36
164 39
164 41
164 49
164 52
164 53
164 54
164 58
164 59
164 60
164 63
164 69
164 71
164 72
164 73
164 75
164 77
164 78
164 80
164 89
164 90
164 92
164 94
164 95
164 97
164 98
164 100
164 101
164 102
164 104
164 110
164 120
164 121
164 122
164 124
164 127
164 128
164 129
164 130
164 134
164 136
164 137
164 138
164 139
164 140
164 144
165 2
165 5
165 6
165 11
165 12
165 13
165 15
165 20
165 22
165 23
165 25
165 26
165 28
165 29
165 30
165 32
165 36
165 40
165 41
165 43
165 44
165 45
165 47
165 50
165 51
165 52
165 54
165 56
165 57
165 63
165 66
165 70
165 71
165 77
165 79
165 80
165 81
165 82
165 83
165 85
165 86
165 88
165 90
165 91
165 92
165 94
165 96
165 98
165 99
165 100
165 102
165 103
165 105
165 106
165 108
165 114
165 117
165 119
165 121
165 125
165 126
165 130
165 132
165 135
165 136
165 139
165 144
166 1
166 5
166 6
166 7
166 11
166 16
166 18
166 19
166 20
166 23
166 24
166 26
166 27
166 30
166 32
166 34
166 36
166 37
166 39
166 40
166 41
166 42
166 43
166 44
166 45
166 48
166 51
166 52
166 53
166 55
166 56
166 57
166 58
166 61
166 62
166 64
166 65
166 69
166 70
166 71
166 72
166 73
166 74
166 75
166 76
166 77
166 79
166 81
166 82
166 84
166 85
166 86
166 87
166 89
166 93
166 94
166 98
166 99
166 100
166 103
166 104
166 106
166 107
166 108
166 109
166 111
166 114
166 116
166 117
166 118
166 120
166 123
166 124
166 127
166 130
166 131
166 133
166 134
166 140
166 143
166 144
167 4
167 5
167 7
167 8
167 9
167 10
167 11
167 12
167 15
167 17
167 19
167 21
167 22
167 24
167 25
167 26
167 27
167 29
167 30
167 33
167 34
167 35
167 38
167 40
167 41
167 43
167 44
167 46
167 47
167 48
167 51
167 53
167 54
167 55
167 56
167 57
167 58
167 59
167 60
167 61
167 62
167 63
167 64
167 65
167 66
167 67
167 68
167 72
167 80
167 86
167 87
167 88
167 89
167 90
167 91
167 93
167 94
167 98
167 100
167 102
167 103
167 104
167 108
167 111
167 114
167 119
167 120
167 123
167 125
167 128
167 129
167 132
167 135
167 140
167 142
167 144
168 5
168 7
168 9
168 11
168 12
168 13
168 14
168 15
168 19
168 20
168 21
168 24
168 26
168 28
168 31
168 33
168 37
168 41
168 43
168 46
168 47
168 51
168 54
168 55
168 57
168 59
168 64
168 65
168 68
168 69
168 72
168 74
168 76
168 77
168 78
168 79
168 80
168 81
168 89
168 90
168 91
168 93
168 95
168 96
168 97
168 98
168 99
168 103
168 110
168 111
168 112
168 113
168 117
168 118
168 119
168 122
168 123
168 124
168 126
168 127
168 128
168 130
168 131
168 132
168 134
168 135
168 136
168 139
168 141
168 142
168 143
168 144
169 3
169 5
169 6
169 8
169 9
169 10
169 11
169 12
169 13
169 14
169 15
169 16
169 17
169 18
169 19
169 20
169 21
169 23
169 25
169 26
169 28
169 31
169 34
169 35
169 39
169 40
169 41
169 42
169 43
169 44
169 46
169 48
169 51
169 52
169 53
169 56
169 57
169 59
169 65
169 67
169 68
169 69
169 71
169 72
169 74
169 75
169 76
169 77
169 78
169 79
169 80
169 81
169 82
169 83
169 86
169 88
169 89
169 91
169 92
169 96
169 97
169 99
169 100
169 103
169 106
169 108
169 109
169 110
169 111
169 112
169 114
169 115
169 117
169 118
169 120
169 121
169 123
169 124
169 125
169 133
169 136
169 137
169 140
169 141
169 142
169 143
170 1
170 2
170 3
170 4
170 7
170 9
170 12
170 13
170 14
170 16
170 17
170 18
170 22
170 23
170 24
170 25
170 26
170 28
170 32
170 38
170 39
170 41
170 44
170 45
170 46
170 51
170 52
170 55
170 56
170 57
170 58
170 59
170 61
170 64
170 65
170 68
170 69
170 70
170 72
170 74
170 75
170 76
170 78
170 80
170 81
170 82
170 84
170 85
170 89
170 93
170 94
170 95
170 96
170 98
170 101
170 103
170 104
170 105
170 106
170 108
170 109
170 110
170 111
170 115
170 120
170 123
170 124
170 125
170 127
170 128
170 131
170 133
170 134
170 135
170 136
170 137
170 139
170 140
170 141
170 144
171 2
171 4
171 8
171 10
171 12
171 14
171 15
171 18
171 20
171 21
171 26
171 27
171 28
171 30
171 31
171 32
171 34
171 36
171 37
171 38
171 47
171 48
171 49
171 50
171 51
171 54
171 56
171 58
171 59
171 60
171 61
171 65
171 68
171 71
171 72
171 74
171 75
171 79
171 80
171 81
171 83
171 85
171 86
171 88
171 90
171 91
171 93
171 94
171 97
171 100
171 107
171 108
171 109
171 112
171 114
171 115
171 118
171 121
171 122
171 125
171 126
171 130
171 133
171 134
171 135
171 136
171 137
171 139
171 141
171 142
171 143
172 1
172 5
172 8
172 10
172 12
172 13
172 14
172 15
172 19
172 20
172 22
172 23
172 24
172 25
172 26
172 28
172 31
172 32
172 34
172 36
172 39
172 40
172 41
172 42
172 43
172 44
172 45
172 46
172 48
172 49
172 53
172 54
172 55
172 57
172 58
172 65
172 69
172 70
172 74
172 77
172 80
172 81
172 84
172 86
172 90
172 93
172 97
172 98
172 102
172 105
172 107
172 108
172 110
172 111
172 112
172 113
172 121
172 122
172 126
172 128
172 129
172 130
172 133
172 136
172 137
172 138
172 139
172 142
172 143
172 144
173 1
173 2
173 3
173 5
173 7
173 9
173 11
173 13
173 14
173 16
173 21
173 22
173 29
173 31
173 33
173 34
173 35
173 36
173 38
173 39
173 40
173 41
173 42
173 43
173 46
173 49
173 52
173 55
173 58
173 61
173 62
173 64
173 66
173 69
173 70
173 72
173 73
173 75
173 76
173 80
173 82
173 83
173 85
173 88
173 89
173 94
173 95
173 96
173 100
173 101
173 102
173 104
173 106
173 109
173 111
173 112
173 113
173 114
173 115
173 116
173 119
173 121
173 123
173 124
173 125
173 126
173 127
173 129
173 130
173 131
173 134
173 136
173 137
173 138
173 140
173 142
173 144
174 1
174 2
174 3
174 4
174 5
174 6
174 7
174 8
174 9
174 12
174 14
174 16
174 17
174 18
174 20
174 22
174 23
174 28
174 30
174 31
174 34
174 35
174 37
174 38
174 40
174 41
174 42
174 43
174 44
174 45
174 46
174 47
174 49
174 50
174 51
174 53
174 54
174 55
174 56
174 59
174 60
174 62
174 63
174 68
174 70
174 71
174 72
174 74
174 76
174 77
174 79
174 80
174 81
174 82
174 83
174 86
174 87
174 88
174 89
174 91
174 92
174 99
174 101
174 102
174 105
174 110
174 112
174 113
174 119
174 120
174 121
174 123
174 125
174 131
174 133
174 134
174 135
174 137
174 140
174 142
174 144
175 1
175 2
175 3
175 5
175 6
175 7
175 9
175 10
175 11
175 14
175 15
175 21
175 22
175 24
175 25
175 26
175 28
175 30
175 31
175 32
175 33
175 34
175 37
175 38
175 40
175 41
175 42
175 44
175 45
175 48
175 49
175 53
175 54
175 56
175 59
175 61
175 64
175 65
175 66
175 67
175 68
175 77
175 81
175 82
175 83
175 84
175 88
175 92
175 93
175 95
175 97
175 100
175 101
175 102
175 103
175 108
175 111
175 113
175 115
175 116
175 119
175 121
175 124
175 125
175 128
175 129
175 131
175 134
175 135
175 137
175 138
175 139
175 141
175 142
175 144
176 2
176 3
176 6
176 8
176 9
176 11
176 12
176 13
176 16
176 18
176 20
176 22
176 23
176 30
176 32
176 33
176 34
176 35
176 37
176 38
176 40
176 41
176 42
176 43
176 46
176 48
176 49
176 53
176 54
176 55
176 56
176 57
176 63
176 67
176 69
176 71
176 72
176 73
176 75
176 78
176 79
176 81
176 82
176 88
176 91
176 92
176 94
176 97
176 98
176 100
176 101
176 102
176 104
176 106
176 108
176 110
176 112
176 113
176 115
176 116
176 118
176 120
176 122
176 127
176 129
176 130
176 133
176 134
176 136
176 137
176 138
176 141
177 1
177 2
177 3
177 5
177 6
177 7
177 8
177 11
177 12
177 16
177 19
177 20
177 21
177 24
177 27
177 28
177 29
177 30
177 31
177 33
177 36
177 39
177 45
177 49
177 50
177 53
177 54
177 55
177 57
177 58
177 61
177 64
177 66
177 70
177 73
177 77
177 78
177 79
177 80
177 81
177 82
177 88
177 91
177 92
177 95
177 97
177 99
177 100
177 103
177 104
177 105
177 106
177 107
177 108
177 109
177 112
177 113
177 115
177 116
177 117
177 119
177 123
177 125
177 126
177 128
177 130
177 131
177 132
177 133
177 134
177 135
177 140
177 142
177 143
178 7
178 9
178 10
178 12
178 14
178 16
178 17
178 20
178 21
178 22
178 25
178 27
178 30
178 31
178 32
178 34
178 35
178 37
178 38
178 41
178 42
178 43
178 45
178 46
178 47
178 49
178 52
178 54
178 55
178 57
178 61
178 62
178 64
178 65
178 66
178 67
178 68
178 70
178 71
178 72
178 75
178 76
178 77
178 79
178 80
178 82
178 85
178 87
178 91
178 92
178 95
178 96
178 97
178 98
178 101
178 104
178 106
178 107
178 108
178 111
178 113
178 116
178 119
178 120
178 122
178 123
178 130
178 134
178 135
178 137
178 138
178 139
178 140
178 142
178 144
179 2
179 4
179 7
179 9
179 11
179 13
179 18
179 19
179 20
179 21
179 22
179 31
179 32
179 36
179 37
179 38
179 40
179 42
179 46
179 47
179 48
179 50
179 56
179 57
179 59
179 60
179 61
179 63
179 64
179 65
179 68
179 70
179 72
179 73
179 74
179 76
179 77
179 78
179 79
179 81
179 82
179 83
179 84
179 86
179 88
179 90
179 92
179 93
179 95
179 96
179 97
179 98
179 101
179 103
179 105
179 106
179 108
179 109
179 112
179 113
179 115
179 117
179 120
179 122
179 123
179 128
179 131
179 132
179 134
179 136
179 137
179 139
180 2
180 4
180 6
180 7
180 9
180 10
180 11
180 12
180 13
180 17
180 20
180 23
180 24
180 27
180 29
180 32
180 33
180 34
180 35
180 36
180 37
180 38
180 41
180 43
180 45
180 46
180 48
180 50
180 55
180 56
180 58
180 60
180 61
180 63
180 64
180 65
180 67
180 71
180 72
180 75
180 78
180 80
180 81
180 82
180 88
180 89
180 90
180 91
180 92
180 94
180 100
180 102
180 104
180 105
180 110
180 113
180 114
180 118
180 119
180 120
180 121
180 123
180 124
180 126
180 127
180 129
180 132
180 136
180 137
180 138
180 139
180 141
180 144
