100 80 4065 20
1 2
1 4
1 5
1 6
1 8
1 9
1 10
1 12
1 14
1 16
1 17
1 18
1 19
1 20
1 21
1 22
1 25
1 26
1 28
1 29
1 30
1 33
1 34
1 36
1 37
1 38
1 40
1 44
1 48
1 50
1 53
1 55
1 56
1 57
1 60
1 61
1 62
1 65
1 66
1 67
1 69
1 71
1 73
1 75
1 78
1 80
2 1
2 8
2 10
2 11
2 12
2 13
2 17
2 18
2 19
2 20
2 23
2 24
2 25
2 26
2 29
2 32
2 33
2 35
2 36
2 38
2 40
2 41
2 43
2 44
2 49
2 51
2 55
2 58
2 60
2 61
2 64
2 65
2 68
2 70
2 72
2 75
2 80
3 1
3 3
3 8
3 9
3 10
3 13
3 14
3 16
3 18
3 19
3 21
3 24
3 29
3 30
3 31
3 34
3 37
3 41
3 42
3 44
3 45
3 47
3 49
3 51
3 52
3 54
3 55
3 56
3 60
3 62
3 63
3 64
3 65
3 66
3 68
3 70
3 73
3 74
3 79
4 5
4 7
4 8
4 9
4 10
4 14
4 15
4 17
4 18
4 19
4 24
4 25
4 26
4 29
4 30
4 32
4 34
4 35
4 39
4 42
4 43
4 45
4 46
4 49
4 50
4 52
4 54
4 57
4 58
4 61
4 63
4 64
4 65
4 69
4 70
4 74
4 75
4 76
4 78
5 1
5 5
5 6
5 8
5 11
5 12
5 13
5 15
5 18
5 20
5 24
5 25
5 26
5 28
5 31
5 32
5 36
5 37
5 38
5 39
5 41
5 42
5 43
5 44
5 45
5 47
5 48
5 52
5 56
5 58
5 59
5 61
5 64
5 69
5 73
5 75
5 79
5 80
6 3
6 4
6 6
6 7
6 8
6 9
6 10
6 12
6 17
6 18
6 19
6 21
6 25
6 26
6 28
6 29
6 30
6 31
6 34
6 35
6 38
6 39
6 40
6 41
6 46
6 47
6 48
6 49
6 50
6 51
6 52
6 53
6 54
6 61
6 62
6 63
6 71
6 72
6 73
6 76
6 78
6 79
6 80
7 1
7 2
7 4
7 9
7 11
7 16
7 17
7 18
7 20
7 21
7 23
7 25
7 26
7 28
7 30
7 32
7 33
7 35
7 37
7 38
7 39
7 41
7 44
7 45
7 47
7 48
7 50
7 51
7 54
7 59
7 60
7 61
7 65
7 66
7 67
7 68
7 73
7 75
7 79
7 80
8 2
8 6
8 9
8 12
8 14
8 15
8 16
8 17
8 20
8 22
8 30
8 31
8 32
8 34
8 37
8 41
8 42
8 43
8 44
8 46
8 47
8 48
8 49
8 55
8 56
8 58
8 59
8 61
8 63
8 64
8 66
8 68
8 69
8 70
8 72
8 75
8 76
8 77
8 78
8 80
9 1
9 5
9 10
9 13
9 16
9 17
9 18
9 19
9 22
9 24
9 25
9 27
9 28
9 29
9 30
9 32
9 33
9 37
9 38
9 39
9 42
9 45
9 46
9 50
9 52
9 56
9 59
9 62
9 63
9 64
9 65
9 66
9 67
9 69
9 71
9 79
10 1
10 5
10 6
10 7
10 8
10 9
10 10
10 11
10 12
10 13
10 14
10 15
10 16
10 17
10 18
10 19
10 25
10 26
10 27
10 28
10 31
10 34
10 37
10 40
10 41
10 43
10 48
10 50
10 51
10 53
10 54
10 55
10 58
10 61
10 62
10 63
10 64
10 65
10 66
10 67
10 68
10 69
10 71
10 73
10 78
10 79
11 2
11 3
11 5
11 6
11 8
11 9
11 10
11 13
11 14
11 15
11 19
11 22
11 25
11 27
11 29
11 31
11 32
11 36
11 39
11 41
11 43
11 44
11 45
11 47
11 49
11 50
11 51
11 55
11 59
11 61
11 63
11 64
11 65
11 66
11 68
11 69
11 75
11 77
11 78
11 79
12 1
12 2
12 3
12 5
12 6
12 7
12 8
12 9
12 10
12 13
12 14
12 15
12 16
12 17
12 23
12 24
12 27
12 32
12 34
12 37
12 38
12 39
12 44
12 47
12 50
12 52
12 53
12 56
12 59
12 61
12 62
12 65
12 66
12 70
12 73
12 74
12 76
12 77
12 79
12 80
13 1
13 2
13 3
13 5
13 7
13 8
13 12
13 14
13 15
13 18
13 19
13 22
13 24
13 27
13 32
13 33
13 34
13 36
13 37
13 38
13 40
13 42
13 46
13 47
13 48
13 49
13 52
13 53
13 54
13 55
13 58
13 60
13 62
13 63
13 64
13 65
13 68
13 70
13 71
13 72
13 75
13 77
13 78
13 79
13 80
14 3
14 7
14 8
14 9
14 13
14 17
14 18
14 19
14 23
14 25
14 26
14 27
14 29
14 30
14 32
14 33
14 35
14 36
14 37
14 43
14 44
14 47
14 48
14 49
14 51
14 55
14 57
14 62
14 64
14 68
14 70
14 71
14 72
14 73
14 74
14 77
14 78
14 79
14 80
15 1
15 3
15 4
15 10
15 13
15 15
15 17
15 20
15 21
15 23
15 24
15 28
15 29
15 30
15 32
15 33
15 34
15 36
15 39
15 42
15 43
15 44
15 46
15 47
15 50
15 51
15 52
15 54
15 55
15 57
15 59
15 64
15 65
15 66
15 68
15 71
15 72
15 75
15 79
15 80
16 1
16 2
16 4
16 5
16 6
16 10
16 11
16 14
16 15
16 17
16 18
16 21
16 22
16 26
16 27
16 28
16 30
16 33
16 41
16 42
16 45
16 46
16 47
16 48
16 50
16 53
16 55
16 59
16 61
16 62
16 63
16 67
16 68
16 74
16 76
16 78
16 79
17 2
17 3
17 5
17 8
17 13
17 15
17 16
17 17
17 18
17 19
17 21
17 22
17 23
17 27
17 28
17 29
17 30
17 34
17 36
17 37
17 39
17 41
17 42
17 46
17 47
17 49
17 50
17 52
17 53
17 54
17 55
17 57
17 58
17 60
17 61
17 62
17 63
17 66
17 69
17 70
17 71
17 75
17 76
17 77
17 78
18 1
18 2
18 3
18 4
18 7
18 8
18 10
18 11
18 12
18 14
18 16
18 17
18 21
18 25
18 27
18 31
18 32
18 43
18 44
18 45
18 49
18 53
18 55
18 57
18 58
18 61
18 62
18 65
18 66
18 67
18 69
18 70
18 75
18 77
18 79
19 4
19 6
19 7
19 8
19 9
19 10
19 13
19 14
19 15
19 17
19 18
19 19
19 20
19 21
19 22
19 23
19 30
19 33
19 36
19 37
19 38
19 39
19 40
19 41
19 43
19 45
19 47
19 48
19 51
19 53
19 54
19 55
19 57
19 61
19 62
19 64
19 65
19 66
19 67
19 68
19 70
19 71
19 72
19 73
19 75
19 76
19 78
19 80
20 5
20 6
20 8
20 9
20 10
20 11
20 14
20 15
20 17
20 20
20 21
20 22
20 24
20 25
20 33
20 34
20 35
20 36
20 37
20 38
20 40
20 41
20 42
20 44
20 45
20 47
20 48
20 52
20 55
20 57
20 59
20 61
20 62
20 64
20 66
20 67
20 69
20 71
20 72
20 73
20 75
20 76
20 78
20 80
21 1
21 3
21 4
21 5
21 8
21 11
21 12
21 13
21 16
21 17
21 19
21 20
21 22
21 23
21 25
21 26
21 31
21 32
21 34
21 35
21 36
21 37
21 39
21 41
21 43
21 44
21 45
21 46
21 48
21 51
21 52
21 54
21 57
21 58
21 59
21 61
21 64
21 65
21 67
21 68
21 70
21 73
21 74
21 76
21 77
21 78
21 79
21 80
22 1
22 2
22 3
22 6
22 7
22 8
22 11
22 12
22 13
22 14
22 15
22 17
22 18
22 19
22 20
22 25
22 27
22 28
22 30
22 31
22 32
22 35
22 36
22 37
22 40
22 41
22 42
22 43
22 44
22 46
22 47
22 50
22 52
22 53
22 54
22 55
22 58
22 61
22 63
22 64
22 66
22 67
22 69
22 72
22 76
22 79
23 8
23 12
23 13
23 15
23 16
23 18
23 19
23 21
23 22
23 23
23 24
23 25
23 29
23 33
23 35
23 36
23 37
23 38
23 41
23 46
23 50
23 53
23 56
23 57
23 58
23 59
23 60
23 61
23 68
23 70
23 71
23 75
23 76
23 80
24 1
24 3
24 4
24 5
24 6
24 10
24 14
24 16
24 17
24 20
24 21
24 22
24 26
24 28
24 30
24 33
24 36
24 37
24 39
24 40
24 41
24 43
24 44
24 45
24 46
24 48
24 49
24 50
24 51
24 52
24 53
24 54
24 55
24 57
24 58
24 59
24 62
24 66
24 67
24 68
24 69
24 71
24 72
24 74
24 75
24 76
24 78
25 1
25 2
25 5
25 10
25 16
25 17
25 19
25 20
25 26
25 27
25 30
25 34
25 38
25 43
25 47
25 48
25 51
25 58
25 59
25 62
25 64
25 65
25 71
25 74
25 75
25 76
25 77
25 79
26 2
26 3
26 4
26 7
26 9
26 10
26 11
26 14
26 15
26 19
26 21
26 23
26 25
26 26
26 27
26 28
26 33
26 34
26 37
26 38
26 39
26 40
26 41
26 45
26 46
26 47
26 49
26 51
26 53
26 56
26 60
26 62
26 63
26 64
26 69
26 70
26 72
26 73
26 74
26 75
26 77
26 79
26 80
27 4
27 6
27 7
27 8
27 9
27 19
27 22
27 24
27 25
27 26
27 27
27 28
27 29
27 36
27 37
27 38
27 42
27 44
27 45
27 46
27 47
27 48
27 51
27 56
27 57
27 63
27 65
27 67
27 69
27 71
27 75
27 76
27 77
27 78
27 79
27 80
28 1
28 2
28 3
28 5
28 6
28 7
28 9
28 10
28 13
28 14
28 18
28 19
28 20
28 21
28 22
28 23
28 24
28 25
28 26
28 28
28 33
28 34
28 35
28 42
28 43
28 44
28 45
28 47
28 48
28 49
28 51
28 54
28 56
28 59
28 60
28 61
28 64
28 65
28 67
28 68
28 69
28 70
28 71
28 74
28 75
28 77
28 78
28 80
29 2
29 3
29 6
29 7
29 11
29 14
29 15
29 20
29 25
29 28
29 29
29 30
29 33
29 36
29 40
29 41
29 45
29 48
29 50
29 52
29 53
29 55
29 60
29 61
29 63
29 66
29 67
29 68
29 69
29 70
29 76
29 78
30 3
30 5
30 6
30 7
30 8
30 10
30 12
30 13
30 14
30 19
30 20
30 22
30 28
30 30
30 32
30 33
30 36
30 37
30 40
30 42
30 43
30 44
30 46
30 48
30 49
30 50
30 53
30 55
30 57
30 61
30 62
30 63
30 64
30 65
30 67
30 70
30 71
30 72
30 73
30 76
30 80
31 3
31 4
31 5
31 6
31 8
31 10
31 12
31 15
31 16
31 20
31 21
31 22
31 24
31 26
31 27
31 28
31 29
31 30
31 34
31 43
31 44
31 46
31 47
31 50
31 53
31 55
31 59
31 60
31 61
31 63
31 64
31 65
31 66
31 70
31 73
31 74
31 75
31 77
31 79
31 80
32 1
32 4
32 6
32 7
32 8
32 9
32 13
32 15
32 16
32 17
32 18
32 21
32 22
32 27
32 29
32 32
32 35
32 36
32 39
32 41
32 42
32 46
32 47
32 48
32 50
32 51
32 52
32 54
32 63
32 65
32 67
32 75
32 77
32 79
32 80
33 4
33 10
33 11
33 12
33 15
33 20
33 21
33 23
33 24
33 25
33 26
33 27
33 28
33 29
33 30
33 33
33 34
33 37
33 40
33 41
33 45
33 46
33 51
33 53
33 55
33 57
33 59
33 63
33 65
33 66
33 67
33 69
33 71
33 73
33 75
33 76
34 1
34 4
34 5
34 7
34 10
34 11
34 12
34 13
34 16
34 17
34 27
34 28
34 33
34 34
34 36
34 37
34 38
34 41
34 42
34 43
34 44
34 45
34 50
34 52
34 53
34 55
34 59
34 61
34 62
34 66
34 67
34 71
34 74
34 76
34 78
34 79
34 80
35 2
35 4
35 10
35 12
35 13
35 15
35 16
35 17
35 24
35 27
35 28
35 31
35 35
35 37
35 38
35 39
35 40
35 43
35 44
35 45
35 49
35 50
35 51
35 52
35 53
35 56
35 57
35 58
35 59
35 62
35 65
35 68
35 70
35 71
35 72
35 73
35 74
35 76
35 78
35 79
36 2
36 5
36 7
36 8
36 9
36 10
36 11
36 14
36 15
36 16
36 19
36 20
36 21
36 24
36 27
36 28
36 30
36 33
36 37
36 39
36 40
36 42
36 43
36 44
36 45
36 48
36 51
36 53
36 54
36 55
36 57
36 58
36 59
36 65
36 66
36 67
36 68
36 69
36 70
36 71
36 72
36 74
36 75
36 76
36 77
36 80
37 1
37 6
37 7
37 9
37 11
37 13
37 17
37 18
37 19
37 23
37 25
37 26
37 28
37 30
37 32
37 33
37 35
37 38
37 40
37 41
37 43
37 46
37 47
37 48
37 49
37 50
37 51
37 52
37 53
37 54
37 55
37 56
37 59
37 63
37 65
37 66
37 68
37 71
37 73
37 74
37 75
37 77
38 2
38 3
38 4
38 5
38 11
38 14
38 15
38 16
38 17
38 18
38 20
38 21
38 22
38 25
38 28
38 29
38 30
38 31
38 32
38 33
38 37
38 41
38 43
38 44
38 46
38 47
38 48
38 49
38 50
38 53
38 54
38 56
38 58
38 60
38 62
38 64
38 66
38 67
38 68
38 72
38 74
38 75
38 78
38 79
39 1
39 2
39 4
39 7
39 10
39 11
39 12
39 13
39 17
39 18
39 19
39 20
39 21
39 22
39 26
39 28
39 30
39 33
39 34
39 37
39 39
39 40
39 42
39 43
39 48
39 50
39 51
39 52
39 57
39 58
39 59
39 60
39 61
39 62
39 63
39 67
39 70
39 71
39 72
39 73
39 74
39 76
39 78
39 79
40 1
40 2
40 4
40 5
40 14
40 16
40 18
40 19
40 20
40 21
40 23
40 24
40 25
40 26
40 28
40 31
40 34
40 35
40 36
40 37
40 38
40 41
40 42
40 43
40 44
40 45
40 47
40 50
40 51
40 53
40 56
40 57
40 60
40 61
40 62
40 65
40 68
40 69
40 70
40 71
40 72
40 75
40 76
40 77
41 1
41 3
41 5
41 8
41 9
41 10
41 14
41 16
41 19
41 21
41 24
41 29
41 31
41 32
41 34
41 35
41 37
41 38
41 39
41 41
41 42
41 44
41 49
41 50
41 51
41 52
41 55
41 56
41 57
41 61
41 63
41 67
41 68
41 70
41 72
41 73
41 74
41 75
41 77
42 2
42 3
42 4
42 6
42 7
42 12
42 13
42 14
42 19
42 21
42 23
42 25
42 29
42 32
42 33
42 34
42 35
42 36
42 38
42 39
42 42
42 43
42 47
42 48
42 49
42 50
42 52
42 53
42 54
42 55
42 58
42 63
42 67
42 69
42 70
42 72
42 73
42 74
42 75
42 78
42 79
43 1
43 2
43 3
43 6
43 8
43 9
43 12
43 13
43 16
43 18
43 19
43 22
43 23
43 25
43 27
43 28
43 29
43 30
43 31
43 36
43 37
43 41
43 43
43 44
43 51
43 52
43 53
43 56
43 57
43 58
43 59
43 61
43 68
43 71
43 72
43 73
43 74
43 75
43 78
43 80
44 1
44 2
44 5
44 8
44 9
44 14
44 15
44 16
44 18
44 19
44 20
44 25
44 26
44 27
44 29
44 30
44 33
44 36
44 38
44 39
44 43
44 44
44 46
44 47
44 48
44 49
44 50
44 51
44 53
44 54
44 56
44 57
44 59
44 61
44 63
44 64
44 65
44 66
44 70
44 73
44 75
44 76
44 78
45 2
45 3
45 6
45 9
45 10
45 12
45 16
45 17
45 18
45 20
45 22
45 24
45 26
45 27
45 29
45 32
45 35
45 37
45 38
45 39
45 40
45 41
45 46
45 49
45 53
45 55
45 58
45 59
45 61
45 64
45 66
45 68
45 69
45 73
45 76
45 80
46 1
46 4
46 9
46 11
46 13
46 14
46 17
46 18
46 19
46 21
46 23
46 24
46 28
46 29
46 30
46 34
46 35
46 37
46 39
46 42
46 43
46 48
46 49
46 53
46 59
46 66
46 69
46 70
46 71
46 73
46 74
46 75
46 76
46 78
46 79
46 80
47 6
47 11
47 12
47 15
47 16
47 18
47 19
47 22
47 25
47 29
47 30
47 34
47 35
47 36
47 37
47 38
47 42
47 45
47 46
47 47
47 48
47 49
47 50
47 51
47 53
47 54
47 55
47 57
47 59
47 60
47 62
47 63
47 67
47 68
47 69
47 72
47 76
47 79
48 2
48 5
48 8
48 9
48 16
48 17
48 18
48 21
48 30
48 31
48 33
48 34
48 35
48 37
48 40
48 44
48 45
48 46
48 48
48 50
48 51
48 54
48 55
48 57
48 58
48 59
48 60
48 61
48 64
48 65
48 67
48 72
48 73
48 77
48 79
48 80
49 2
49 6
49 13
49 16
49 17
49 22
49 23
49 24
49 27
49 29
49 30
49 32
49 39
49 43
49 44
49 45
49 46
49 47
49 50
49 51
49 52
49 55
49 56
49 57
49 58
49 59
49 60
49 62
49 63
49 68
49 69
49 70
49 71
49 72
49 73
49 74
49 79
50 3
50 4
50 6
50 7
50 9
50 10
50 11
50 12
50 14
50 15
50 16
50 18
50 19
50 24
50 25
50 28
50 29
50 30
50 31
50 32
50 33
50 35
50 37
50 38
50 39
50 40
50 41
50 43
50 46
50 47
50 50
50 52
50 53
50 55
50 56
50 57
50 60
50 63
50 65
50 66
50 67
50 69
50 71
50 72
50 75
50 78
50 80
51 2
51 3
51 8
51 9
51 11
51 12
51 13
51 14
51 15
51 16
51 17
51 18
51 19
51 20
51 23
51 24
51 31
51 33
51 36
51 37
51 39
51 40
51 41
51 43
51 45
51 47
51 50
51 51
51 55
51 56
51 58
51 59
51 62
51 63
51 64
51 65
51 66
51 69
51 74
51 75
51 77
51 79
51 80
52 4
52 6
52 8
52 11
52 19
52 20
52 22
52 25
52 26
52 27
52 29
52 33
52 35
52 39
52 40
52 42
52 43
52 46
52 47
52 49
52 50
52 55
52 56
52 58
52 59
52 60
52 61
52 62
52 64
52 67
52 69
52 70
52 71
52 74
52 75
52 76
52 78
53 1
53 3
53 4
53 9
53 10
53 11
53 12
53 18
53 22
53 23
53 24
53 25
53 26
53 28
53 30
53 33
53 34
53 37
53 38
53 40
53 45
53 47
53 48
53 52
53 54
53 59
53 62
53 63
53 64
53 65
53 66
53 68
53 69
53 70
53 74
54 1
54 4
54 5
54 6
54 8
54 12
54 17
54 20
54 21
54 25
54 27
54 29
54 30
54 31
54 32
54 33
54 34
54 35
54 36
54 37
54 40
54 43
54 45
54 48
54 50
54 52
54 53
54 57
54 58
54 59
54 63
54 66
54 67
54 68
54 69
54 70
54 73
54 74
54 75
54 78
54 80
55 1
55 2
55 3
55 8
55 13
55 14
55 15
55 18
55 19
55 23
55 28
55 30
55 33
55 36
55 39
55 40
55 41
55 42
55 43
55 44
55 46
55 49
55 52
55 55
55 56
55 59
55 60
55 64
55 65
55 67
55 68
55 69
55 70
55 73
55 79
55 80
56 2
56 3
56 6
56 8
56 10
56 11
56 12
56 13
56 15
56 17
56 21
56 22
56 23
56 24
56 27
56 28
56 30
56 32
56 34
56 35
56 36
56 40
56 41
56 42
56 45
56 46
56 48
56 50
56 52
56 55
56 57
56 58
56 59
56 62
56 67
56 72
56 75
56 76
56 77
57 2
57 3
57 5
57 6
57 7
57 10
57 12
57 13
57 14
57 16
57 18
57 21
57 23
57 24
57 28
57 29
57 30
57 31
57 32
57 33
57 34
57 35
57 36
57 39
57 41
57 42
57 49
57 50
57 52
57 54
57 55
57 61
57 63
57 64
57 65
57 66
57 72
57 73
57 74
57 75
57 76
57 77
57 79
58 4
58 6
58 7
58 9
58 11
58 12
58 16
58 17
58 18
58 21
58 22
58 23
58 26
58 27
58 31
58 32
58 34
58 36
58 39
58 40
58 42
58 43
58 45
58 47
58 48
58 49
58 51
58 52
58 53
58 54
58 56
58 59
58 61
58 62
58 64
58 65
58 69
58 71
58 72
58 73
58 77
58 78
58 80
59 1
59 3
59 4
59 7
59 8
59 11
59 12
59 13
59 14
59 15
59 18
59 19
59 21
59 23
59 26
59 27
59 28
59 32
59 33
59 35
59 36
59 37
59 40
59 41
59 43
59 47
59 49
59 50
59 51
59 53
59 54
59 55
59 57
59 59
59 60
59 61
59 62
59 66
59 67
59 68
59 70
59 71
59 74
59 76
59 78
59 79
60 2
60 3
60 5
60 8
60 11
60 18
60 21
60 22
60 23
60 24
60 26
60 27
60 28
60 29
60 31
60 32
60 33
60 36
60 40
60 41
60 43
60 44
60 45
60 47
60 51
60 52
60 53
60 54
60 55
60 57
60 60
60 62
60 64
60 66
60 68
60 71
60 74
60 79
60 80
61 3
61 7
61 15
61 18
61 19
61 22
61 23
61 24
61 26
61 28
61 29
61 30
61 31
61 36
61 47
61 49
61 51
61 57
61 60
61 61
61 62
61 65
61 69
61 74
61 77
61 78
61 79
61 80
62 1
62 2
62 7
62 8
62 9
62 10
62 11
62 15
62 16
62 17
62 18
62 20
62 21
62 22
62 23
62 25
62 26
62 31
62 32
62 33
62 34
62 35
62 37
62 39
62 40
62 41
62 42
62 43
62 45
62 48
62 51
62 52
62 53
62 54
62 55
62 58
62 59
62 60
62 61
62 63
62 66
62 73
62 76
62 77
62 78
63 1
63 2
63 3
63 5
63 8
63 10
63 11
63 16
63 19
63 21
63 25
63 26
63 27
63 28
63 29
63 31
63 32
63 34
63 35
63 36
63 38
63 39
63 40
63 41
63 42
63 43
63 45
63 47
63 48
63 51
63 52
63 53
63 54
63 56
63 57
63 58
63 59
63 63
63 67
63 71
63 72
63 73
63 74
63 78
63 79
63 80
64 1
64 4
64 5
64 8
64 12
64 13
64 14
64 15
64 17
64 21
64 23
64 25
64 27
64 29
64 30
64 31
64 33
64 34
64 35
64 36
64 37
64 38
64 41
64 42
64 54
64 56
64 57
64 58
64 60
64 62
64 64
64 65
64 66
64 67
64 71
64 72
64 73
64 76
64 79
64 80
65 1
65 2
65 4
65 10
65 11
65 14
65 16
65 20
65 21
65 22
65 26
65 29
65 30
65 31
65 32
65 33
65 35
65 36
65 37
65 39
65 40
65 41
65 44
65 46
65 48
65 50
65 52
65 54
65 56
65 59
65 60
65 61
65 64
65 66
65 69
65 70
65 71
65 74
65 78
65 79
66 1
66 4
66 7
66 8
66 11
66 12
66 15
66 16
66 17
66 18
66 19
66 20
66 22
66 23
66 24
66 29
66 32
66 33
66 34
66 35
66 37
66 39
66 41
66 45
66 48
66 50
66 51
66 52
66 55
66 56
66 58
66 61
66 62
66 63
66 64
66 66
66 67
66 69
66 70
66 71
66 74
66 75
66 76
66 77
66 78
67 1
67 2
67 3
67 6
67 7
67 9
67 10
67 12
67 15
67 16
67 17
67 18
67 19
67 21
67 25
67 26
67 27
67 28
67 30
67 31
67 35
67 36
67 37
67 38
67 42
67 43
67 44
67 45
67 47
67 50
67 51
67 53
67 56
67 58
67 60
67 62
67 65
67 66
67 67
67 68
67 69
67 74
67 75
67 77
67 78
67 79
68 1
68 3
68 5
68 6
68 11
68 12
68 15
68 16
68 17
68 18
68 20
68 22
68 23
68 25
68 27
68 28
68 29
68 35
68 36
68 37
68 38
68 39
68 40
68 45
68 46
68 47
68 48
68 49
68 50
68 51
68 55
68 56
68 58
68 59
68 60
68 61
68 62
68 64
68 65
68 68
68 70
68 71
68 72
68 75
68 77
68 80
69 5
69 6
69 9
69 10
69 11
69 13
69 14
69 16
69 17
69 21
69 22
69 28
69 30
69 34
69 35
69 38
69 39
69 41
69 42
69 44
69 46
69 52
69 53
69 56
69 58
69 59
69 60
69 64
69 66
69 67
69 68
69 74
69 76
69 78
69 80
70 2
70 6
70 8
70 10
70 12
70 14
70 16
70 17
70 22
70 24
70 26
70 28
70 30
70 34
70 35
70 36
70 37
70 38
70 39
70 40
70 42
70 43
70 44
70 46
70 48
70 53
70 59
70 61
70 65
70 69
70 70
70 72
70 73
70 74
70 76
70 78
70 80
71 2
71 3
71 4
71 12
71 13
71 16
71 19
71 20
71 22
71 24
71 25
71 29
71 32
71 34
71 35
71 37
71 40
71 42
71 43
71 44
71 45
71 46
71 49
71 50
71 52
71 54
71 55
71 58
71 59
71 60
71 61
71 64
71 65
71 67
71 69
71 71
71 73
71 74
71 75
71 78
71 79
71 80
72 1
72 7
72 8
72 9
72 11
72 14
72 15
72 16
72 18
72 20
72 22
72 23
72 24
72 26
72 27
72 28
72 29
72 30
72 31
72 35
72 40
72 41
72 42
72 44
72 47
72 49
72 52
72 54
72 55
72 56
72 57
72 58
72 61
72 62
72 63
72 66
72 67
72 69
72 70
72 73
72 76
72 77
72 79
72 80
73 2
73 3
73 4
73 5
73 8
73 10
73 11
73 12
73 14
73 15
73 18
73 20
73 21
73 23
73 25
73 27
73 28
73 29
73 30
73 32
73 34
73 35
73 36
73 37
73 41
73 42
73 43
73 45
73 46
73 49
73 50
73 51
73 52
73 53
73 54
73 56
73 57
73 59
73 61
73 62
73 63
73 64
73 65
73 68
73 70
73 72
73 73
73 74
73 76
73 79
74 4
74 5
74 6
74 8
74 10
74 11
74 12
74 16
74 17
74 19
74 20
74 22
74 23
74 24
74 27
74 30
74 33
74 37
74 39
74 40
74 41
74 45
74 46
74 47
74 48
74 49
74 50
74 53
74 55
74 58
74 59
74 60
74 61
74 65
74 67
74 69
74 70
74 71
74 73
74 78
74 79
74 80
75 1
75 4
75 6
75 7
75 11
75 12
75 15
75 16
75 17
75 19
75 20
75 22
75 24
75 25
75 27
75 29
75 31
75 33
75 34
75 36
75 38
75 42
75 46
75 47
75 48
75 52
75 53
75 54
75 58
75 62
75 63
75 66
75 67
75 71
75 72
75 75
75 76
75 78
76 1
76 3
76 5
76 11
76 14
76 16
76 18
76 22
76 23
76 25
76 26
76 29
76 30
76 33
76 35
76 37
76 41
76 43
76 44
76 46
76 48
76 49
76 50
76 51
76 52
76 53
76 58
76 61
76 62
76 64
76 67
76 68
76 69
76 70
76 74
76 77
76 79
76 80
77 5
77 7
77 8
77 11
77 12
77 13
77 16
77 17
77 19
77 26
77 29
77 30
77 33
77 35
77 37
77 39
77 40
77 43
77 48
77 50
77 56
77 57
77 58
77 61
77 62
77 63
77 64
77 67
77 68
77 70
77 71
77 72
77 75
77 76
77 77
77 78
77 80
78 1
78 3
78 5
78 8
78 11
78 12
78 16
78 19
78 20
78 23
78 28
78 29
78 32
78 33
78 34
78 35
78 38
78 41
78 46
78 47
78 48
78 49
78 50
78 53
78 55
78 58
78 60
78 61
78 62
78 63
78 64
78 66
78 68
78 70
78 71
78 72
78 74
78 77
78 78
78 80
79 1
79 2
79 3
79 4
79 5
79 8
79 10
79 12
79 15
79 24
79 26
79 28
79 32
79 33
79 35
79 36
79 38
79 40
79 43
79 45
79 46
79 48
79 49
79 55
79 56
79 57
79 59
79 60
79 61
79 63
79 67
79 69
79 71
79 72
79 73
79 74
79 75
79 76
79 79
79 80
80 3
80 4
80 5
80 7
80 10
80 12
80 13
80 18
80 19
80 20
80 22
80 23
80 25
80 26
80 31
80 36
80 38
80 40
80 41
80 43
80 45
80 46
80 47
80 48
80 51
80 54
80 58
80 59
80 65
80 66
80 72
80 73
80 75
80 78
80 79
81 3
81 4
81 7
81 9
81 12
81 13
81 14
81 16
81 17
81 18
81 20
81 21
81 27
81 29
81 31
81 33
81 34
81 35
81 41
81 43
81 44
81 45
81 46
81 47
81 50
81 51
81 52
81 53
81 54
81 57
81 58
81 59
81 60
81 62
81 64
81 65
81 66
81 67
81 71
81 72
81 79
82 1
82 2
82 3
82 5
82 6
82 7
82 8
82 9
82 11
82 12
82 21
82 22
82 24
82 29
82 30
82 34
82 35
82 36
82 37
82 38
82 39
82 42
82 44
82 47
82 48
82 49
82 50
82 51
82 52
82 54
82 58
82 59
82 60
82 62
82 63
82 65
82 66
82 68
82 71
82 73
82 74
82 75
82 77
83 3
83 4
83 5
83 6
83 8
83 9
83 10
83 11
83 14
83 16
83 18
83 24
83 26
83 28
83 29
83 30
83 31
83 32
83 34
83 40
83 41
83 49
83 50
83 51
83 55
83 56
83 60
83 61
83 62
83 63
83 66
83 68
83 69
83 70
83 74
83 75
83 76
83 78
84 2
84 4
84 6
84 7
84 8
84 9
84 12
84 15
84 18
84 20
84 24
84 25
84 26
84 30
84 33
84 35
84 36
84 37
84 39
84 40
84 42
84 43
84 44
84 45
84 46
84 48
84 49
84 54
84 56
84 59
84 60
84 63
84 66
84 70
84 71
84 75
84 76
84 79
85 1
85 3
85 5
85 10
85 12
85 18
85 19
85 21
85 25
85 27
85 28
85 32
85 35
85 36
85 37
85 38
85 39
85 42
85 43
85 44
85 47
85 48
85 49
85 51
85 52
85 53
85 54
85 55
85 57
85 58
85 60
85 63
85 64
85 65
85 66
85 68
85 69
85 70
85 71
85 72
85 73
85 75
85 76
85 77
85 78
85 79
85 80
86 1
86 2
86 6
86 7
86 8
86 10
86 11
86 15
86 19
86 20
86 21
86 22
86 23
86 25
86 26
86 27
86 30
86 32
86 34
86 35
86 36
86 38
86 39
86 40
86 43
86 46
86 47
86 49
86 51
86 56
86 57
86 58
86 60
86 61
86 62
86 63
86 64
86 65
86 66
86 68
86 72
86 73
86 78
86 80
87 2
87 3
87 4
87 10
87 11
87 12
87 15
87 16
87 17
87 18
87 20
87 24
87 30
87 35
87 38
87 39
87 43
87 45
87 46
87 47
87 48
87 50
87 51
87 52
87 56
87 57
87 60
87 61
87 63
87 65
87 67
87 69
87 70
87 72
87 74
87 76
87 77
87 78
87 79
87 80
88 3
88 4
88 7
88 8
88 9
88 10
88 11
88 12
88 14
88 15
88 19
88 20
88 21
88 23
88 24
88 25
88 26
88 27
88 29
88 30
88 31
88 33
88 36
88 41
88 43
88 44
88 45
88 46
88 48
88 50
88 51
88 55
88 61
88 64
88 66
88 67
88 68
88 72
88 74
88 77
88 79
89 1
89 2
89 6
89 7
89 8
89 9
89 12
89 14
89 15
89 16
89 18
89 21
89 23
89 26
89 28
89 34
89 35
89 37
89 39
89 44
89 47
89 48
89 50
89 52
89 57
89 62
89 63
89 66
89 68
89 70
89 72
89 75
89 76
89 77
89 78
90 1
90 3
90 4
90 5
90 7
90 8
90 9
90 10
90 13
90 14
90 15
90 19
90 20
90 23
90 25
90 26
90 29
90 30
90 31
90 34
90 36
90 39
90 42
90 45
90 49
90 50
90 51
90 52
90 54
90 55
90 56
90 57
90 58
90 62
90 63
90 64
90 65
90 66
90 68
90 69
90 71
90 73
90 75
90 76
90 77
91 5
91 8
91 9
91 10
91 11
91 12
91 13
91 15
91 17
91 19
91 21
91 25
91 26
91 28
91 31
91 34
91 35
91 36
91 37
91 38
91 39
91 40
91 41
91 42
91 43
91 44
91 47
91 50
91 51
91 54
91 56
91 58
91 60
91 62
91 63
91 67
91 68
91 71
91 73
91 74
91 75
91 76
91 78
91 79
92 3
92 5
92 8
92 9
92 11
92 16
92 19
92 21
92 22
92 23
92 25
92 26
92 27
92 30
92 31
92 32
92 35
92 38
92 39
92 40
92 41
92 49
92 50
92 52
92 53
92 55
92 57
92 58
92 59
92 60
92 61
92 62
92 63
92 65
92 66
92 69
92 72
92 74
92 77
93 1
93 3
93 4
93 5
93 9
93 10
93 11
93 12
93 13
93 14
93 16
93 18
93 21
93 24
93 25
93 26
93 28
93 29
93 30
93 34
93 36
93 37
93 40
93 42
93 43
93 44
93 45
93 46
93 47
93 49
93 50
93 52
93 54
93 55
93 58
93 60
93 63
93 66
93 67
93 68
93 70
93 72
93 74
93 76
93 79
93 80
94 2
94 4
94 5
94 9
94 11
94 14
94 22
94 23
94 24
94 26
94 27
94 30
94 31
94 33
94 34
94 37
94 40
94 41
94 42
94 44
94 47
94 50
94 51
94 53
94 55
94 56
94 58
94 59
94 60
94 62
94 64
94 66
94 67
94 70
94 74
94 76
94 78
94 79
95 2
95 3
95 6
95 7
95 10
95 11
95 12
95 15
95 16
95 17
95 19
95 21
95 22
95 23
95 24
95 25
95 26
95 29
95 32
95 34
95 36
95 37
95 38
95 39
95 40
95 43
95 44
95 45
95 46
95 47
95 49
95 54
95 56
95 59
95 61
95 64
95 65
95 66
95 68
95 69
95 70
95 71
95 75
95 78
96 1
96 2
96 4
96 6
96 9
96 12
96 13
96 15
96 17
96 19
96 20
96 21
96 22
96 23
96 25
96 26
96 27
96 28
96 29
96 32
96 33
96 35
96 36
96 38
96 40
96 41
96 42
96 44
96 50
96 52
96 53
96 54
96 57
96 58
96 60
96 61
96 62
96 64
96 65
96 72
96 79
96 80
97 1
97 2
97 3
97 4
97 5
97 8
97 10
97 12
97 13
97 15
97 17
97 19
97 20
97 26
97 27
97 28
97 29
97 34
97 36
97 37
97 38
97 40
97 41
97 43
97 44
97 46
97 48
97 49
97 50
97 52
97 54
97 57
97 59
97 60
97 61
97 63
97 68
97 70
97 72
97 73
97 74
97 77
97 79
98 1
98 2
98 3
98 4
98 5
98 6
98 9
98 10
98 11
98 12
98 14
98 15
98 17
98 23
98 28
98 31
98 33
98 34
98 35
98 37
98 38
98 39
98 41
98 42
98 43
98 46
98 47
98 49
98 52
98 53
98 54
98 55
98 60
98 61
98 62
98 68
98 69
98 70
98 71
98 72
98 73
98 74
98 75
98 76
98 77
98 78
98 79
99 4
99 6
99 7
99 12
99 14
99 15
99 18
99 19
99 20
99 21
99 27
99 31
99 32
99 34
99 39
99 40
99 43
99 45
99 48
99 49
99 50
99 51
99 52
99 56
99 59
99 63
99 64
99 65
99 66
99 68
99 69
99 70
99 72
99 73
99 74
99 75
99 77
99 78
100 4
100 5
100 7
100 8
100 10
100 12
100 13
100 16
100 19
100 20
100 22
100 24
100 28
100 29
100 32
100 35
100 37
100 38
100 39
100 40
100 44
100 48
100 52
100 53
100 54
100 58
100 59
100 63
100 66
100 72
100 73
100 74
100 75
100 77
100 79
