80 80 3261 48
1 1
1 2
1 4
1 5
1 9
1 10
1 12
1 13
1 14
1 16
1 19
1 22
1 24
1 25
1 30
1 32
1 34
1 35
1 37
1 38
1 39
1 41
1 42
1 43
1 44
1 45
1 46
1 47
1 50
1 51
1 52
1 53
1 61
1 62
1 63
1 64
1 66
1 67
1 70
1 71
1 72
1 74
1 75
1 78
2 1
2 2
2 4
2 5
2 6
2 8
2 13
2 14
2 15
2 17
2 18
2 20
2 22
2 24
2 27
2 33
2 34
2 35
2 37
2 39
2 41
2 42
2 45
2 48
2 49
2 52
2 55
2 56
2 58
2 60
2 61
2 62
2 65
2 68
2 69
2 70
2 71
2 73
2 75
2 76
2 77
2 78
2 80
3 4
3 7
3 8
3 9
3 10
3 12
3 13
3 16
3 17
3 18
3 19
3 20
3 23
3 28
3 29
3 31
3 32
3 34
3 35
3 37
3 39
3 40
3 41
3 42
3 43
3 44
3 47
3 49
3 51
3 52
3 53
3 54
3 55
3 57
3 58
3 59
3 60
3 67
3 68
3 72
3 73
3 75
3 76
3 77
3 79
4 1
4 2
4 3
4 6
4 7
4 8
4 10
4 12
4 13
4 14
4 15
4 16
4 18
4 19
4 20
4 22
4 27
4 28
4 29
4 30
4 32
4 33
4 34
4 35
4 38
4 40
4 41
4 42
4 43
4 44
4 45
4 48
4 49
4 50
4 55
4 57
4 60
4 64
4 66
4 72
4 75
4 76
4 79
4 80
5 7
5 9
5 11
5 15
5 16
5 17
5 20
5 21
5 22
5 24
5 25
5 29
5 34
5 36
5 38
5 39
5 40
5 41
5 42
5 43
5 44
5 45
5 46
5 47
5 50
5 51
5 52
5 54
5 55
5 60
5 62
5 66
5 68
5 70
5 72
5 74
5 76
5 78
6 1
6 3
6 4
6 5
6 6
6 7
6 8
6 9
6 13
6 14
6 20
6 21
6 25
6 26
6 30
6 31
6 32
6 33
6 34
6 36
6 44
6 45
6 46
6 47
6 48
6 49
6 51
6 52
6 55
6 56
6 63
6 64
6 65
6 66
6 70
6 73
6 75
6 77
6 78
6 79
6 80
7 3
7 5
7 6
7 8
7 11
7 12
7 13
7 14
7 15
7 17
7 20
7 24
7 26
7 27
7 28
7 31
7 32
7 37
7 38
7 39
7 42
7 43
7 44
7 48
7 50
7 52
7 55
7 56
7 58
7 60
7 61
7 63
7 65
7 67
7 69
7 70
7 75
7 76
7 77
8 2
8 3
8 4
8 7
8 8
8 9
8 10
8 11
8 13
8 15
8 16
8 17
8 19
8 20
8 21
8 23
8 24
8 26
8 27
8 32
8 36
8 39
8 40
8 42
8 43
8 44
8 46
8 47
8 50
8 52
8 54
8 57
8 58
8 59
8 62
8 66
8 68
8 69
8 71
8 78
9 1
9 2
9 3
9 4
9 6
9 7
9 8
9 10
9 11
9 13
9 15
9 20
9 25
9 26
9 28
9 29
9 31
9 33
9 39
9 40
9 42
9 44
9 45
9 48
9 50
9 51
9 52
9 53
9 55
9 57
9 58
9 59
9 60
9 61
9 62
9 65
9 66
9 68
9 69
9 71
9 80
10 2
10 3
10 4
10 7
10 8
10 9
10 10
10 11
10 12
10 14
10 15
10 17
10 18
10 19
10 22
10 27
10 30
10 31
10 34
10 40
10 43
10 46
10 47
10 48
10 50
10 51
10 52
10 53
10 58
10 59
10 61
10 63
10 64
10 66
10 69
10 70
10 71
10 72
10 74
10 78
10 79
10 80
11 1
11 2
11 4
11 9
11 14
11 15
11 16
11 19
11 20
11 21
11 22
11 27
11 28
11 31
11 33
11 36
11 38
11 40
11 41
11 50
11 52
11 54
11 55
11 58
11 60
11 66
11 69
11 70
11 71
11 72
11 74
11 75
11 79
11 80
12 8
12 9
12 11
12 12
12 13
12 15
12 16
12 20
12 21
12 22
12 23
12 25
12 26
12 27
12 28
12 29
12 31
12 32
12 33
12 35
12 38
12 39
12 40
12 41
12 42
12 43
12 45
12 46
12 47
12 48
12 51
12 53
12 54
12 60
12 62
12 63
12 68
12 69
12 70
12 71
12 72
12 73
12 74
12 75
12 77
12 79
13 1
13 2
13 3
13 4
13 5
13 6
13 7
13 9
13 10
13 13
13 14
13 16
13 21
13 23
13 26
13 27
13 29
13 32
13 33
13 36
13 40
13 45
13 46
13 50
13 51
13 52
13 56
13 57
13 59
13 60
13 61
13 63
13 70
13 71
13 74
13 76
13 77
13 79
14 2
14 3
14 6
14 11
14 13
14 14
14 16
14 17
14 18
14 22
14 23
14 24
14 25
14 26
14 30
14 31
14 32
14 35
14 38
14 39
14 40
14 42
14 43
14 45
14 46
14 51
14 55
14 57
14 59
14 60
14 61
14 63
14 64
14 65
14 66
14 69
14 74
14 76
14 78
14 79
15 2
15 3
15 5
15 9
15 10
15 11
15 14
15 15
15 18
15 19
15 22
15 23
15 24
15 25
15 29
15 33
15 34
15 38
15 40
15 41
15 42
15 44
15 45
15 49
15 51
15 52
15 53
15 55
15 56
15 62
15 63
15 64
15 65
15 66
15 67
15 68
15 70
15 71
15 73
15 75
15 76
15 78
15 80
16 1
16 3
16 8
16 10
16 11
16 13
16 14
16 15
16 16
16 19
16 21
16 22
16 23
16 24
16 27
16 28
16 29
16 30
16 32
16 34
16 41
16 42
16 44
16 45
16 47
16 49
16 54
16 55
16 56
16 58
16 63
16 65
16 66
16 67
16 69
16 71
16 73
16 74
16 79
17 4
17 5
17 8
17 10
17 11
17 12
17 18
17 19
17 20
17 22
17 28
17 29
17 32
17 36
17 37
17 42
17 46
17 47
17 48
17 49
17 50
17 52
17 54
17 58
17 60
17 62
17 63
17 64
17 66
17 67
17 68
17 69
17 71
17 73
17 75
17 78
17 79
18 1
18 3
18 4
18 6
18 8
18 10
18 12
18 17
18 18
18 19
18 23
18 25
18 27
18 28
18 33
18 34
18 37
18 40
18 41
18 42
18 46
18 49
18 50
18 51
18 52
18 54
18 55
18 58
18 62
18 65
18 66
18 67
18 68
18 69
18 70
18 71
18 73
18 74
18 75
18 77
18 78
19 3
19 4
19 5
19 7
19 8
19 10
19 12
19 13
19 15
19 17
19 18
19 19
19 20
19 21
19 22
19 23
19 26
19 29
19 31
19 32
19 40
19 41
19 42
19 43
19 45
19 47
19 48
19 49
19 51
19 52
19 53
19 55
19 56
19 57
19 64
19 65
19 66
19 67
19 68
19 69
19 71
19 72
19 73
19 76
19 79
19 80
20 1
20 2
20 3
20 5
20 6
20 7
20 11
20 13
20 14
20 18
20 19
20 24
20 25
20 26
20 29
20 30
20 34
20 36
20 38
20 44
20 49
20 55
20 57
20 58
20 59
20 60
20 63
20 65
20 67
20 68
20 70
20 71
20 74
20 79
21 3
21 6
21 8
21 11
21 13
21 14
21 15
21 17
21 19
21 21
21 23
21 24
21 25
21 26
21 27
21 28
21 30
21 32
21 34
21 37
21 38
21 39
21 41
21 42
21 44
21 45
21 46
21 47
21 48
21 50
21 51
21 52
21 54
21 55
21 58
21 61
21 62
21 63
21 64
21 67
21 69
21 70
21 71
21 72
21 73
21 74
21 75
21 77
21 79
21 80
22 1
22 3
22 8
22 9
22 13
22 14
22 15
22 16
22 18
22 20
22 21
22 22
22 23
22 26
22 27
22 28
22 30
22 33
22 37
22 39
22 40
22 41
22 43
22 44
22 50
22 52
22 53
22 54
22 55
22 56
22 57
22 61
22 62
22 63
22 69
22 70
22 78
23 4
23 7
23 8
23 9
23 12
23 13
23 15
23 16
23 17
23 18
23 19
23 21
23 22
23 23
23 24
23 25
23 26
23 31
23 33
23 36
23 38
23 39
23 41
23 49
23 52
23 53
23 58
23 61
23 63
23 64
23 65
23 66
23 67
23 69
23 70
23 71
23 72
23 75
23 76
23 78
23 80
24 3
24 5
24 8
24 12
24 13
24 18
24 20
24 21
24 22
24 24
24 25
24 27
24 28
24 29
24 30
24 31
24 33
24 35
24 36
24 37
24 39
24 44
24 45
24 46
24 47
24 50
24 51
24 53
24 55
24 56
24 58
24 59
24 60
24 61
24 68
24 73
24 74
24 75
24 76
24 77
24 80
25 1
25 5
25 7
25 8
25 12
25 13
25 15
25 16
25 19
25 20
25 22
25 26
25 27
25 28
25 29
25 30
25 33
25 34
25 36
25 39
25 40
25 41
25 43
25 44
25 45
25 46
25 47
25 49
25 51
25 52
25 53
25 54
25 56
25 58
25 59
25 60
25 62
25 65
25 67
25 69
25 70
25 74
25 75
25 78
25 79
25 80
26 1
26 2
26 3
26 4
26 5
26 6
26 9
26 10
26 13
26 16
26 17
26 18
26 20
26 23
26 24
26 27
26 30
26 32
26 33
26 35
26 36
26 39
26 42
26 43
26 44
26 46
26 53
26 55
26 61
26 64
26 65
26 66
26 70
26 73
26 74
26 75
26 76
26 77
26 78
26 79
26 80
27 2
27 7
27 12
27 14
27 15
27 18
27 20
27 22
27 26
27 27
27 28
27 30
27 35
27 36
27 37
27 39
27 40
27 47
27 48
27 49
27 50
27 53
27 55
27 56
27 57
27 61
27 62
27 66
27 69
27 71
27 75
27 76
27 77
27 79
27 80
28 1
28 2
28 3
28 5
28 7
28 8
28 10
28 13
28 15
28 17
28 18
28 19
28 20
28 21
28 23
28 25
28 26
28 28
28 29
28 32
28 33
28 38
28 40
28 45
28 46
28 49
28 51
28 52
28 53
28 54
28 56
28 58
28 65
28 66
28 69
28 71
28 72
28 74
28 75
28 76
28 80
29 1
29 4
29 5
29 9
29 11
29 12
29 13
29 16
29 19
29 20
29 21
29 23
29 25
29 28
29 29
29 30
29 35
29 36
29 37
29 39
29 40
29 41
29 43
29 45
29 46
29 50
29 51
29 55
29 56
29 57
29 58
29 65
29 66
29 69
29 70
29 72
29 74
30 8
30 9
30 10
30 11
30 12
30 13
30 14
30 16
30 19
30 20
30 25
30 26
30 27
30 28
30 29
30 30
30 31
30 32
30 39
30 40
30 41
30 42
30 45
30 46
30 47
30 48
30 49
30 51
30 53
30 55
30 56
30 62
30 64
30 68
30 70
30 71
30 72
30 74
30 75
30 77
30 78
30 79
31 2
31 4
31 8
31 11
31 13
31 14
31 15
31 17
31 19
31 20
31 22
31 25
31 28
31 30
31 32
31 34
31 37
31 39
31 40
31 41
31 42
31 43
31 44
31 46
31 48
31 49
31 50
31 51
31 55
31 56
31 58
31 59
31 62
31 64
31 66
31 67
31 68
31 70
31 72
31 74
31 75
31 77
32 1
32 2
32 3
32 9
32 12
32 13
32 14
32 15
32 16
32 17
32 19
32 21
32 22
32 23
32 25
32 26
32 30
32 32
32 33
32 35
32 36
32 38
32 39
32 40
32 41
32 42
32 44
32 45
32 48
32 52
32 54
32 56
32 57
32 58
32 61
32 64
32 68
32 69
32 70
32 75
32 77
32 79
33 3
33 7
33 10
33 14
33 19
33 25
33 27
33 30
33 32
33 34
33 35
33 38
33 39
33 40
33 41
33 45
33 50
33 55
33 57
33 58
33 61
33 64
33 65
33 66
33 67
33 69
33 71
33 73
33 76
33 77
33 79
34 2
34 4
34 5
34 7
34 9
34 13
34 18
34 20
34 24
34 25
34 28
34 29
34 30
34 31
34 32
34 35
34 37
34 38
34 40
34 41
34 43
34 45
34 46
34 49
34 50
34 51
34 57
34 59
34 63
34 64
34 66
34 67
34 68
34 70
34 72
34 74
34 75
34 78
35 1
35 2
35 3
35 7
35 8
35 10
35 12
35 13
35 18
35 19
35 20
35 21
35 22
35 23
35 24
35 25
35 26
35 27
35 28
35 29
35 30
35 31
35 35
35 36
35 39
35 40
35 43
35 47
35 50
35 51
35 53
35 54
35 55
35 56
35 58
35 60
35 65
35 66
35 68
35 69
35 70
35 75
35 77
35 79
36 1
36 2
36 3
36 8
36 9
36 11
36 13
36 15
36 16
36 18
36 19
36 22
36 25
36 29
36 34
36 35
36 36
36 39
36 40
36 44
36 45
36 47
36 48
36 57
36 58
36 61
36 62
36 63
36 66
36 67
36 69
36 73
36 75
36 76
37 1
37 2
37 3
37 4
37 5
37 6
37 7
37 9
37 10
37 12
37 17
37 18
37 21
37 22
37 24
37 25
37 27
37 30
37 33
37 36
37 38
37 39
37 40
37 41
37 42
37 45
37 49
37 50
37 51
37 52
37 56
37 57
37 60
37 63
37 64
37 67
37 68
37 69
37 70
37 72
37 74
37 75
37 79
38 2
38 3
38 4
38 7
38 14
38 16
38 19
38 20
38 22
38 24
38 25
38 26
38 29
38 30
38 31
38 32
38 33
38 34
38 35
38 36
38 37
38 38
38 39
38 41
38 43
38 44
38 45
38 47
38 48
38 50
38 51
38 53
38 55
38 60
38 63
38 64
38 65
38 66
38 67
38 72
38 73
38 77
39 1
39 3
39 4
39 6
39 8
39 9
39 10
39 12
39 13
39 16
39 17
39 19
39 22
39 23
39 24
39 26
39 27
39 28
39 29
39 31
39 32
39 33
39 34
39 35
39 37
39 39
39 40
39 42
39 44
39 46
39 49
39 52
39 53
39 54
39 55
39 56
39 57
39 58
39 59
39 64
39 66
39 67
39 69
39 75
39 77
39 79
39 80
40 6
40 8
40 9
40 15
40 19
40 20
40 22
40 25
40 26
40 27
40 30
40 31
40 32
40 33
40 39
40 40
40 41
40 43
40 46
40 50
40 54
40 57
40 60
40 61
40 63
40 64
40 65
40 66
40 67
40 68
40 69
40 71
40 72
40 77
41 1
41 3
41 5
41 6
41 8
41 10
41 13
41 14
41 15
41 17
41 21
41 22
41 24
41 25
41 26
41 28
41 30
41 32
41 34
41 35
41 36
41 40
41 41
41 42
41 44
41 47
41 49
41 50
41 53
41 58
41 60
41 61
41 62
41 63
41 66
41 68
41 69
41 70
41 71
41 72
41 74
41 76
41 78
41 79
42 2
42 3
42 5
42 7
42 8
42 11
42 14
42 15
42 16
42 17
42 19
42 23
42 24
42 25
42 27
42 32
42 34
42 38
42 40
42 41
42 43
42 45
42 46
42 47
42 49
42 50
42 51
42 53
42 54
42 56
42 57
42 58
42 59
42 60
42 63
42 68
42 69
42 76
42 78
42 80
43 1
43 4
43 6
43 8
43 10
43 12
43 14
43 15
43 17
43 18
43 20
43 21
43 22
43 23
43 24
43 25
43 26
43 30
43 34
43 35
43 36
43 38
43 40
43 42
43 43
43 45
43 46
43 48
43 49
43 51
43 52
43 54
43 55
43 56
43 58
43 59
43 62
43 63
43 64
43 67
43 68
43 69
43 71
43 72
43 73
43 74
43 75
43 76
43 77
43 79
43 80
44 1
44 4
44 6
44 7
44 8
44 9
44 12
44 13
44 15
44 16
44 17
44 19
44 22
44 23
44 24
44 25
44 26
44 32
44 33
44 35
44 37
44 38
44 43
44 45
44 47
44 52
44 55
44 56
44 61
44 62
44 64
44 65
44 66
44 69
44 70
44 72
44 73
44 77
44 78
44 79
45 2
45 5
45 6
45 8
45 9
45 11
45 13
45 14
45 18
45 19
45 20
45 22
45 23
45 25
45 26
45 28
45 29
45 30
45 34
45 35
45 37
45 38
45 39
45 41
45 42
45 44
45 47
45 50
45 51
45 53
45 54
45 55
45 56
45 58
45 59
45 60
45 61
45 65
45 66
45 68
45 72
45 73
45 74
45 79
45 80
46 3
46 4
46 5
46 15
46 16
46 18
46 20
46 22
46 24
46 25
46 26
46 27
46 29
46 32
46 34
46 35
46 36
46 37
46 38
46 41
46 45
46 47
46 54
46 55
46 57
46 58
46 60
46 61
46 62
46 63
46 68
46 70
46 71
46 74
46 75
46 77
46 78
46 79
47 1
47 2
47 4
47 5
47 8
47 10
47 11
47 13
47 15
47 16
47 17
47 18
47 21
47 24
47 25
47 27
47 28
47 29
47 30
47 32
47 33
47 34
47 36
47 38
47 39
47 42
47 46
47 47
47 49
47 51
47 53
47 56
47 57
47 63
47 64
47 67
47 68
47 73
47 74
47 75
47 77
47 78
47 79
48 2
48 3
48 5
48 6
48 7
48 9
48 10
48 11
48 14
48 15
48 16
48 17
48 18
48 20
48 21
48 25
48 29
48 32
48 35
48 36
48 38
48 39
48 41
48 42
48 44
48 46
48 47
48 49
48 50
48 52
48 53
48 54
48 56
48 58
48 59
48 61
48 63
48 65
48 66
48 67
48 69
48 73
48 74
48 77
48 79
48 80
49 2
49 3
49 5
49 6
49 7
49 9
49 10
49 13
49 15
49 16
49 17
49 20
49 21
49 25
49 26
49 29
49 36
49 37
49 42
49 43
49 45
49 48
49 50
49 51
49 53
49 54
49 55
49 57
49 58
49 59
49 60
49 62
49 64
49 66
49 67
49 68
49 72
49 73
49 74
49 78
50 3
50 6
50 7
50 10
50 11
50 13
50 14
50 16
50 17
50 18
50 19
50 21
50 26
50 27
50 28
50 29
50 30
50 31
50 34
50 38
50 39
50 43
50 44
50 45
50 47
50 49
50 50
50 51
50 52
50 54
50 57
50 58
50 59
50 64
50 65
50 66
50 67
50 69
50 71
50 72
50 73
50 75
50 77
50 78
50 80
51 1
51 2
51 7
51 11
51 13
51 14
51 15
51 16
51 17
51 18
51 19
51 20
51 22
51 25
51 27
51 28
51 29
51 34
51 36
51 37
51 38
51 39
51 43
51 44
51 45
51 46
51 47
51 53
51 54
51 57
51 58
51 60
51 63
51 65
51 66
51 67
51 69
51 74
51 77
51 79
52 1
52 2
52 3
52 5
52 6
52 7
52 8
52 9
52 11
52 13
52 16
52 17
52 20
52 21
52 22
52 23
52 24
52 25
52 26
52 27
52 29
52 31
52 33
52 38
52 39
52 40
52 43
52 46
52 47
52 48
52 49
52 51
52 53
52 54
52 57
52 58
52 61
52 62
52 63
52 64
52 65
52 66
52 67
52 68
52 72
52 75
52 76
52 77
52 78
52 79
52 80
53 3
53 6
53 7
53 8
53 9
53 11
53 14
53 15
53 17
53 19
53 21
53 23
53 25
53 27
53 31
53 32
53 35
53 38
53 39
53 40
53 41
53 43
53 44
53 48
53 51
53 52
53 53
53 55
53 56
53 60
53 64
53 66
53 67
53 68
53 70
53 71
53 73
53 76
53 77
53 78
53 79
54 1
54 3
54 5
54 7
54 9
54 12
54 13
54 14
54 15
54 16
54 19
54 22
54 26
54 29
54 30
54 34
54 35
54 36
54 38
54 40
54 43
54 47
54 52
54 53
54 57
54 59
54 60
54 62
54 65
54 66
54 67
54 68
54 69
54 71
54 72
54 73
54 74
54 75
54 76
54 77
54 79
54 80
55 1
55 4
55 7
55 8
55 9
55 12
55 15
55 18
55 19
55 20
55 29
55 30
55 33
55 35
55 36
55 37
55 41
55 45
55 46
55 47
55 49
55 50
55 51
55 52
55 53
55 54
55 56
55 58
55 59
55 60
55 62
55 63
55 67
55 68
55 69
55 71
55 74
55 77
55 80
56 2
56 4
56 8
56 11
56 18
56 20
56 21
56 22
56 25
56 27
56 32
56 37
56 38
56 39
56 42
56 45
56 48
56 51
56 53
56 54
56 55
56 56
56 57
56 59
56 60
56 62
56 68
56 69
56 70
56 72
56 73
56 77
56 78
56 80
57 2
57 3
57 5
57 6
57 8
57 10
57 11
57 14
57 15
57 16
57 19
57 20
57 22
57 24
57 26
57 28
57 29
57 30
57 32
57 33
57 41
57 43
57 44
57 46
57 48
57 49
57 50
57 54
57 56
57 58
57 62
57 64
57 66
57 70
57 72
57 73
57 76
57 80
58 2
58 4
58 6
58 7
58 8
58 9
58 10
58 11
58 13
58 14
58 15
58 17
58 19
58 20
58 21
58 23
58 25
58 26
58 29
58 30
58 34
58 36
58 37
58 40
58 41
58 43
58 45
58 49
58 50
58 51
58 53
58 55
58 59
58 60
58 65
58 66
58 68
58 69
58 70
58 72
58 74
58 75
58 77
58 78
58 80
59 1
59 2
59 7
59 15
59 18
59 20
59 24
59 25
59 26
59 28
59 29
59 31
59 32
59 33
59 34
59 36
59 37
59 39
59 40
59 42
59 43
59 44
59 45
59 47
59 49
59 50
59 51
59 52
59 53
59 54
59 55
59 57
59 59
59 61
59 62
59 64
59 69
59 72
59 75
59 78
59 79
60 3
60 4
60 5
60 7
60 14
60 15
60 17
60 21
60 22
60 23
60 26
60 28
60 32
60 33
60 35
60 38
60 39
60 40
60 41
60 42
60 43
60 46
60 47
60 48
60 49
60 50
60 52
60 56
60 57
60 59
60 64
60 66
60 70
60 72
60 76
61 1
61 2
61 5
61 10
61 12
61 20
61 22
61 23
61 24
61 27
61 28
61 31
61 32
61 33
61 34
61 36
61 39
61 40
61 44
61 47
61 48
61 50
61 53
61 56
61 57
61 58
61 59
61 62
61 63
61 67
61 70
61 71
61 72
61 74
61 75
61 78
61 79
62 1
62 9
62 11
62 12
62 13
62 14
62 15
62 18
62 19
62 20
62 24
62 26
62 28
62 30
62 32
62 33
62 38
62 40
62 41
62 42
62 44
62 48
62 49
62 50
62 51
62 52
62 53
62 62
62 63
62 65
62 71
62 74
62 76
62 78
63 3
63 4
63 5
63 7
63 10
63 11
63 12
63 17
63 20
63 21
63 22
63 24
63 25
63 26
63 27
63 28
63 29
63 33
63 35
63 36
63 37
63 38
63 41
63 43
63 46
63 47
63 49
63 50
63 51
63 53
63 61
63 62
63 63
63 64
63 65
63 67
63 68
63 71
63 72
63 78
63 80
64 1
64 3
64 4
64 6
64 7
64 9
64 13
64 14
64 15
64 19
64 21
64 23
64 25
64 26
64 27
64 29
64 31
64 33
64 36
64 37
64 39
64 40
64 41
64 42
64 43
64 46
64 47
64 48
64 49
64 50
64 52
64 54
64 58
64 59
64 60
64 61
64 62
64 64
64 69
64 73
64 75
64 76
64 80
65 2
65 4
65 9
65 10
65 12
65 13
65 14
65 15
65 17
65 18
65 21
65 22
65 23
65 24
65 25
65 27
65 28
65 29
65 33
65 34
65 38
65 41
65 43
65 46
65 51
65 63
65 65
65 66
65 67
65 68
65 69
65 70
65 74
65 76
65 77
65 78
65 80
66 3
66 7
66 10
66 14
66 15
66 17
66 18
66 19
66 20
66 21
66 23
66 25
66 26
66 29
66 30
66 35
66 37
66 38
66 39
66 40
66 43
66 44
66 45
66 47
66 48
66 49
66 50
66 51
66 54
66 55
66 58
66 59
66 60
66 62
66 64
66 66
66 68
66 69
66 70
66 72
67 1
67 4
67 6
67 7
67 9
67 10
67 12
67 13
67 19
67 21
67 23
67 25
67 26
67 29
67 32
67 33
67 37
67 40
67 43
67 46
67 47
67 50
67 53
67 54
67 55
67 56
67 58
67 61
67 62
67 66
67 67
67 69
67 71
67 72
67 73
67 74
67 78
68 1
68 3
68 4
68 5
68 7
68 13
68 14
68 15
68 18
68 20
68 21
68 25
68 27
68 28
68 30
68 33
68 35
68 36
68 37
68 38
68 39
68 43
68 44
68 45
68 46
68 47
68 49
68 52
68 55
68 56
68 57
68 58
68 59
68 62
68 64
68 68
68 70
68 71
68 73
68 74
68 75
68 76
68 78
68 79
69 2
69 3
69 4
69 8
69 9
69 12
69 13
69 14
69 16
69 18
69 24
69 27
69 28
69 29
69 30
69 31
69 33
69 35
69 38
69 39
69 40
69 41
69 42
69 45
69 46
69 48
69 49
69 53
69 55
69 56
69 58
69 62
69 68
69 69
69 71
69 74
69 75
69 77
69 78
69 79
69 80
70 1
70 2
70 4
70 6
70 7
70 8
70 9
70 10
70 14
70 18
70 20
70 21
70 27
70 28
70 29
70 31
70 32
70 33
70 34
70 35
70 36
70 37
70 38
70 39
70 40
70 42
70 43
70 44
70 45
70 46
70 47
70 50
70 51
70 52
70 56
70 59
70 60
70 65
70 66
70 67
70 68
70 71
70 72
70 73
70 74
70 79
70 80
71 2
71 3
71 5
71 7
71 10
71 11
71 12
71 14
71 16
71 20
71 22
71 23
71 24
71 25
71 27
71 28
71 29
71 32
71 34
71 39
71 41
71 42
71 43
71 44
71 45
71 49
71 51
71 55
71 62
71 63
71 64
71 66
71 68
71 70
71 71
71 72
71 73
71 75
71 78
71 80
72 9
72 10
72 11
72 14
72 15
72 17
72 19
72 21
72 22
72 23
72 25
72 27
72 29
72 30
72 31
72 32
72 34
72 35
72 37
72 40
72 41
72 45
72 51
72 52
72 55
72 56
72 58
72 60
72 61
72 64
72 65
72 66
72 67
72 68
72 71
72 72
72 77
72 78
73 1
73 2
73 4
73 8
73 9
73 10
73 12
73 14
73 15
73 16
73 18
73 19
73 20
73 22
73 24
73 25
73 26
73 27
73 28
73 31
73 36
73 39
73 43
73 44
73 45
73 46
73 53
73 55
73 56
73 57
73 60
73 61
73 62
73 63
73 64
73 65
73 68
73 69
73 73
73 74
73 75
73 78
74 3
74 4
74 5
74 6
74 10
74 12
74 13
74 14
74 15
74 16
74 17
74 19
74 21
74 23
74 25
74 27
74 28
74 29
74 34
74 38
74 39
74 48
74 49
74 50
74 51
74 55
74 58
74 59
74 60
74 61
74 64
74 65
74 71
74 72
74 77
74 78
74 79
74 80
75 1
75 3
75 5
75 7
75 9
75 10
75 13
75 15
75 16
75 17
75 18
75 19
75 20
75 21
75 22
75 23
75 25
75 27
75 28
75 29
75 34
75 35
75 42
75 43
75 47
75 48
75 49
75 51
75 54
75 57
75 59
75 61
75 62
75 65
75 66
75 67
75 68
75 69
75 70
75 71
75 72
75 73
75 75
75 78
75 79
76 1
76 3
76 5
76 6
76 7
76 8
76 9
76 10
76 11
76 12
76 13
76 15
76 19
76 20
76 21
76 23
76 26
76 28
76 31
76 32
76 34
76 39
76 43
76 45
76 47
76 48
76 52
76 55
76 56
76 60
76 62
76 63
76 65
76 67
76 69
76 70
76 71
76 75
76 76
76 77
76 78
76 79
77 1
77 4
77 8
77 10
77 11
77 13
77 14
77 15
77 17
77 18
77 22
77 24
77 25
77 27
77 29
77 32
77 34
77 36
77 38
77 39
77 40
77 41
77 42
77 45
77 46
77 49
77 50
77 51
77 53
77 54
77 55
77 56
77 58
77 59
77 60
77 61
77 64
77 68
77 71
77 75
77 76
77 77
77 78
77 80
78 2
78 4
78 5
78 6
78 8
78 11
78 12
78 13
78 18
78 19
78 21
78 22
78 23
78 26
78 28
78 29
78 32
78 34
78 35
78 37
78 41
78 46
78 47
78 49
78 50
78 56
78 58
78 60
78 62
78 67
78 68
78 70
78 78
78 79
78 80
79 3
79 11
79 14
79 15
79 18
79 21
79 22
79 23
79 27
79 28
79 29
79 32
79 39
79 41
79 44
79 45
79 48
79 50
79 52
79 53
79 54
79 55
79 56
79 58
79 59
79 60
79 61
79 64
79 66
79 67
79 68
79 72
79 74
79 75
79 77
79 78
79 79
79 80
80 3
80 5
80 8
80 10
80 11
80 12
80 14
80 16
80 18
80 20
80 24
80 25
80 26
80 29
80 30
80 34
80 35
80 38
80 42
80 44
80 45
80 46
80 47
80 48
80 49
80 50
80 53
80 57
80 59
80 63
80 65
80 69
80 71
80 75
80 76
80 77
80 78
