100 100 5053 11
1 2
1 3
1 5
1 6
1 7
1 10
1 12
1 14
1 18
1 19
1 21
1 24
1 27
1 29
1 30
1 31
1 32
1 38
1 39
1 49
1 51
1 52
1 53
1 54
1 57
1 59
1 60
1 62
1 64
1 65
1 66
1 69
1 73
1 75
1 76
1 77
1 78
1 80
1 81
1 89
1 90
1 91
1 92
1 98
1 99
2 2
2 5
2 11
2 14
2 15
2 16
2 18
2 19
2 20
2 21
2 22
2 23
2 25
2 27
2 28
2 29
2 30
2 31
2 32
2 33
2 35
2 36
2 40
2 45
2 48
2 49
2 50
2 52
2 54
2 55
2 59
2 62
2 63
2 64
2 65
2 66
2 68
2 69
2 72
2 74
2 75
2 78
2 80
2 82
2 83
2 85
2 86
2 87
2 89
2 92
2 95
2 98
3 2
3 3
3 5
3 6
3 8
3 13
3 15
3 16
3 17
3 22
3 25
3 26
3 27
3 31
3 33
3 36
3 38
3 40
3 41
3 42
3 43
3 44
3 46
3 49
3 51
3 56
3 58
3 60
3 61
3 62
3 63
3 65
3 68
3 69
3 70
3 71
3 72
3 75
3 76
3 77
3 80
3 84
3 86
3 87
3 88
3 90
3 91
3 93
3 94
3 98
3 99
3 100
4 1
4 2
4 3
4 4
4 7
4 8
4 9
4 11
4 14
4 15
4 16
4 17
4 18
4 21
4 22
4 24
4 26
4 27
4 35
4 37
4 38
4 39
4 40
4 41
4 42
4 47
4 51
4 57
4 58
4 59
4 60
4 61
4 62
4 63
4 70
4 71
4 73
4 75
4 76
4 78
4 79
4 81
4 82
4 84
4 85
4 86
4 87
4 88
4 89
4 92
4 96
4 97
4 98
5 2
5 4
5 5
5 6
5 11
5 13
5 16
5 18
5 20
5 23
5 25
5 26
5 27
5 30
5 32
5 34
5 35
5 36
5 37
5 39
5 40
5 41
5 42
5 44
5 45
5 48
5 53
5 54
5 57
5 58
5 61
5 63
5 64
5 65
5 67
5 68
5 69
5 70
5 72
5 77
5 78
5 81
5 82
5 83
5 84
5 89
5 91
5 92
5 94
5 95
5 98
5 99
5 100
6 1
6 3
6 4
6 5
6 6
6 7
6 8
6 9
6 11
6 12
6 14
6 15
6 21
6 22
6 23
6 24
6 25
6 27
6 28
6 29
6 30
6 31
6 37
6 40
6 41
6 46
6 47
6 48
6 50
6 53
6 54
6 55
6 56
6 57
6 60
6 61
6 65
6 75
6 76
6 79
6 80
6 85
6 88
6 89
6 92
6 95
6 96
6 100
7 5
7 6
7 7
7 11
7 13
7 14
7 16
7 17
7 18
7 22
7 24
7 25
7 26
7 27
7 28
7 30
7 32
7 33
7 34
7 35
7 36
7 38
7 41
7 43
7 44
7 47
7 49
7 50
7 51
7 52
7 55
7 59
7 60
7 62
7 64
7 66
7 67
7 69
7 71
7 73
7 75
7 76
7 77
7 78
7 79
7 80
7 81
7 84
7 85
7 86
7 88
7 89
7 90
7 92
7 94
7 96
7 97
7 98
7 99
7 100
8 1
8 2
8 5
8 7
8 8
8 10
8 12
8 13
8 17
8 20
8 22
8 24
8 25
8 26
8 32
8 33
8 36
8 37
8 41
8 42
8 43
8 44
8 45
8 46
8 47
8 48
8 50
8 51
8 53
8 58
8 59
8 62
8 63
8 64
8 67
8 68
8 69
8 70
8 72
8 76
8 80
8 86
8 89
8 90
8 92
8 93
8 94
8 96
8 98
8 100
9 1
9 7
9 11
9 13
9 14
9 18
9 20
9 22
9 23
9 24
9 26
9 27
9 28
9 33
9 37
9 38
9 39
9 43
9 44
9 45
9 47
9 48
9 51
9 53
9 55
9 57
9 61
9 63
9 64
9 65
9 73
9 74
9 76
9 78
9 79
9 83
9 84
9 85
9 90
9 92
9 94
9 98
9 99
10 4
10 5
10 6
10 8
10 10
10 11
10 14
10 15
10 17
10 18
10 19
10 20
10 22
10 23
10 24
10 25
10 27
10 28
10 29
10 31
10 32
10 36
10 38
10 39
10 40
10 41
10 43
10 44
10 45
10 46
10 47
10 49
10 55
10 56
10 59
10 60
10 62
10 63
10 64
10 69
10 72
10 74
10 76
10 77
10 79
10 81
10 82
10 83
10 84
10 87
10 92
10 93
10 96
10 97
11 1
11 4
11 6
11 9
11 10
11 11
11 12
11 13
11 14
11 15
11 16
11 17
11 19
11 20
11 21
11 22
11 27
11 29
11 30
11 31
11 32
11 33
11 34
11 36
11 44
11 46
11 49
11 50
11 51
11 53
11 55
11 56
11 57
11 59
11 62
11 64
11 66
11 73
11 74
11 75
11 76
11 84
11 87
11 88
11 89
11 92
11 93
11 95
11 98
12 1
12 3
12 4
12 5
12 7
12 10
12 11
12 12
12 13
12 14
12 15
12 18
12 19
12 21
12 23
12 25
12 26
12 28
12 29
12 30
12 32
12 34
12 39
12 41
12 43
12 47
12 48
12 51
12 55
12 56
12 60
12 62
12 63
12 67
12 68
12 71
12 74
12 76
12 80
12 81
12 82
12 84
12 86
12 88
12 90
12 94
12 96
12 98
13 2
13 3
13 5
13 6
13 7
13 10
13 12
13 13
13 14
13 19
13 20
13 21
13 26
13 30
13 31
13 32
13 34
13 35
13 37
13 39
13 40
13 42
13 44
13 45
13 46
13 48
13 49
13 50
13 53
13 54
13 55
13 57
13 58
13 60
13 61
13 62
13 63
13 65
13 67
13 68
13 69
13 70
13 71
13 78
13 80
13 84
13 88
13 89
13 95
13 96
13 98
13 100
14 1
14 2
14 5
14 6
14 10
14 12
14 14
14 16
14 18
14 19
14 23
14 24
14 25
14 28
14 29
14 30
14 31
14 33
14 34
14 39
14 43
14 44
14 46
14 47
14 49
14 51
14 52
14 55
14 57
14 58
14 60
14 61
14 62
14 65
14 67
14 69
14 70
14 71
14 72
14 74
14 75
14 78
14 79
14 80
14 82
14 83
14 84
14 85
14 87
14 90
14 92
14 93
14 94
14 98
14 99
14 100
15 2
15 3
15 5
15 7
15 8
15 9
15 11
15 14
15 15
15 20
15 22
15 23
15 24
15 30
15 33
15 34
15 36
15 38
15 39
15 40
15 41
15 46
15 47
15 49
15 51
15 52
15 59
15 60
15 63
15 64
15 65
15 69
15 70
15 72
15 73
15 75
15 76
15 77
15 80
15 86
15 87
15 88
15 90
15 92
15 93
15 95
15 96
16 1
16 2
16 3
16 5
16 6
16 7
16 8
16 9
16 10
16 11
16 17
16 18
16 19
16 20
16 21
16 22
16 25
16 28
16 29
16 30
16 31
16 32
16 33
16 35
16 38
16 40
16 42
16 43
16 44
16 46
16 48
16 49
16 52
16 53
16 54
16 56
16 57
16 58
16 59
16 64
16 65
16 66
16 67
16 69
16 71
16 72
16 73
16 74
16 77
16 78
16 79
16 80
16 81
16 82
16 85
16 88
16 89
16 93
16 94
16 98
16 100
17 3
17 5
17 6
17 8
17 11
17 13
17 17
17 18
17 20
17 21
17 22
17 23
17 24
17 25
17 26
17 27
17 28
17 32
17 33
17 37
17 41
17 42
17 46
17 48
17 49
17 53
17 55
17 57
17 60
17 67
17 74
17 75
17 76
17 78
17 79
17 83
17 84
17 85
17 86
17 88
17 89
17 91
17 94
17 98
17 99
17 100
18 1
18 2
18 5
18 6
18 7
18 8
18 9
18 11
18 15
18 16
18 17
18 21
18 26
18 27
18 28
18 29
18 31
18 32
18 37
18 38
18 39
18 40
18 41
18 42
18 44
18 45
18 46
18 50
18 52
18 53
18 55
18 61
18 66
18 69
18 70
18 71
18 76
18 79
18 80
18 81
18 82
18 84
18 86
18 92
18 94
18 97
18 98
18 100
19 1
19 2
19 8
19 9
19 10
19 11
19 13
19 14
19 16
19 22
19 23
19 26
19 27
19 28
19 29
19 30
19 31
19 32
19 34
19 35
19 36
19 37
19 40
19 47
19 49
19 50
19 51
19 54
19 56
19 58
19 62
19 67
19 68
19 69
19 70
19 71
19 73
19 74
19 76
19 78
19 81
19 82
19 83
19 84
19 86
19 89
19 91
19 92
19 93
19 94
19 95
19 98
19 99
19 100
20 1
20 6
20 8
20 9
20 10
20 11
20 13
20 14
20 15
20 17
20 20
20 22
20 23
20 24
20 26
20 28
20 29
20 30
20 32
20 33
20 34
20 36
20 41
20 42
20 44
20 45
20 47
20 48
20 49
20 50
20 51
20 52
20 54
20 56
20 58
20 60
20 61
20 63
20 68
20 69
20 70
20 72
20 74
20 75
20 76
20 77
20 78
20 79
20 81
20 83
20 85
20 86
20 89
20 90
20 91
20 92
20 95
20 98
21 1
21 2
21 4
21 5
21 6
21 7
21 14
21 15
21 20
21 23
21 24
21 26
21 28
21 29
21 31
21 32
21 40
21 41
21 42
21 45
21 48
21 49
21 50
21 53
21 55
21 57
21 58
21 60
21 61
21 62
21 64
21 67
21 68
21 70
21 72
21 74
21 76
21 79
21 81
21 82
21 84
21 85
21 86
21 88
21 90
21 91
21 96
21 100
22 3
22 6
22 7
22 8
22 11
22 15
22 19
22 20
22 22
22 25
22 27
22 28
22 32
22 33
22 34
22 36
22 43
22 44
22 45
22 47
22 48
22 49
22 50
22 52
22 53
22 54
22 55
22 56
22 57
22 59
22 60
22 61
22 63
22 64
22 65
22 67
22 68
22 69
22 70
22 73
22 74
22 76
22 78
22 79
22 80
22 82
22 85
22 87
22 89
22 90
22 91
22 96
22 98
23 1
23 2
23 3
23 4
23 7
23 8
23 13
23 14
23 19
23 24
23 29
23 33
23 34
23 35
23 36
23 38
23 39
23 41
23 42
23 46
23 47
23 48
23 50
23 51
23 52
23 54
23 59
23 63
23 64
23 65
23 67
23 68
23 70
23 73
23 74
23 76
23 77
23 80
23 82
23 85
23 87
23 88
23 89
23 90
23 92
23 93
23 96
23 98
23 99
24 1
24 2
24 3
24 6
24 11
24 12
24 14
24 18
24 19
24 20
24 21
24 22
24 24
24 25
24 26
24 27
24 28
24 29
24 30
24 31
24 34
24 37
24 38
24 39
24 40
24 41
24 42
24 45
24 49
24 54
24 56
24 57
24 60
24 62
24 63
24 64
24 65
24 70
24 71
24 74
24 75
24 76
24 77
24 78
24 83
24 88
24 93
24 96
24 99
25 2
25 3
25 5
25 8
25 13
25 16
25 17
25 19
25 26
25 27
25 30
25 31
25 32
25 33
25 36
25 39
25 40
25 41
25 42
25 44
25 48
25 49
25 51
25 53
25 55
25 58
25 59
25 60
25 63
25 64
25 67
25 73
25 74
25 76
25 79
25 80
25 83
25 85
25 86
25 87
25 88
25 89
25 90
25 91
25 92
25 93
25 94
25 95
25 98
26 3
26 6
26 7
26 11
26 13
26 15
26 17
26 19
26 22
26 25
26 26
26 27
26 28
26 30
26 34
26 35
26 38
26 39
26 41
26 42
26 46
26 48
26 51
26 52
26 53
26 55
26 57
26 58
26 62
26 63
26 64
26 65
26 70
26 74
26 75
26 76
26 78
26 80
26 83
26 84
26 90
26 91
26 94
26 97
26 98
26 100
27 2
27 3
27 6
27 8
27 9
27 16
27 17
27 18
27 19
27 20
27 21
27 23
27 24
27 27
27 28
27 29
27 30
27 31
27 33
27 35
27 36
27 37
27 40
27 47
27 50
27 51
27 54
27 55
27 56
27 57
27 58
27 59
27 62
27 63
27 65
27 66
27 67
27 70
27 71
27 72
27 73
27 75
27 77
27 79
27 80
27 81
27 82
27 83
27 85
27 89
27 92
27 96
27 98
27 100
28 3
28 4
28 5
28 7
28 10
28 11
28 13
28 14
28 15
28 16
28 17
28 18
28 24
28 25
28 26
28 27
28 28
28 29
28 31
28 32
28 33
28 35
28 37
28 39
28 40
28 42
28 43
28 50
28 54
28 55
28 56
28 57
28 59
28 61
28 63
28 66
28 67
28 69
28 70
28 71
28 72
28 73
28 74
28 75
28 77
28 78
28 79
28 82
28 83
28 85
28 87
28 88
28 89
28 91
28 93
28 94
28 96
28 99
29 1
29 3
29 4
29 5
29 6
29 7
29 9
29 13
29 16
29 17
29 18
29 24
29 25
29 26
29 27
29 30
29 32
29 33
29 34
29 36
29 37
29 41
29 42
29 44
29 46
29 47
29 49
29 53
29 54
29 56
29 61
29 62
29 65
29 66
29 68
29 69
29 73
29 75
29 76
29 78
29 79
29 82
29 84
29 85
29 87
29 88
29 90
29 93
29 94
29 96
29 97
29 98
29 100
30 2
30 3
30 5
30 6
30 7
30 8
30 9
30 10
30 11
30 12
30 14
30 18
30 19
30 21
30 23
30 24
30 25
30 26
30 27
30 32
30 37
30 38
30 42
30 43
30 44
30 45
30 48
30 55
30 56
30 57
30 58
30 59
30 64
30 65
30 66
30 67
30 73
30 75
30 76
30 81
30 82
30 83
30 84
30 88
30 89
30 90
30 91
30 92
30 93
30 94
30 95
30 96
30 98
30 100
31 1
31 3
31 8
31 10
31 11
31 15
31 17
31 19
31 22
31 24
31 30
31 31
31 34
31 35
31 36
31 39
31 41
31 43
31 46
31 48
31 50
31 51
31 52
31 54
31 55
31 58
31 62
31 66
31 67
31 68
31 69
31 70
31 71
31 72
31 73
31 74
31 75
31 76
31 80
31 81
31 82
31 83
31 85
31 89
31 92
31 93
31 95
31 100
32 3
32 5
32 9
32 11
32 12
32 15
32 16
32 20
32 23
32 24
32 26
32 28
32 29
32 30
32 31
32 32
32 34
32 35
32 38
32 39
32 42
32 45
32 48
32 49
32 52
32 53
32 54
32 55
32 57
32 60
32 61
32 65
32 66
32 67
32 68
32 69
32 70
32 73
32 74
32 75
32 76
32 77
32 78
32 79
32 80
32 82
32 83
32 85
32 86
32 87
32 88
32 90
32 92
32 96
32 97
32 98
32 99
33 2
33 3
33 4
33 7
33 8
33 9
33 11
33 13
33 15
33 19
33 20
33 22
33 23
33 29
33 35
33 36
33 37
33 39
33 40
33 41
33 42
33 45
33 46
33 48
33 50
33 51
33 52
33 56
33 59
33 60
33 62
33 63
33 65
33 67
33 69
33 74
33 77
33 81
33 82
33 83
33 84
33 85
33 86
33 87
33 89
33 90
33 91
33 92
33 93
33 99
33 100
34 1
34 5
34 6
34 7
34 11
34 12
34 14
34 15
34 17
34 19
34 21
34 22
34 23
34 24
34 26
34 27
34 29
34 30
34 32
34 33
34 35
34 38
34 39
34 40
34 43
34 44
34 45
34 46
34 48
34 50
34 51
34 52
34 53
34 54
34 57
34 59
34 60
34 61
34 62
34 63
34 64
34 65
34 66
34 71
34 72
34 73
34 74
34 75
34 77
34 78
34 79
34 80
34 81
34 82
34 86
34 87
34 88
34 90
34 94
34 97
35 1
35 4
35 5
35 6
35 12
35 13
35 14
35 19
35 20
35 21
35 23
35 24
35 25
35 27
35 28
35 30
35 32
35 36
35 41
35 42
35 44
35 45
35 48
35 50
35 51
35 56
35 59
35 60
35 62
35 66
35 67
35 68
35 72
35 73
35 75
35 78
35 79
35 81
35 84
35 86
35 89
35 91
35 96
35 97
36 1
36 2
36 4
36 5
36 6
36 7
36 8
36 9
36 11
36 16
36 17
36 19
36 20
36 25
36 26
36 27
36 28
36 31
36 32
36 35
36 36
36 37
36 38
36 42
36 43
36 44
36 45
36 46
36 48
36 50
36 51
36 54
36 59
36 61
36 63
36 66
36 67
36 69
36 70
36 73
36 75
36 76
36 78
36 80
36 85
36 87
36 91
36 94
36 97
37 4
37 5
37 8
37 10
37 11
37 13
37 15
37 17
37 18
37 23
37 24
37 25
37 30
37 33
37 36
37 40
37 42
37 43
37 44
37 45
37 48
37 49
37 54
37 56
37 58
37 60
37 61
37 63
37 66
37 67
37 68
37 71
37 72
37 76
37 78
37 79
37 81
37 82
37 83
37 84
37 90
37 92
38 1
38 3
38 4
38 6
38 7
38 9
38 11
38 13
38 14
38 17
38 18
38 20
38 21
38 22
38 25
38 30
38 32
38 33
38 35
38 39
38 41
38 42
38 43
38 44
38 49
38 51
38 53
38 57
38 58
38 59
38 64
38 66
38 70
38 75
38 76
38 77
38 84
38 92
38 93
38 94
38 97
38 98
38 99
39 1
39 2
39 3
39 4
39 5
39 7
39 9
39 11
39 12
39 14
39 15
39 17
39 22
39 24
39 25
39 26
39 27
39 28
39 31
39 33
39 35
39 36
39 37
39 39
39 40
39 41
39 47
39 49
39 50
39 57
39 58
39 59
39 65
39 66
39 73
39 76
39 78
39 79
39 81
39 84
39 85
39 86
39 87
39 88
39 90
39 91
39 93
39 96
40 1
40 2
40 3
40 5
40 6
40 7
40 10
40 13
40 14
40 16
40 17
40 18
40 19
40 22
40 24
40 25
40 29
40 34
40 35
40 36
40 39
40 40
40 42
40 44
40 47
40 49
40 51
40 52
40 54
40 55
40 56
40 57
40 58
40 60
40 61
40 64
40 66
40 69
40 72
40 74
40 75
40 76
40 78
40 79
40 80
40 84
40 86
40 90
40 92
40 93
40 96
41 1
41 7
41 8
41 10
41 11
41 12
41 15
41 17
41 18
41 19
41 20
41 22
41 23
41 26
41 28
41 30
41 31
41 32
41 33
41 34
41 39
41 41
41 42
41 44
41 45
41 46
41 47
41 48
41 49
41 50
41 53
41 54
41 55
41 57
41 60
41 61
41 64
41 66
41 67
41 68
41 69
41 70
41 71
41 73
41 74
41 75
41 76
41 77
41 78
41 81
41 82
41 86
41 87
41 88
41 90
41 91
41 93
41 94
41 95
41 97
41 99
42 1
42 2
42 3
42 4
42 5
42 10
42 11
42 12
42 14
42 16
42 17
42 18
42 19
42 23
42 25
42 26
42 27
42 29
42 31
42 32
42 35
42 37
42 41
42 43
42 44
42 46
42 48
42 49
42 50
42 52
42 54
42 57
42 58
42 59
42 60
42 61
42 62
42 65
42 71
42 72
42 73
42 75
42 78
42 79
42 81
42 82
42 86
42 89
42 91
42 93
42 95
42 97
42 98
42 100
43 1
43 4
43 6
43 7
43 8
43 9
43 10
43 11
43 16
43 17
43 18
43 19
43 26
43 27
43 31
43 33
43 34
43 35
43 36
43 37
43 39
43 41
43 42
43 43
43 45
43 46
43 47
43 48
43 50
43 51
43 52
43 53
43 54
43 56
43 57
43 60
43 61
43 65
43 66
43 70
43 71
43 73
43 74
43 75
43 76
43 81
43 86
43 87
43 88
43 90
43 91
43 94
43 95
43 97
43 98
44 2
44 3
44 4
44 6
44 8
44 9
44 10
44 11
44 12
44 14
44 15
44 16
44 19
44 23
44 24
44 25
44 28
44 29
44 30
44 31
44 32
44 33
44 34
44 37
44 39
44 42
44 43
44 44
44 46
44 47
44 49
44 52
44 56
44 57
44 60
44 62
44 63
44 64
44 65
44 66
44 67
44 69
44 70
44 75
44 76
44 79
44 80
44 82
44 83
44 86
44 90
44 92
44 99
44 100
45 1
45 3
45 5
45 8
45 10
45 11
45 15
45 19
45 22
45 25
45 27
45 33
45 34
45 35
45 36
45 38
45 40
45 42
45 47
45 49
45 54
45 57
45 59
45 60
45 61
45 63
45 64
45 67
45 68
45 70
45 72
45 73
45 76
45 78
45 79
45 82
45 83
45 86
45 87
45 90
45 91
45 92
45 93
45 95
45 96
45 100
46 2
46 3
46 4
46 7
46 8
46 10
46 11
46 13
46 14
46 16
46 17
46 21
46 22
46 26
46 28
46 29
46 30
46 32
46 34
46 36
46 37
46 38
46 39
46 40
46 41
46 46
46 47
46 50
46 52
46 54
46 55
46 56
46 58
46 62
46 64
46 67
46 69
46 71
46 74
46 75
46 76
46 77
46 79
46 83
46 86
46 88
46 89
46 91
46 94
46 96
46 97
46 100
47 2
47 4
47 8
47 10
47 16
47 17
47 18
47 19
47 20
47 21
47 22
47 23
47 25
47 27
47 29
47 31
47 34
47 35
47 37
47 38
47 39
47 42
47 43
47 49
47 50
47 51
47 52
47 58
47 59
47 60
47 63
47 66
47 67
47 69
47 72
47 74
47 76
47 79
47 85
47 87
47 88
47 91
47 93
47 98
47 100
48 2
48 4
48 5
48 7
48 8
48 9
48 10
48 16
48 18
48 19
48 20
48 22
48 24
48 25
48 26
48 29
48 38
48 41
48 42
48 47
48 51
48 52
48 55
48 57
48 60
48 62
48 63
48 64
48 67
48 69
48 72
48 76
48 77
48 78
48 79
48 81
48 82
48 83
48 84
48 86
48 92
48 94
48 97
48 98
48 100
49 1
49 2
49 4
49 6
49 8
49 11
49 12
49 15
49 16
49 21
49 25
49 26
49 27
49 28
49 30
49 31
49 32
49 33
49 35
49 36
49 37
49 39
49 41
49 42
49 43
49 45
49 48
49 51
49 52
49 53
49 55
49 56
49 57
49 58
49 61
49 65
49 67
49 68
49 70
49 72
49 73
49 76
49 77
49 78
49 79
49 81
49 82
49 84
49 86
49 87
49 89
49 91
49 94
49 95
49 96
49 100
50 4
50 5
50 6
50 9
50 10
50 17
50 18
50 19
50 20
50 22
50 24
50 26
50 27
50 29
50 32
50 33
50 34
50 37
50 38
50 40
50 42
50 43
50 44
50 45
50 46
50 49
50 51
50 53
50 59
50 60
50 62
50 68
50 69
50 70
50 72
50 74
50 75
50 77
50 79
50 81
50 82
50 83
50 84
50 85
50 86
50 87
50 88
50 89
50 92
50 93
50 94
50 97
50 98
50 99
51 1
51 2
51 3
51 7
51 9
51 10
51 12
51 13
51 14
51 15
51 16
51 17
51 20
51 21
51 22
51 23
51 28
51 31
51 33
51 35
51 39
51 41
51 42
51 43
51 47
51 48
51 49
51 51
51 54
51 56
51 57
51 59
51 61
51 62
51 65
51 66
51 67
51 68
51 69
51 71
51 75
51 77
51 78
51 79
51 80
51 82
51 83
51 86
51 92
51 96
51 97
51 98
51 99
52 1
52 6
52 9
52 10
52 11
52 13
52 22
52 23
52 25
52 27
52 30
52 31
52 32
52 33
52 34
52 37
52 39
52 40
52 41
52 44
52 45
52 48
52 52
52 53
52 54
52 55
52 57
52 59
52 61
52 62
52 63
52 65
52 66
52 67
52 68
52 72
52 75
52 76
52 77
52 78
52 80
52 81
52 85
52 88
52 91
52 94
52 97
52 98
52 99
53 1
53 3
53 5
53 6
53 7
53 10
53 12
53 13
53 15
53 17
53 18
53 21
53 23
53 24
53 25
53 26
53 31
53 35
53 36
53 37
53 38
53 40
53 41
53 47
53 53
53 55
53 56
53 58
53 59
53 60
53 67
53 70
53 71
53 73
53 76
53 79
53 81
53 82
53 85
53 87
53 90
53 91
53 92
53 94
53 95
53 96
54 3
54 4
54 9
54 13
54 14
54 16
54 17
54 19
54 21
54 22
54 24
54 26
54 30
54 32
54 33
54 34
54 35
54 37
54 38
54 40
54 42
54 46
54 48
54 52
54 53
54 55
54 56
54 57
54 59
54 62
54 63
54 64
54 67
54 68
54 69
54 70
54 73
54 76
54 78
54 81
54 86
54 88
54 89
54 92
54 95
54 96
54 100
55 1
55 3
55 5
55 6
55 7
55 8
55 13
55 15
55 19
55 20
55 23
55 25
55 27
55 34
55 36
55 37
55 41
55 42
55 50
55 52
55 53
55 54
55 56
55 60
55 61
55 62
55 63
55 64
55 66
55 71
55 74
55 77
55 80
55 82
55 84
55 85
55 88
55 92
55 94
55 96
55 98
55 99
56 5
56 8
56 10
56 13
56 16
56 17
56 20
56 22
56 28
56 29
56 30
56 33
56 34
56 35
56 37
56 38
56 39
56 41
56 42
56 44
56 46
56 47
56 48
56 49
56 50
56 51
56 53
56 54
56 56
56 61
56 62
56 64
56 65
56 68
56 69
56 70
56 72
56 74
56 76
56 77
56 82
56 83
56 84
56 85
56 90
56 91
56 93
56 94
56 98
56 99
57 2
57 3
57 4
57 5
57 10
57 12
57 13
57 20
57 24
57 26
57 27
57 29
57 30
57 35
57 36
57 37
57 39
57 40
57 41
57 42
57 49
57 50
57 51
57 57
57 58
57 61
57 64
57 65
57 70
57 71
57 72
57 73
57 75
57 76
57 80
57 81
57 83
57 85
57 86
57 92
57 93
57 95
57 98
57 100
58 1
58 2
58 7
58 8
58 10
58 11
58 12
58 13
58 14
58 15
58 23
58 24
58 25
58 26
58 27
58 29
58 31
58 32
58 33
58 34
58 37
58 39
58 42
58 43
58 44
58 45
58 48
58 49
58 50
58 51
58 54
58 55
58 56
58 59
58 61
58 62
58 65
58 67
58 69
58 70
58 72
58 74
58 76
58 77
58 79
58 81
58 83
58 86
58 88
58 89
58 90
58 91
58 92
58 93
58 95
58 98
58 99
58 100
59 2
59 3
59 5
59 6
59 7
59 9
59 12
59 13
59 16
59 19
59 22
59 24
59 25
59 26
59 29
59 30
59 31
59 34
59 38
59 39
59 40
59 41
59 42
59 44
59 45
59 46
59 47
59 53
59 54
59 55
59 56
59 57
59 58
59 59
59 60
59 68
59 70
59 71
59 72
59 73
59 76
59 77
59 81
59 84
59 85
59 86
59 87
59 89
59 90
59 92
59 94
59 100
60 3
60 9
60 11
60 13
60 16
60 19
60 23
60 24
60 29
60 32
60 36
60 38
60 41
60 42
60 44
60 51
60 53
60 58
60 71
60 72
60 73
60 74
60 75
60 76
60 77
60 78
60 80
60 83
60 84
60 85
60 86
60 88
60 91
60 92
60 93
60 94
60 97
61 1
61 2
61 3
61 6
61 8
61 9
61 10
61 11
61 14
61 15
61 18
61 19
61 23
61 31
61 32
61 34
61 35
61 36
61 37
61 39
61 40
61 42
61 43
61 46
61 47
61 48
61 49
61 51
61 53
61 55
61 56
61 61
61 64
61 65
61 68
61 69
61 70
61 73
61 74
61 79
61 80
61 81
61 91
61 92
61 95
61 96
61 97
61 98
62 1
62 2
62 3
62 5
62 6
62 7
62 8
62 10
62 11
62 14
62 16
62 17
62 20
62 21
62 22
62 23
62 24
62 25
62 28
62 30
62 31
62 32
62 34
62 36
62 37
62 39
62 40
62 42
62 43
62 44
62 45
62 48
62 52
62 54
62 55
62 56
62 59
62 60
62 65
62 66
62 67
62 68
62 69
62 70
62 73
62 74
62 75
62 77
62 85
62 86
62 87
62 89
62 90
62 91
62 96
62 98
62 99
63 1
63 3
63 4
63 7
63 10
63 12
63 13
63 14
63 17
63 20
63 22
63 23
63 24
63 25
63 28
63 30
63 34
63 41
63 42
63 43
63 44
63 45
63 46
63 47
63 48
63 49
63 55
63 56
63 58
63 59
63 60
63 61
63 63
63 65
63 66
63 67
63 68
63 73
63 74
63 79
63 84
63 85
63 86
63 90
63 91
63 92
63 95
63 96
63 97
63 100
64 1
64 2
64 6
64 7
64 8
64 9
64 11
64 12
64 13
64 16
64 19
64 22
64 23
64 24
64 25
64 27
64 29
64 31
64 32
64 34
64 36
64 37
64 38
64 40
64 41
64 42
64 44
64 45
64 47
64 48
64 50
64 51
64 52
64 53
64 56
64 60
64 61
64 64
64 65
64 66
64 68
64 69
64 71
64 74
64 77
64 78
64 80
64 81
64 82
64 85
64 87
64 88
64 94
64 98
65 1
65 2
65 14
65 17
65 19
65 20
65 21
65 22
65 23
65 25
65 26
65 29
65 31
65 32
65 33
65 36
65 38
65 39
65 40
65 41
65 44
65 45
65 46
65 47
65 50
65 51
65 54
65 55
65 56
65 57
65 58
65 60
65 62
65 63
65 64
65 65
65 68
65 73
65 76
65 77
65 78
65 79
65 80
65 82
65 84
65 86
65 87
65 88
65 90
65 91
65 92
65 95
65 96
65 99
65 100
66 1
66 3
66 6
66 7
66 8
66 9
66 11
66 13
66 14
66 15
66 16
66 17
66 18
66 22
66 24
66 25
66 26
66 27
66 29
66 30
66 33
66 35
66 37
66 38
66 42
66 43
66 44
66 45
66 46
66 51
66 53
66 54
66 55
66 56
66 57
66 58
66 61
66 65
66 69
66 72
66 73
66 75
66 81
66 82
66 83
66 84
66 86
66 88
66 90
66 91
66 97
66 99
67 1
67 2
67 3
67 4
67 8
67 9
67 10
67 11
67 12
67 14
67 15
67 17
67 19
67 20
67 21
67 23
67 25
67 26
67 28
67 29
67 31
67 33
67 35
67 36
67 37
67 39
67 44
67 45
67 46
67 47
67 49
67 50
67 51
67 53
67 57
67 58
67 59
67 60
67 61
67 62
67 66
67 67
67 68
67 69
67 70
67 71
67 72
67 74
67 75
67 78
67 79
67 80
67 85
67 89
67 91
67 94
67 97
67 100
68 4
68 5
68 8
68 10
68 13
68 15
68 17
68 18
68 19
68 20
68 21
68 22
68 23
68 25
68 28
68 31
68 33
68 38
68 40
68 41
68 43
68 45
68 46
68 47
68 52
68 58
68 59
68 60
68 64
68 68
68 69
68 71
68 72
68 74
68 75
68 77
68 79
68 80
68 82
68 84
68 90
68 92
68 93
68 99
68 100
69 2
69 3
69 5
69 7
69 8
69 9
69 10
69 11
69 12
69 13
69 14
69 16
69 17
69 18
69 19
69 23
69 25
69 27
69 28
69 30
69 32
69 33
69 34
69 38
69 40
69 43
69 44
69 50
69 51
69 52
69 53
69 55
69 56
69 57
69 60
69 61
69 62
69 64
69 65
69 66
69 67
69 68
69 71
69 72
69 77
69 78
69 79
69 82
69 87
69 88
69 89
69 90
69 91
69 93
69 94
69 95
69 96
69 97
69 99
70 1
70 6
70 8
70 10
70 11
70 12
70 14
70 15
70 17
70 18
70 20
70 21
70 22
70 23
70 24
70 27
70 28
70 29
70 30
70 32
70 33
70 34
70 35
70 38
70 39
70 40
70 41
70 43
70 45
70 46
70 48
70 52
70 56
70 71
70 73
70 74
70 75
70 82
70 83
70 85
70 86
70 87
70 88
70 92
70 96
70 97
70 100
71 3
71 6
71 7
71 10
71 11
71 15
71 18
71 19
71 23
71 24
71 27
71 31
71 34
71 36
71 37
71 39
71 40
71 41
71 42
71 43
71 44
71 46
71 47
71 49
71 51
71 53
71 56
71 58
71 60
71 61
71 63
71 64
71 67
71 68
71 72
71 73
71 76
71 81
71 87
71 89
71 91
71 93
71 96
71 97
71 98
71 99
71 100
72 1
72 2
72 7
72 9
72 10
72 11
72 12
72 13
72 14
72 16
72 18
72 28
72 30
72 31
72 32
72 33
72 34
72 35
72 37
72 41
72 42
72 43
72 44
72 45
72 46
72 49
72 50
72 52
72 54
72 56
72 57
72 58
72 60
72 61
72 64
72 65
72 66
72 70
72 71
72 74
72 75
72 76
72 80
72 81
72 82
72 83
72 86
72 88
72 89
72 90
72 92
72 93
72 98
72 99
73 1
73 2
73 3
73 5
73 9
73 10
73 11
73 12
73 14
73 15
73 16
73 17
73 19
73 21
73 25
73 28
73 35
73 36
73 39
73 40
73 41
73 42
73 44
73 45
73 47
73 48
73 49
73 50
73 51
73 55
73 56
73 58
73 60
73 63
73 66
73 69
73 73
73 76
73 79
73 81
73 82
73 84
73 85
73 86
73 87
73 89
73 91
73 92
73 93
73 94
73 97
74 1
74 3
74 5
74 8
74 10
74 13
74 14
74 16
74 17
74 19
74 28
74 29
74 33
74 34
74 35
74 37
74 40
74 41
74 43
74 45
74 46
74 47
74 48
74 50
74 52
74 53
74 59
74 60
74 69
74 71
74 74
74 75
74 77
74 79
74 80
74 82
74 83
74 84
74 85
74 87
74 88
74 89
74 92
74 96
74 97
74 99
75 2
75 4
75 7
75 10
75 12
75 14
75 15
75 16
75 19
75 23
75 24
75 25
75 27
75 29
75 31
75 32
75 33
75 34
75 35
75 37
75 38
75 40
75 41
75 42
75 43
75 44
75 45
75 46
75 47
75 50
75 51
75 52
75 54
75 55
75 56
75 57
75 58
75 63
75 66
75 68
75 69
75 71
75 73
75 74
75 75
75 76
75 82
75 84
75 89
75 91
75 92
75 93
75 95
75 96
76 1
76 2
76 3
76 4
76 7
76 9
76 11
76 12
76 14
76 15
76 18
76 21
76 25
76 27
76 28
76 30
76 32
76 34
76 35
76 36
76 38
76 40
76 42
76 43
76 46
76 49
76 52
76 53
76 56
76 57
76 60
76 61
76 62
76 64
76 68
76 69
76 70
76 71
76 74
76 76
76 78
76 79
76 80
76 81
76 82
76 85
76 86
76 87
76 89
76 90
76 91
76 93
76 96
76 99
77 3
77 4
77 5
77 7
77 8
77 9
77 11
77 12
77 13
77 14
77 16
77 18
77 20
77 21
77 27
77 29
77 30
77 35
77 37
77 40
77 43
77 44
77 45
77 51
77 54
77 55
77 59
77 60
77 61
77 62
77 63
77 64
77 65
77 67
77 68
77 72
77 73
77 74
77 75
77 78
77 79
77 80
77 81
77 83
77 87
77 88
77 91
77 93
77 94
77 99
78 1
78 2
78 7
78 11
78 13
78 14
78 17
78 18
78 21
78 23
78 24
78 27
78 29
78 31
78 32
78 34
78 35
78 36
78 37
78 38
78 39
78 40
78 43
78 44
78 46
78 48
78 49
78 51
78 52
78 54
78 55
78 56
78 57
78 62
78 64
78 65
78 71
78 72
78 73
78 75
78 76
78 77
78 78
78 79
78 80
78 82
78 84
78 86
78 90
78 91
78 97
78 99
79 2
79 3
79 4
79 7
79 8
79 9
79 10
79 12
79 15
79 17
79 18
79 19
79 22
79 23
79 25
79 27
79 30
79 32
79 33
79 35
79 36
79 37
79 39
79 41
79 42
79 43
79 44
79 45
79 56
79 57
79 61
79 62
79 64
79 65
79 66
79 68
79 71
79 72
79 76
79 78
79 79
79 80
79 87
79 88
79 93
79 94
79 96
79 98
79 100
80 6
80 7
80 9
80 10
80 11
80 12
80 14
80 17
80 18
80 19
80 20
80 21
80 23
80 24
80 25
80 27
80 30
80 31
80 33
80 34
80 35
80 36
80 38
80 39
80 40
80 41
80 43
80 48
80 49
80 50
80 52
80 53
80 55
80 56
80 57
80 58
80 59
80 61
80 63
80 65
80 73
80 74
80 76
80 78
80 79
80 80
80 85
80 87
80 88
80 91
80 95
81 1
81 2
81 3
81 5
81 6
81 7
81 8
81 12
81 14
81 15
81 16
81 19
81 21
81 25
81 28
81 29
81 30
81 32
81 36
81 37
81 38
81 41
81 44
81 45
81 46
81 47
81 48
81 53
81 58
81 62
81 64
81 70
81 71
81 74
81 77
81 78
81 80
81 81
81 84
81 86
81 88
81 90
81 92
81 95
81 96
81 98
81 99
81 100
82 1
82 2
82 6
82 8
82 9
82 10
82 11
82 13
82 16
82 17
82 18
82 23
82 25
82 26
82 27
82 28
82 32
82 36
82 43
82 47
82 48
82 49
82 51
82 52
82 54
82 55
82 56
82 57
82 59
82 60
82 61
82 62
82 63
82 65
82 66
82 68
82 74
82 75
82 76
82 79
82 80
82 83
82 84
82 85
82 86
82 87
82 88
82 89
82 90
82 91
82 93
82 94
82 97
82 99
82 100
83 4
83 7
83 11
83 12
83 13
83 15
83 18
83 20
83 22
83 23
83 24
83 26
83 27
83 31
83 34
83 36
83 40
83 43
83 44
83 46
83 47
83 48
83 51
83 52
83 54
83 56
83 57
83 58
83 59
83 63
83 64
83 65
83 68
83 69
83 70
83 71
83 72
83 74
83 78
83 81
83 84
83 85
83 90
83 91
83 92
83 93
83 95
83 99
84 1
84 3
84 5
84 7
84 8
84 10
84 11
84 12
84 13
84 18
84 24
84 27
84 30
84 31
84 39
84 40
84 41
84 45
84 49
84 51
84 55
84 59
84 61
84 63
84 64
84 65
84 66
84 67
84 68
84 69
84 74
84 75
84 76
84 77
84 81
84 83
84 85
84 86
84 87
84 88
84 89
84 95
85 3
85 7
85 9
85 10
85 14
85 15
85 19
85 22
85 24
85 25
85 27
85 32
85 36
85 37
85 38
85 44
85 47
85 48
85 51
85 53
85 54
85 55
85 60
85 61
85 62
85 63
85 64
85 65
85 66
85 67
85 68
85 69
85 70
85 71
85 72
85 75
85 76
85 77
85 80
85 82
85 85
85 88
85 89
85 91
85 93
85 94
85 95
85 96
85 98
85 100
86 4
86 6
86 8
86 9
86 10
86 11
86 12
86 13
86 15
86 16
86 18
86 19
86 21
86 23
86 26
86 27
86 32
86 33
86 34
86 35
86 36
86 37
86 42
86 43
86 44
86 45
86 46
86 48
86 49
86 50
86 52
86 53
86 54
86 58
86 59
86 60
86 65
86 66
86 68
86 78
86 80
86 81
86 82
86 85
86 86
86 90
86 91
86 93
86 96
86 98
86 99
87 1
87 2
87 3
87 4
87 6
87 17
87 25
87 26
87 28
87 31
87 32
87 33
87 35
87 36
87 43
87 47
87 48
87 50
87 52
87 53
87 54
87 55
87 56
87 57
87 58
87 59
87 61
87 64
87 65
87 66
87 68
87 71
87 73
87 75
87 80
87 81
87 82
87 84
87 85
87 89
87 93
87 94
87 95
87 96
87 97
88 1
88 3
88 4
88 5
88 6
88 7
88 9
88 10
88 12
88 16
88 21
88 23
88 26
88 29
88 31
88 34
88 35
88 36
88 37
88 39
88 41
88 42
88 43
88 44
88 46
88 48
88 52
88 54
88 55
88 58
88 61
88 65
88 70
88 74
88 76
88 80
88 81
88 82
88 83
88 85
88 88
88 89
88 90
88 91
88 93
88 96
88 97
88 100
89 1
89 3
89 5
89 6
89 8
89 10
89 12
89 19
89 20
89 21
89 22
89 23
89 25
89 26
89 28
89 34
89 38
89 39
89 40
89 42
89 43
89 44
89 46
89 48
89 55
89 56
89 61
89 63
89 65
89 66
89 71
89 73
89 77
89 79
89 81
89 83
89 84
89 85
89 87
89 89
89 90
89 91
89 92
89 94
89 98
89 99
89 100
90 5
90 6
90 8
90 10
90 11
90 12
90 16
90 18
90 19
90 21
90 23
90 24
90 26
90 28
90 29
90 31
90 32
90 33
90 37
90 39
90 41
90 42
90 45
90 46
90 50
90 52
90 53
90 54
90 55
90 56
90 57
90 62
90 68
90 73
90 74
90 75
90 78
90 80
90 81
90 84
90 89
90 91
90 93
90 95
90 96
90 100
91 3
91 4
91 9
91 11
91 14
91 15
91 18
91 19
91 24
91 25
91 26
91 27
91 29
91 32
91 33
91 34
91 41
91 42
91 43
91 44
91 45
91 46
91 48
91 49
91 50
91 55
91 56
91 59
91 61
91 62
91 63
91 64
91 68
91 69
91 70
91 71
91 72
91 73
91 74
91 75
91 77
91 78
91 80
91 82
91 85
91 89
91 90
91 96
91 98
92 2
92 3
92 4
92 5
92 11
92 12
92 15
92 19
92 21
92 22
92 25
92 26
92 27
92 31
92 32
92 34
92 35
92 38
92 41
92 42
92 44
92 45
92 47
92 48
92 50
92 51
92 55
92 56
92 58
92 61
92 62
92 67
92 68
92 70
92 71
92 72
92 74
92 76
92 77
92 78
92 79
92 82
92 85
92 86
92 87
92 92
92 95
92 96
92 97
92 98
92 100
93 3
93 4
93 5
93 6
93 8
93 10
93 14
93 16
93 17
93 19
93 20
93 21
93 24
93 25
93 29
93 31
93 32
93 33
93 34
93 35
93 37
93 38
93 41
93 45
93 46
93 50
93 52
93 53
93 55
93 56
93 57
93 58
93 59
93 62
93 63
93 64
93 65
93 67
93 68
93 69
93 70
93 71
93 72
93 74
93 75
93 76
93 80
93 83
93 86
93 90
93 92
93 95
93 96
93 100
94 1
94 3
94 4
94 7
94 8
94 9
94 10
94 11
94 16
94 17
94 18
94 19
94 20
94 21
94 22
94 23
94 24
94 26
94 31
94 32
94 36
94 37
94 38
94 39
94 40
94 41
94 42
94 43
94 44
94 46
94 47
94 48
94 49
94 52
94 55
94 57
94 58
94 59
94 63
94 64
94 65
94 68
94 69
94 72
94 77
94 78
94 82
94 88
94 89
94 90
94 91
94 94
94 97
94 98
94 99
95 1
95 3
95 7
95 9
95 10
95 13
95 17
95 18
95 19
95 21
95 22
95 23
95 24
95 28
95 31
95 35
95 37
95 41
95 42
95 44
95 47
95 50
95 51
95 52
95 53
95 54
95 57
95 58
95 59
95 60
95 61
95 65
95 66
95 67
95 68
95 69
95 74
95 78
95 79
95 82
95 83
95 84
95 86
95 88
95 89
95 93
95 97
95 99
95 100
96 1
96 2
96 3
96 4
96 6
96 11
96 13
96 14
96 15
96 16
96 18
96 19
96 20
96 25
96 26
96 27
96 30
96 32
96 33
96 34
96 35
96 36
96 37
96 38
96 39
96 40
96 41
96 43
96 44
96 46
96 47
96 49
96 51
96 52
96 53
96 54
96 56
96 59
96 63
96 65
96 67
96 68
96 69
96 70
96 73
96 74
96 75
96 77
96 78
96 80
96 83
96 85
96 87
96 88
96 89
96 93
96 94
96 95
96 96
96 97
96 100
97 1
97 5
97 12
97 13
97 18
97 19
97 20
97 22
97 24
97 26
97 28
97 32
97 33
97 38
97 39
97 42
97 46
97 52
97 53
97 57
97 58
97 60
97 62
97 64
97 67
97 76
97 78
97 81
97 83
97 84
97 85
97 87
97 88
97 94
97 95
97 96
97 97
97 98
97 100
98 2
98 3
98 7
98 8
98 9
98 10
98 12
98 13
98 14
98 15
98 16
98 19
98 20
98 21
98 22
98 23
98 24
98 28
98 29
98 32
98 33
98 35
98 38
98 39
98 45
98 47
98 49
98 51
98 53
98 54
98 55
98 57
98 61
98 62
98 63
98 65
98 67
98 69
98 71
98 72
98 73
98 77
98 78
98 79
98 83
98 84
98 87
98 88
98 89
98 91
98 96
98 97
98 98
98 99
99 2
99 3
99 4
99 5
99 7
99 8
99 10
99 11
99 13
99 14
99 24
99 25
99 26
99 28
99 29
99 32
99 34
99 40
99 41
99 42
99 44
99 47
99 50
99 51
99 52
99 56
99 58
99 62
99 63
99 65
99 66
99 67
99 68
99 71
99 74
99 76
99 78
99 79
99 80
99 82
99 83
99 85
99 86
99 88
99 92
99 93
99 94
99 97
99 99
100 2
100 3
100 4
100 6
100 7
100 10
100 13
100 15
100 18
100 19
100 20
100 22
100 24
100 26
100 27
100 29
100 30
100 31
100 32
100 35
100 38
100 44
100 48
100 49
100 51
100 53
100 56
100 59
100 62
100 68
100 71
100 73
100 79
100 80
100 81
100 85
100 86
100 87
100 88
100 90
100 91
100 93
100 97
100 98
