60 60 1847 25
1 1
1 2
1 3
1 7
1 8
1 9
1 10
1 11
1 12
1 13
1 14
1 19
1 23
1 24
1 25
1 27
1 28
1 30
1 32
1 34
1 35
1 37
1 40
1 41
1 42
1 43
1 44
1 45
1 47
1 49
1 51
1 52
1 53
1 54
1 57
1 58
2 1
2 2
2 6
2 7
2 10
2 12
2 14
2 17
2 18
2 19
2 21
2 24
2 25
2 26
2 27
2 28
2 30
2 35
2 37
2 40
2 42
2 45
2 46
2 47
2 49
2 51
2 52
2 53
2 54
2 57
2 59
2 60
3 2
3 5
3 8
3 9
3 10
3 13
3 19
3 20
3 21
3 22
3 24
3 30
3 32
3 33
3 37
3 44
3 46
3 48
3 49
3 50
3 52
3 53
3 55
3 56
3 58
3 59
3 60
4 3
4 6
4 8
4 9
4 11
4 12
4 13
4 14
4 20
4 22
4 24
4 25
4 27
4 29
4 30
4 32
4 33
4 34
4 35
4 39
4 44
4 47
4 48
4 52
4 53
4 55
4 56
5 1
5 2
5 3
5 5
5 7
5 8
5 10
5 12
5 13
5 15
5 16
5 18
5 25
5 27
5 30
5 31
5 33
5 34
5 35
5 37
5 38
5 40
5 41
5 42
5 43
5 44
5 45
5 47
5 48
5 49
5 50
5 57
5 60
6 1
6 4
6 11
6 13
6 15
6 18
6 19
6 20
6 23
6 24
6 27
6 29
6 31
6 32
6 37
6 39
6 41
6 42
6 44
6 45
6 46
6 48
6 51
6 54
6 56
6 58
6 60
7 1
7 5
7 6
7 7
7 9
7 12
7 15
7 18
7 22
7 27
7 28
7 36
7 38
7 41
7 43
7 44
7 48
7 49
7 51
7 54
7 58
7 59
7 60
8 1
8 5
8 6
8 7
8 9
8 10
8 12
8 13
8 14
8 18
8 20
8 25
8 26
8 27
8 32
8 35
8 36
8 40
8 43
8 44
8 45
8 46
8 47
8 50
8 51
8 54
8 55
8 56
8 60
9 3
9 6
9 8
9 9
9 11
9 12
9 13
9 14
9 15
9 16
9 17
9 19
9 20
9 27
9 28
9 31
9 34
9 36
9 37
9 38
9 39
9 42
9 43
9 45
9 50
9 51
9 52
9 55
9 56
9 58
10 1
10 3
10 6
10 7
10 9
10 10
10 13
10 14
10 15
10 17
10 18
10 21
10 22
10 23
10 24
10 25
10 28
10 29
10 30
10 31
10 33
10 34
10 35
10 36
10 40
10 41
10 43
10 44
10 46
10 48
10 52
10 56
10 57
10 58
10 59
10 60
11 2
11 5
11 6
11 7
11 10
11 12
11 14
11 16
11 18
11 19
11 20
11 22
11 23
11 26
11 28
11 29
11 31
11 32
11 33
11 41
11 43
11 44
11 48
11 50
11 51
11 59
11 60
12 6
12 9
12 10
12 11
12 13
12 16
12 17
12 18
12 19
12 24
12 26
12 28
12 31
12 32
12 33
12 34
12 35
12 37
12 39
12 40
12 42
12 45
12 46
12 48
12 49
12 50
12 51
12 53
12 56
12 58
12 60
13 3
13 8
13 9
13 10
13 11
13 12
13 13
13 14
13 15
13 16
13 17
13 21
13 22
13 27
13 28
13 29
13 30
13 31
13 34
13 35
13 37
13 38
13 40
13 43
13 46
13 47
13 48
13 51
13 59
13 60
14 1
14 3
14 4
14 6
14 9
14 11
14 12
14 14
14 18
14 19
14 21
14 22
14 24
14 25
14 29
14 31
14 33
14 34
14 35
14 36
14 39
14 42
14 45
14 47
14 50
14 51
14 53
14 56
14 58
15 3
15 5
15 6
15 10
15 12
15 14
15 15
15 18
15 20
15 25
15 26
15 30
15 31
15 32
15 34
15 36
15 40
15 42
15 46
15 47
15 48
15 49
15 51
15 52
15 55
15 56
15 57
15 58
16 2
16 4
16 5
16 7
16 8
16 9
16 11
16 13
16 15
16 17
16 19
16 21
16 24
16 28
16 29
16 30
16 31
16 39
16 41
16 43
16 51
16 52
16 53
16 54
16 55
16 57
16 58
16 59
17 2
17 4
17 6
17 9
17 10
17 12
17 14
17 15
17 16
17 23
17 24
17 27
17 28
17 30
17 31
17 33
17 35
17 40
17 41
17 43
17 45
17 46
17 49
17 50
17 51
17 52
17 54
17 55
17 56
17 57
17 60
18 1
18 3
18 4
18 10
18 11
18 14
18 15
18 16
18 19
18 20
18 26
18 31
18 33
18 34
18 37
18 38
18 42
18 43
18 44
18 45
18 51
18 54
18 58
18 60
19 2
19 5
19 11
19 15
19 17
19 19
19 20
19 21
19 22
19 24
19 25
19 26
19 27
19 28
19 29
19 34
19 35
19 36
19 38
19 42
19 43
19 45
19 47
19 48
19 49
19 50
19 51
19 54
19 56
19 58
19 59
20 2
20 3
20 5
20 9
20 10
20 14
20 16
20 18
20 21
20 22
20 25
20 31
20 32
20 33
20 34
20 35
20 39
20 42
20 43
20 44
20 46
20 48
20 50
20 53
20 55
20 56
20 57
20 58
20 59
20 60
21 1
21 3
21 4
21 7
21 9
21 10
21 11
21 14
21 15
21 19
21 21
21 22
21 24
21 27
21 29
21 30
21 31
21 32
21 35
21 36
21 39
21 41
21 44
21 45
21 49
21 50
21 51
21 52
21 53
21 54
21 56
21 60
22 2
22 3
22 6
22 7
22 9
22 10
22 11
22 12
22 14
22 17
22 19
22 20
22 24
22 28
22 32
22 33
22 34
22 38
22 39
22 40
22 45
22 47
22 48
22 49
22 52
22 53
22 56
22 57
22 60
23 1
23 2
23 3
23 5
23 6
23 7
23 8
23 9
23 10
23 12
23 13
23 14
23 15
23 18
23 20
23 22
23 26
23 27
23 29
23 30
23 35
23 36
23 37
23 38
23 39
23 43
23 44
23 46
23 48
23 49
23 52
23 53
23 58
24 1
24 2
24 5
24 8
24 11
24 13
24 16
24 19
24 20
24 21
24 26
24 29
24 32
24 34
24 35
24 36
24 38
24 41
24 42
24 48
24 50
24 51
24 53
24 57
24 58
24 59
24 60
25 4
25 5
25 10
25 11
25 14
25 16
25 17
25 19
25 20
25 21
25 22
25 23
25 25
25 26
25 28
25 31
25 39
25 40
25 43
25 45
25 46
25 47
25 48
25 49
25 51
25 52
25 53
25 54
25 55
25 56
25 57
26 1
26 3
26 6
26 8
26 9
26 10
26 11
26 13
26 14
26 16
26 22
26 23
26 25
26 27
26 31
26 34
26 37
26 38
26 39
26 45
26 50
26 52
26 53
26 56
26 58
26 59
26 60
27 3
27 5
27 6
27 10
27 15
27 16
27 17
27 18
27 19
27 22
27 25
27 26
27 27
27 28
27 30
27 31
27 34
27 36
27 37
27 40
27 42
27 46
27 48
27 51
27 53
27 54
27 55
27 59
28 1
28 2
28 4
28 5
28 6
28 9
28 10
28 12
28 13
28 15
28 17
28 18
28 21
28 22
28 23
28 24
28 25
28 26
28 27
28 28
28 30
28 31
28 34
28 35
28 37
28 39
28 40
28 41
28 42
28 43
28 44
28 47
28 49
28 50
28 52
28 53
28 57
28 59
29 3
29 4
29 7
29 8
29 9
29 10
29 14
29 15
29 16
29 17
29 19
29 21
29 22
29 23
29 24
29 25
29 27
29 29
29 31
29 34
29 35
29 37
29 39
29 40
29 41
29 42
29 44
29 50
29 52
29 53
29 54
29 55
29 56
29 57
29 59
30 1
30 2
30 3
30 10
30 11
30 16
30 18
30 19
30 21
30 30
30 33
30 35
30 36
30 37
30 39
30 40
30 42
30 43
30 44
30 46
30 47
30 48
30 49
30 51
30 53
30 56
30 58
30 59
31 1
31 3
31 5
31 9
31 12
31 13
31 14
31 18
31 21
31 24
31 25
31 28
31 29
31 31
31 32
31 33
31 35
31 36
31 38
31 39
31 40
31 43
31 44
31 45
31 47
31 48
31 50
31 52
31 53
31 54
31 55
31 56
31 57
31 60
32 3
32 4
32 7
32 8
32 9
32 10
32 11
32 15
32 16
32 19
32 20
32 21
32 25
32 26
32 27
32 28
32 31
32 35
32 38
32 40
32 41
32 47
32 53
32 55
32 57
32 60
33 1
33 4
33 5
33 6
33 7
33 8
33 12
33 13
33 15
33 16
33 19
33 21
33 27
33 28
33 29
33 30
33 32
33 33
33 36
33 37
33 39
33 40
33 41
33 43
33 44
33 48
33 49
33 52
33 53
33 54
33 56
33 59
33 60
34 3
34 4
34 5
34 6
34 11
34 14
34 15
34 18
34 19
34 20
34 21
34 22
34 24
34 25
34 26
34 28
34 30
34 32
34 37
34 41
34 43
34 44
34 45
34 47
34 50
34 52
34 54
34 55
34 56
35 4
35 6
35 8
35 9
35 13
35 15
35 17
35 21
35 22
35 23
35 24
35 25
35 26
35 28
35 30
35 33
35 34
35 35
35 36
35 37
35 38
35 39
35 40
35 41
35 42
35 45
35 47
35 55
35 59
35 60
36 1
36 2
36 3
36 5
36 7
36 8
36 9
36 10
36 13
36 14
36 15
36 16
36 17
36 19
36 20
36 23
36 25
36 26
36 27
36 28
36 30
36 33
36 35
36 36
36 37
36 40
36 42
36 46
36 49
36 55
36 56
36 57
36 58
36 59
36 60
37 1
37 3
37 6
37 7
37 8
37 9
37 10
37 13
37 14
37 15
37 18
37 19
37 20
37 21
37 22
37 23
37 25
37 26
37 32
37 33
37 37
37 38
37 39
37 40
37 42
37 45
37 53
37 54
37 56
38 1
38 2
38 3
38 4
38 5
38 6
38 8
38 11
38 12
38 14
38 16
38 19
38 20
38 25
38 29
38 33
38 35
38 36
38 39
38 41
38 43
38 45
38 47
38 48
38 49
38 50
38 51
38 54
38 56
38 57
38 59
38 60
39 1
39 3
39 5
39 6
39 10
39 11
39 12
39 13
39 16
39 17
39 22
39 26
39 27
39 29
39 30
39 32
39 34
39 35
39 36
39 39
39 45
39 48
39 49
39 51
39 52
39 53
39 56
39 59
39 60
40 6
40 7
40 11
40 12
40 20
40 21
40 22
40 23
40 26
40 28
40 29
40 30
40 31
40 33
40 35
40 36
40 37
40 43
40 44
40 47
40 48
40 51
40 52
40 54
40 55
40 56
40 57
40 58
40 59
40 60
41 2
41 3
41 4
41 6
41 8
41 11
41 13
41 14
41 15
41 20
41 25
41 30
41 32
41 34
41 38
41 39
41 40
41 42
41 43
41 44
41 45
41 46
41 48
41 49
41 51
41 52
41 54
41 56
41 57
42 2
42 5
42 6
42 7
42 8
42 10
42 12
42 13
42 14
42 15
42 17
42 21
42 23
42 24
42 26
42 28
42 29
42 32
42 36
42 37
42 39
42 42
42 45
42 46
42 47
42 50
42 52
42 53
42 55
42 56
42 57
42 58
42 60
43 1
43 3
43 4
43 5
43 6
43 7
43 8
43 9
43 12
43 14
43 16
43 18
43 24
43 28
43 30
43 35
43 36
43 37
43 38
43 41
43 42
43 44
43 49
43 50
43 55
43 58
43 59
44 2
44 5
44 7
44 9
44 10
44 12
44 14
44 15
44 19
44 20
44 22
44 24
44 25
44 27
44 28
44 31
44 35
44 36
44 37
44 38
44 41
44 42
44 43
44 45
44 46
44 48
44 49
44 50
44 56
44 57
44 59
44 60
45 2
45 4
45 5
45 6
45 7
45 8
45 11
45 13
45 16
45 17
45 18
45 19
45 20
45 22
45 24
45 25
45 26
45 28
45 29
45 30
45 31
45 32
45 37
45 38
45 39
45 41
45 42
45 43
45 44
45 45
45 46
45 49
45 50
45 51
45 53
45 54
45 57
46 3
46 5
46 6
46 8
46 10
46 11
46 12
46 14
46 15
46 22
46 23
46 27
46 28
46 30
46 31
46 34
46 36
46 37
46 38
46 40
46 41
46 44
46 45
46 46
46 47
46 48
46 49
46 50
46 51
46 55
46 56
46 57
46 60
47 7
47 10
47 11
47 13
47 14
47 15
47 16
47 17
47 20
47 22
47 24
47 25
47 26
47 28
47 29
47 30
47 31
47 34
47 38
47 39
47 43
47 44
47 45
47 46
47 47
47 56
47 59
48 2
48 4
48 5
48 7
48 8
48 9
48 10
48 15
48 16
48 19
48 21
48 24
48 25
48 26
48 27
48 28
48 30
48 31
48 34
48 37
48 40
48 43
48 46
48 47
48 48
48 52
48 54
48 55
48 56
48 60
49 1
49 2
49 4
49 6
49 7
49 8
49 9
49 10
49 12
49 14
49 16
49 21
49 22
49 24
49 25
49 26
49 27
49 33
49 36
49 38
49 41
49 42
49 43
49 44
49 45
49 46
49 49
49 50
49 51
49 54
49 57
49 60
50 1
50 4
50 7
50 8
50 9
50 11
50 12
50 14
50 15
50 19
50 21
50 22
50 23
50 36
50 37
50 42
50 43
50 45
50 46
50 47
50 49
50 50
50 52
50 53
50 55
50 56
50 57
50 58
50 59
50 60
51 1
51 3
51 4
51 5
51 6
51 7
51 8
51 10
51 11
51 13
51 15
51 18
51 19
51 20
51 21
51 23
51 24
51 26
51 27
51 30
51 31
51 32
51 33
51 35
51 37
51 39
51 41
51 43
51 44
51 46
51 47
51 48
51 49
51 50
51 53
51 57
51 58
52 8
52 10
52 12
52 13
52 14
52 17
52 18
52 19
52 20
52 22
52 24
52 26
52 27
52 29
52 31
52 32
52 34
52 35
52 36
52 38
52 44
52 46
52 47
52 51
52 52
52 53
52 55
52 57
52 60
53 1
53 2
53 3
53 6
53 8
53 10
53 11
53 13
53 15
53 17
53 19
53 23
53 24
53 25
53 30
53 32
53 33
53 34
53 37
53 39
53 40
53 42
53 43
53 44
53 45
53 46
53 49
53 51
53 53
53 55
53 56
53 57
53 59
54 1
54 3
54 4
54 6
54 8
54 9
54 11
54 12
54 15
54 17
54 19
54 21
54 23
54 25
54 26
54 28
54 33
54 35
54 36
54 41
54 42
54 43
54 44
54 48
54 52
54 54
54 55
54 56
54 60
55 1
55 2
55 3
55 4
55 5
55 6
55 7
55 9
55 10
55 13
55 17
55 18
55 20
55 21
55 23
55 26
55 31
55 32
55 34
55 36
55 39
55 42
55 43
55 44
55 45
55 46
55 47
55 48
55 50
55 54
55 55
55 56
55 57
55 58
55 60
56 3
56 5
56 7
56 12
56 14
56 16
56 18
56 21
56 23
56 25
56 26
56 28
56 31
56 33
56 34
56 35
56 37
56 38
56 39
56 46
56 48
56 51
56 54
56 59
56 60
57 4
57 6
57 7
57 8
57 10
57 12
57 13
57 14
57 15
57 17
57 18
57 20
57 21
57 23
57 24
57 25
57 30
57 33
57 35
57 39
57 40
57 42
57 43
57 45
57 47
57 48
57 50
57 51
57 52
57 54
57 55
57 56
57 58
57 59
58 4
58 7
58 10
58 12
58 13
58 14
58 15
58 16
58 17
58 18
58 19
58 20
58 23
58 24
58 25
58 27
58 29
58 30
58 33
58 34
58 36
58 37
58 38
58 39
58 41
58 42
58 43
58 44
58 45
58 46
58 47
58 48
58 51
58 52
58 53
58 55
58 57
59 3
59 4
59 5
59 6
59 7
59 11
59 12
59 13
59 15
59 16
59 21
59 22
59 23
59 24
59 25
59 26
59 29
59 30
59 31
59 34
59 37
59 38
59 39
59 42
59 44
59 46
59 47
59 48
59 49
59 50
59 51
59 54
59 58
59 59
59 60
60 2
60 3
60 4
60 5
60 6
60 8
60 11
60 12
60 13
60 15
60 17
60 18
60 19
60 21
60 22
60 24
60 26
60 27
60 30
60 31
60 33
60 34
60 35
60 36
60 38
60 39
60 40
60 41
60 42
60 44
60 45
60 46
60 48
60 52
60 53
60 54
60 57
60 59
60 60
