140 140 9920 57
1 1
1 2
1 3
1 5
1 6
1 8
1 9
1 12
1 14
1 19
1 22
1 23
1 24
1 25
1 27
1 29
1 30
1 32
1 33
1 35
1 36
1 37
1 38
1 39
1 41
1 42
1 44
1 45
1 47
1 50
1 51
1 52
1 53
1 56
1 57
1 58
1 61
1 62
1 64
1 66
1 67
1 69
1 70
1 72
1 73
1 78
1 79
1 81
1 82
1 84
1 85
1 86
1 87
1 88
1 89
1 93
1 95
1 96
1 97
1 100
1 101
1 102
1 104
1 106
1 107
1 113
1 114
1 119
1 122
1 123
1 125
1 128
1 129
1 130
1 137
2 1
2 2
2 7
2 10
2 12
2 13
2 15
2 16
2 17
2 21
2 22
2 24
2 26
2 28
2 29
2 30
2 31
2 32
2 33
2 38
2 39
2 40
2 42
2 43
2 44
2 47
2 49
2 51
2 54
2 60
2 61
2 66
2 67
2 68
2 69
2 71
2 72
2 73
2 74
2 75
2 77
2 79
2 80
2 83
2 87
2 88
2 89
2 92
2 93
2 94
2 96
2 97
2 100
2 101
2 102
2 103
2 105
2 106
2 107
2 108
2 110
2 111
2 112
2 113
2 115
2 116
2 117
2 118
2 121
2 125
2 129
2 130
2 132
2 133
2 134
2 135
2 137
2 138
2 140
3 1
3 3
3 4
3 5
3 8
3 10
3 12
3 13
3 14
3 16
3 17
3 19
3 20
3 23
3 24
3 29
3 31
3 34
3 35
3 39
3 40
3 45
3 46
3 47
3 48
3 49
3 50
3 51
3 52
3 54
3 55
3 57
3 60
3 61
3 62
3 64
3 65
3 67
3 68
3 69
3 76
3 78
3 80
3 85
3 86
3 87
3 90
3 92
3 93
3 94
3 95
3 96
3 101
3 102
3 104
3 106
3 107
3 108
3 113
3 116
3 121
3 123
3 124
3 125
3 126
3 128
3 129
3 131
3 133
3 136
3 140
4 1
4 2
4 3
4 5
4 6
4 10
4 12
4 13
4 14
4 17
4 21
4 23
4 24
4 25
4 27
4 28
4 30
4 32
4 34
4 35
4 36
4 37
4 43
4 44
4 45
4 46
4 50
4 54
4 55
4 56
4 60
4 61
4 62
4 63
4 67
4 68
4 71
4 72
4 73
4 74
4 77
4 79
4 80
4 81
4 82
4 83
4 85
4 87
4 88
4 89
4 91
4 92
4 95
4 96
4 97
4 98
4 99
4 100
4 102
4 103
4 107
4 110
4 112
4 113
4 114
4 115
4 116
4 121
4 123
4 124
4 127
4 129
4 131
4 132
4 133
4 134
4 135
4 137
5 1
5 2
5 3
5 4
5 7
5 9
5 10
5 11
5 13
5 14
5 15
5 16
5 19
5 20
5 23
5 24
5 25
5 26
5 32
5 36
5 40
5 41
5 42
5 45
5 46
5 47
5 50
5 52
5 54
5 55
5 56
5 58
5 59
5 61
5 65
5 66
5 67
5 69
5 71
5 72
5 75
5 77
5 81
5 83
5 89
5 90
5 91
5 96
5 97
5 100
5 101
5 102
5 106
5 107
5 108
5 109
5 111
5 113
5 116
5 117
5 119
5 120
5 121
5 123
5 124
5 127
5 128
5 130
5 131
5 132
5 133
5 134
5 135
5 137
5 139
5 140
6 2
6 5
6 6
6 8
6 9
6 12
6 16
6 18
6 20
6 22
6 23
6 24
6 25
6 28
6 30
6 31
6 32
6 34
6 35
6 37
6 39
6 40
6 41
6 42
6 44
6 45
6 48
6 50
6 51
6 52
6 53
6 54
6 55
6 56
6 60
6 62
6 63
6 67
6 68
6 71
6 72
6 79
6 81
6 82
6 83
6 84
6 85
6 86
6 89
6 91
6 92
6 94
6 96
6 98
6 99
6 101
6 102
6 104
6 107
6 108
6 109
6 110
6 112
6 114
6 115
6 119
6 122
6 127
6 131
6 133
6 135
6 136
7 1
7 4
7 7
7 10
7 12
7 13
7 14
7 15
7 16
7 18
7 19
7 20
7 23
7 26
7 31
7 32
7 34
7 36
7 40
7 41
7 45
7 48
7 50
7 51
7 52
7 55
7 62
7 65
7 66
7 67
7 68
7 69
7 70
7 71
7 73
7 75
7 79
7 81
7 82
7 84
7 85
7 88
7 90
7 91
7 94
7 95
7 99
7 101
7 102
7 103
7 104
7 107
7 111
7 112
7 113
7 115
7 117
7 118
7 119
7 124
7 126
7 127
7 128
7 129
7 130
7 134
7 136
7 137
8 4
8 7
8 10
8 12
8 13
8 17
8 20
8 24
8 25
8 26
8 30
8 34
8 36
8 41
8 43
8 50
8 51
8 53
8 54
8 55
8 56
8 57
8 59
8 60
8 65
8 66
8 67
8 73
8 74
8 77
8 78
8 82
8 83
8 84
8 89
8 91
8 93
8 96
8 97
8 98
8 99
8 100
8 102
8 105
8 108
8 110
8 111
8 114
8 115
8 116
8 117
8 119
8 120
8 121
8 123
8 124
8 125
8 126
8 129
8 134
8 136
8 137
8 140
9 2
9 5
9 6
9 9
9 11
9 14
9 18
9 22
9 23
9 26
9 27
9 29
9 30
9 34
9 35
9 36
9 37
9 38
9 41
9 45
9 49
9 50
9 51
9 53
9 55
9 62
9 64
9 65
9 66
9 68
9 69
9 70
9 73
9 74
9 75
9 76
9 78
9 79
9 80
9 81
9 83
9 88
9 90
9 91
9 93
9 94
9 95
9 99
9 100
9 101
9 102
9 103
9 104
9 107
9 109
9 110
9 112
9 113
9 114
9 121
9 125
9 127
9 128
9 129
9 130
9 134
9 135
9 136
9 139
10 3
10 6
10 7
10 9
10 11
10 13
10 14
10 15
10 17
10 18
10 21
10 24
10 28
10 32
10 33
10 36
10 38
10 39
10 40
10 42
10 45
10 49
10 55
10 56
10 57
10 59
10 62
10 63
10 66
10 67
10 68
10 69
10 70
10 72
10 73
10 74
10 75
10 78
10 79
10 80
10 82
10 83
10 84
10 86
10 87
10 89
10 91
10 92
10 95
10 98
10 99
10 102
10 103
10 104
10 106
10 108
10 109
10 112
10 117
10 118
10 121
10 122
10 124
10 125
10 127
10 128
10 130
10 133
10 134
10 140
11 1
11 3
11 6
11 9
11 10
11 11
11 12
11 14
11 15
11 16
11 18
11 22
11 25
11 26
11 27
11 28
11 29
11 30
11 32
11 33
11 38
11 39
11 44
11 45
11 49
11 50
11 52
11 54
11 57
11 58
11 59
11 60
11 61
11 63
11 65
11 66
11 67
11 68
11 70
11 71
11 72
11 77
11 80
11 85
11 87
11 88
11 91
11 92
11 93
11 94
11 96
11 97
11 103
11 104
11 106
11 107
11 108
11 109
11 111
11 113
11 114
11 116
11 121
11 122
11 124
11 125
11 126
11 129
11 130
11 131
11 133
11 137
11 138
11 139
12 1
12 2
12 5
12 8
12 10
12 11
12 13
12 16
12 17
12 18
12 19
12 20
12 22
12 24
12 28
12 30
12 35
12 37
12 38
12 39
12 41
12 47
12 48
12 50
12 51
12 54
12 55
12 60
12 63
12 66
12 68
12 71
12 73
12 74
12 75
12 77
12 78
12 79
12 81
12 82
12 84
12 85
12 86
12 90
12 91
12 92
12 94
12 95
12 97
12 98
12 101
12 102
12 104
12 105
12 106
12 107
12 108
12 110
12 111
12 112
12 113
12 114
12 115
12 121
12 122
12 123
12 124
12 125
12 127
12 130
12 132
12 133
12 137
12 140
13 3
13 6
13 7
13 8
13 10
13 14
13 16
13 18
13 20
13 22
13 23
13 26
13 27
13 29
13 34
13 37
13 39
13 40
13 41
13 44
13 51
13 52
13 53
13 54
13 55
13 56
13 57
13 59
13 61
13 62
13 63
13 67
13 69
13 70
13 77
13 78
13 79
13 80
13 84
13 85
13 86
13 95
13 96
13 97
13 99
13 102
13 103
13 104
13 106
13 107
13 109
13 111
13 113
13 115
13 116
13 117
13 119
13 121
13 122
13 123
13 125
13 129
13 130
13 132
13 133
13 134
14 3
14 4
14 8
14 9
14 14
14 15
14 16
14 18
14 20
14 22
14 23
14 24
14 25
14 28
14 29
14 32
14 33
14 37
14 38
14 44
14 45
14 46
14 47
14 48
14 49
14 50
14 51
14 52
14 53
14 54
14 59
14 65
14 67
14 71
14 73
14 75
14 76
14 78
14 80
14 81
14 87
14 90
14 91
14 93
14 95
14 97
14 98
14 100
14 101
14 105
14 107
14 108
14 109
14 111
14 112
14 113
14 115
14 116
14 119
14 120
14 123
14 124
14 126
14 129
14 130
14 133
14 134
14 135
14 136
14 139
14 140
15 1
15 2
15 3
15 4
15 7
15 9
15 12
15 13
15 14
15 15
15 16
15 17
15 19
15 20
15 21
15 23
15 25
15 31
15 33
15 34
15 35
15 36
15 38
15 39
15 40
15 41
15 42
15 43
15 44
15 46
15 48
15 50
15 54
15 57
15 60
15 61
15 62
15 64
15 66
15 68
15 70
15 71
15 72
15 74
15 75
15 77
15 78
15 79
15 81
15 84
15 85
15 86
15 91
15 95
15 96
15 98
15 99
15 101
15 104
15 105
15 106
15 107
15 110
15 112
15 113
15 115
15 116
15 117
15 118
15 119
15 120
15 122
15 123
15 127
15 130
15 132
15 135
15 139
15 140
16 1
16 2
16 4
16 5
16 7
16 8
16 10
16 12
16 14
16 15
16 16
16 17
16 18
16 19
16 20
16 22
16 23
16 28
16 31
16 33
16 34
16 35
16 36
16 37
16 42
16 46
16 49
16 50
16 55
16 56
16 57
16 59
16 66
16 67
16 68
16 69
16 71
16 73
16 74
16 77
16 78
16 79
16 83
16 85
16 86
16 90
16 92
16 93
16 98
16 100
16 102
16 107
16 108
16 109
16 112
16 113
16 114
16 116
16 118
16 119
16 121
16 122
16 123
16 126
16 131
16 132
17 2
17 3
17 5
17 6
17 9
17 13
17 16
17 18
17 19
17 21
17 23
17 24
17 25
17 27
17 28
17 29
17 30
17 33
17 34
17 35
17 36
17 37
17 41
17 43
17 45
17 46
17 50
17 51
17 52
17 56
17 57
17 63
17 66
17 67
17 69
17 70
17 71
17 72
17 74
17 82
17 84
17 87
17 89
17 91
17 92
17 93
17 94
17 96
17 97
17 99
17 100
17 101
17 102
17 103
17 104
17 105
17 106
17 107
17 111
17 112
17 120
17 121
17 122
17 126
17 128
17 129
17 131
17 133
17 135
17 136
17 138
18 1
18 4
18 7
18 8
18 11
18 12
18 14
18 15
18 16
18 17
18 18
18 22
18 24
18 25
18 31
18 32
18 34
18 35
18 37
18 38
18 40
18 43
18 45
18 49
18 50
18 52
18 53
18 54
18 56
18 57
18 58
18 59
18 60
18 62
18 63
18 64
18 66
18 68
18 71
18 75
18 76
18 78
18 82
18 83
18 84
18 86
18 87
18 88
18 92
18 94
18 95
18 97
18 98
18 99
18 101
18 102
18 103
18 109
18 110
18 111
18 112
18 115
18 117
18 119
18 121
18 125
18 126
18 127
18 129
18 132
18 135
18 136
18 140
19 1
19 4
19 5
19 7
19 12
19 14
19 16
19 18
19 19
19 21
19 24
19 25
19 27
19 28
19 30
19 31
19 33
19 35
19 36
19 37
19 45
19 48
19 50
19 51
19 55
19 57
19 58
19 59
19 65
19 67
19 68
19 70
19 72
19 73
19 74
19 75
19 80
19 84
19 85
19 92
19 93
19 95
19 97
19 98
19 99
19 101
19 102
19 105
19 106
19 108
19 109
19 115
19 116
19 117
19 122
19 124
19 125
19 127
19 133
19 135
19 138
19 139
19 140
20 4
20 5
20 7
20 9
20 10
20 11
20 12
20 17
20 18
20 21
20 23
20 25
20 26
20 28
20 29
20 30
20 35
20 40
20 43
20 44
20 46
20 50
20 52
20 54
20 55
20 56
20 62
20 63
20 66
20 67
20 68
20 70
20 77
20 78
20 81
20 82
20 83
20 84
20 85
20 86
20 88
20 89
20 91
20 92
20 94
20 95
20 96
20 100
20 102
20 107
20 110
20 111
20 113
20 114
20 115
20 116
20 117
20 118
20 120
20 127
20 128
20 129
20 130
20 132
20 139
21 3
21 11
21 12
21 13
21 17
21 19
21 23
21 25
21 29
21 35
21 36
21 37
21 39
21 44
21 47
21 48
21 49
21 50
21 51
21 57
21 58
21 59
21 63
21 66
21 67
21 75
21 76
21 79
21 81
21 86
21 89
21 90
21 94
21 95
21 98
21 100
21 101
21 103
21 104
21 105
21 107
21 110
21 112
21 113
21 116
21 118
21 120
21 121
21 125
21 127
21 129
21 130
21 131
21 137
21 140
22 2
22 4
22 7
22 8
22 9
22 12
22 14
22 15
22 17
22 18
22 23
22 24
22 26
22 31
22 33
22 35
22 36
22 38
22 42
22 45
22 46
22 47
22 49
22 50
22 51
22 53
22 54
22 55
22 56
22 57
22 58
22 59
22 61
22 62
22 63
22 64
22 65
22 66
22 67
22 68
22 69
22 70
22 72
22 73
22 74
22 75
22 79
22 80
22 81
22 82
22 84
22 86
22 87
22 92
22 93
22 94
22 97
22 99
22 100
22 101
22 103
22 104
22 106
22 108
22 109
22 110
22 114
22 117
22 120
22 128
22 132
22 133
22 134
22 137
22 139
22 140
23 1
23 2
23 4
23 6
23 8
23 9
23 12
23 14
23 15
23 16
23 18
23 24
23 25
23 26
23 27
23 30
23 33
23 35
23 37
23 40
23 42
23 44
23 45
23 48
23 50
23 51
23 52
23 53
23 54
23 55
23 56
23 58
23 59
23 65
23 66
23 72
23 73
23 79
23 80
23 84
23 85
23 86
23 91
23 92
23 94
23 95
23 99
23 101
23 102
23 103
23 104
23 108
23 109
23 110
23 111
23 112
23 113
23 114
23 119
23 123
23 124
23 125
23 126
23 128
23 132
23 133
23 135
23 137
23 140
24 1
24 2
24 4
24 8
24 12
24 14
24 15
24 17
24 20
24 22
24 24
24 27
24 29
24 33
24 34
24 35
24 38
24 39
24 40
24 41
24 42
24 43
24 51
24 52
24 54
24 56
24 57
24 59
24 62
24 63
24 65
24 67
24 68
24 74
24 75
24 77
24 79
24 81
24 82
24 83
24 85
24 87
24 89
24 94
24 96
24 97
24 98
24 99
24 100
24 101
24 103
24 104
24 105
24 106
24 107
24 110
24 111
24 113
24 114
24 115
24 116
24 117
24 118
24 119
24 120
24 126
24 128
24 129
24 131
24 132
24 133
24 139
24 140
25 4
25 6
25 8
25 9
25 10
25 12
25 13
25 15
25 17
25 18
25 20
25 21
25 22
25 23
25 24
25 25
25 30
25 31
25 32
25 34
25 35
25 36
25 40
25 43
25 45
25 48
25 51
25 52
25 54
25 55
25 56
25 57
25 58
25 59
25 62
25 65
25 67
25 72
25 73
25 74
25 76
25 77
25 79
25 80
25 82
25 84
25 86
25 87
25 89
25 90
25 93
25 96
25 97
25 100
25 102
25 103
25 104
25 106
25 108
25 112
25 113
25 115
25 117
25 123
25 125
25 134
25 135
25 136
26 1
26 2
26 4
26 5
26 6
26 9
26 10
26 12
26 14
26 19
26 20
26 22
26 24
26 26
26 27
26 28
26 31
26 32
26 34
26 35
26 38
26 40
26 42
26 43
26 45
26 46
26 48
26 49
26 52
26 55
26 57
26 58
26 61
26 62
26 64
26 67
26 70
26 71
26 72
26 73
26 74
26 75
26 78
26 79
26 80
26 81
26 85
26 88
26 89
26 92
26 93
26 94
26 96
26 98
26 99
26 102
26 103
26 104
26 105
26 112
26 115
26 116
26 118
26 121
26 123
26 124
26 125
26 126
26 129
26 130
26 134
26 135
26 137
26 138
27 6
27 9
27 10
27 12
27 13
27 14
27 17
27 18
27 22
27 24
27 30
27 31
27 32
27 34
27 37
27 38
27 39
27 41
27 42
27 43
27 44
27 48
27 51
27 56
27 57
27 58
27 61
27 62
27 64
27 65
27 66
27 67
27 68
27 70
27 72
27 73
27 74
27 75
27 76
27 78
27 86
27 87
27 88
27 101
27 103
27 104
27 107
27 108
27 109
27 110
27 111
27 113
27 114
27 117
27 118
27 119
27 120
27 122
27 123
27 124
27 126
27 128
27 130
27 131
27 133
27 135
27 136
27 137
28 1
28 4
28 5
28 9
28 10
28 12
28 14
28 15
28 16
28 18
28 20
28 21
28 23
28 24
28 26
28 28
28 29
28 30
28 34
28 38
28 39
28 40
28 43
28 46
28 47
28 49
28 52
28 57
28 58
28 60
28 62
28 63
28 65
28 66
28 67
28 69
28 70
28 72
28 73
28 75
28 76
28 77
28 79
28 80
28 81
28 82
28 83
28 85
28 86
28 89
28 90
28 96
28 97
28 98
28 101
28 102
28 103
28 104
28 106
28 108
28 110
28 111
28 113
28 114
28 116
28 117
28 118
28 119
28 120
28 122
28 124
28 126
28 128
28 132
28 133
28 137
28 140
29 3
29 6
29 7
29 10
29 11
29 13
29 14
29 16
29 17
29 18
29 19
29 23
29 25
29 26
29 27
29 28
29 29
29 30
29 32
29 33
29 34
29 37
29 38
29 39
29 43
29 44
29 45
29 46
29 47
29 48
29 51
29 52
29 53
29 54
29 56
29 58
29 59
29 60
29 62
29 65
29 66
29 67
29 68
29 70
29 71
29 72
29 73
29 77
29 78
29 79
29 80
29 81
29 82
29 84
29 85
29 86
29 87
29 89
29 91
29 92
29 94
29 95
29 97
29 98
29 100
29 102
29 103
29 105
29 107
29 108
29 109
29 113
29 118
29 119
29 123
29 125
29 126
29 129
29 132
29 133
29 134
29 135
29 137
29 138
29 140
30 4
30 5
30 6
30 7
30 9
30 11
30 12
30 13
30 14
30 19
30 20
30 25
30 30
30 31
30 34
30 35
30 36
30 38
30 39
30 40
30 41
30 42
30 43
30 44
30 45
30 46
30 47
30 49
30 51
30 54
30 55
30 60
30 63
30 68
30 69
30 71
30 72
30 73
30 74
30 81
30 83
30 84
30 85
30 86
30 87
30 88
30 92
30 95
30 96
30 98
30 99
30 100
30 103
30 104
30 107
30 108
30 109
30 110
30 114
30 116
30 117
30 118
30 119
30 123
30 127
30 131
30 132
30 135
30 136
30 139
30 140
31 3
31 4
31 10
31 11
31 13
31 14
31 16
31 17
31 20
31 24
31 26
31 27
31 28
31 29
31 30
31 31
31 33
31 37
31 38
31 39
31 40
31 41
31 43
31 44
31 46
31 47
31 48
31 49
31 52
31 53
31 54
31 55
31 61
31 62
31 66
31 70
31 74
31 75
31 77
31 78
31 81
31 83
31 87
31 88
31 89
31 93
31 95
31 96
31 100
31 102
31 103
31 107
31 108
31 109
31 110
31 115
31 116
31 117
31 119
31 120
31 124
31 128
31 129
31 131
31 132
31 135
31 138
32 3
32 8
32 9
32 10
32 13
32 15
32 16
32 18
32 19
32 21
32 23
32 27
32 28
32 29
32 30
32 32
32 33
32 35
32 36
32 37
32 38
32 39
32 41
32 42
32 43
32 44
32 45
32 47
32 48
32 49
32 52
32 54
32 57
32 58
32 60
32 62
32 65
32 68
32 71
32 72
32 73
32 75
32 78
32 79
32 81
32 82
32 83
32 88
32 89
32 92
32 94
32 97
32 102
32 103
32 105
32 106
32 112
32 113
32 114
32 115
32 116
32 117
32 119
32 120
32 121
32 123
32 124
32 125
32 126
32 128
32 129
32 130
32 133
32 135
32 136
32 137
32 138
33 1
33 2
33 3
33 5
33 10
33 11
33 12
33 14
33 15
33 20
33 21
33 22
33 23
33 24
33 25
33 26
33 27
33 28
33 29
33 30
33 32
33 33
33 34
33 35
33 36
33 41
33 42
33 46
33 50
33 52
33 55
33 56
33 64
33 66
33 68
33 69
33 71
33 72
33 73
33 74
33 76
33 78
33 80
33 82
33 83
33 84
33 86
33 87
33 88
33 90
33 91
33 93
33 97
33 98
33 99
33 100
33 101
33 109
33 110
33 115
33 120
33 121
33 123
33 124
33 125
33 128
33 129
33 130
33 131
33 132
33 133
33 134
33 135
33 139
33 140
34 2
34 6
34 7
34 8
34 9
34 10
34 12
34 13
34 14
34 15
34 21
34 22
34 23
34 27
34 30
34 33
34 35
34 38
34 40
34 46
34 47
34 48
34 52
34 54
34 57
34 58
34 59
34 60
34 62
34 63
34 64
34 66
34 67
34 69
34 70
34 71
34 72
34 74
34 75
34 79
34 81
34 84
34 89
34 90
34 91
34 92
34 95
34 97
34 98
34 100
34 101
34 102
34 103
34 104
34 105
34 106
34 107
34 109
34 112
34 114
34 115
34 121
34 122
34 123
34 126
34 128
34 131
34 133
34 135
34 137
34 138
34 139
34 140
35 1
35 2
35 3
35 5
35 8
35 9
35 10
35 14
35 16
35 17
35 20
35 21
35 23
35 29
35 30
35 31
35 32
35 33
35 41
35 43
35 44
35 46
35 47
35 51
35 54
35 59
35 61
35 62
35 63
35 64
35 68
35 70
35 72
35 73
35 74
35 75
35 79
35 80
35 81
35 84
35 86
35 87
35 88
35 89
35 90
35 93
35 94
35 96
35 98
35 102
35 107
35 108
35 110
35 111
35 112
35 114
35 116
35 117
35 118
35 119
35 120
35 121
35 123
35 128
35 130
35 132
35 133
35 134
35 135
35 138
35 139
36 3
36 4
36 6
36 8
36 12
36 13
36 16
36 18
36 20
36 23
36 25
36 26
36 28
36 30
36 31
36 35
36 40
36 45
36 46
36 47
36 50
36 51
36 54
36 56
36 58
36 62
36 63
36 71
36 72
36 78
36 81
36 84
36 86
36 87
36 89
36 90
36 94
36 95
36 96
36 97
36 98
36 99
36 101
36 103
36 106
36 107
36 109
36 110
36 112
36 113
36 117
36 118
36 122
36 123
36 124
36 128
36 131
36 132
36 137
36 138
37 1
37 2
37 3
37 4
37 6
37 8
37 9
37 11
37 12
37 13
37 14
37 15
37 16
37 18
37 19
37 20
37 23
37 24
37 26
37 27
37 28
37 36
37 37
37 40
37 41
37 46
37 48
37 49
37 50
37 52
37 53
37 55
37 57
37 58
37 60
37 61
37 62
37 64
37 67
37 69
37 73
37 75
37 77
37 80
37 82
37 84
37 86
37 89
37 92
37 93
37 94
37 96
37 97
37 98
37 101
37 102
37 103
37 104
37 107
37 109
37 110
37 113
37 114
37 115
37 120
37 121
37 123
37 126
37 129
37 131
37 134
38 2
38 4
38 5
38 7
38 8
38 9
38 10
38 17
38 18
38 19
38 23
38 26
38 28
38 29
38 30
38 32
38 34
38 35
38 37
38 39
38 40
38 41
38 43
38 45
38 46
38 50
38 52
38 54
38 55
38 58
38 59
38 60
38 63
38 64
38 65
38 70
38 71
38 73
38 76
38 78
38 79
38 80
38 81
38 82
38 85
38 87
38 90
38 92
38 96
38 102
38 104
38 106
38 107
38 112
38 113
38 119
38 121
38 124
38 125
38 126
38 127
38 133
38 137
39 1
39 3
39 7
39 13
39 16
39 17
39 21
39 22
39 24
39 27
39 31
39 32
39 33
39 34
39 38
39 41
39 42
39 43
39 44
39 45
39 50
39 53
39 54
39 55
39 58
39 60
39 61
39 63
39 65
39 70
39 72
39 73
39 75
39 76
39 77
39 78
39 79
39 84
39 85
39 87
39 88
39 94
39 95
39 96
39 97
39 102
39 103
39 104
39 105
39 109
39 111
39 112
39 113
39 114
39 116
39 118
39 119
39 122
39 123
39 124
39 126
39 128
39 129
39 130
39 133
39 135
39 136
39 137
39 138
40 2
40 5
40 6
40 7
40 8
40 10
40 11
40 13
40 15
40 19
40 20
40 22
40 24
40 25
40 26
40 29
40 33
40 35
40 37
40 42
40 43
40 47
40 50
40 55
40 57
40 58
40 59
40 61
40 62
40 63
40 64
40 66
40 68
40 69
40 70
40 72
40 73
40 74
40 75
40 78
40 81
40 82
40 84
40 86
40 87
40 88
40 89
40 90
40 91
40 92
40 93
40 94
40 96
40 98
40 100
40 101
40 102
40 103
40 105
40 106
40 108
40 110
40 111
40 112
40 116
40 117
40 119
40 120
40 121
40 123
40 125
40 126
40 127
40 128
40 129
40 132
40 134
40 137
40 139
40 140
41 1
41 2
41 5
41 6
41 7
41 8
41 10
41 11
41 12
41 14
41 20
41 22
41 23
41 24
41 26
41 27
41 29
41 32
41 34
41 37
41 39
41 41
41 43
41 45
41 47
41 49
41 50
41 55
41 62
41 64
41 66
41 68
41 70
41 71
41 72
41 73
41 74
41 75
41 78
41 79
41 80
41 82
41 84
41 88
41 89
41 90
41 91
41 93
41 94
41 95
41 97
41 99
41 101
41 102
41 103
41 105
41 109
41 110
41 111
41 112
41 114
41 115
41 117
41 118
41 119
41 120
41 121
41 128
41 129
41 131
41 132
41 133
41 135
41 137
41 140
42 1
42 4
42 5
42 6
42 8
42 10
42 12
42 13
42 16
42 17
42 19
42 21
42 22
42 23
42 24
42 27
42 28
42 32
42 36
42 38
42 39
42 40
42 42
42 45
42 47
42 48
42 54
42 55
42 56
42 59
42 61
42 63
42 64
42 65
42 66
42 73
42 76
42 81
42 82
42 83
42 84
42 88
42 89
42 90
42 92
42 93
42 94
42 95
42 99
42 100
42 103
42 104
42 105
42 106
42 108
42 109
42 110
42 112
42 113
42 114
42 116
42 119
42 121
42 122
42 125
42 128
42 129
42 132
42 133
42 134
42 137
42 138
42 139
42 140
43 2
43 3
43 6
43 7
43 8
43 10
43 11
43 12
43 15
43 16
43 19
43 23
43 25
43 29
43 31
43 32
43 35
43 38
43 39
43 41
43 43
43 44
43 45
43 47
43 49
43 50
43 55
43 56
43 57
43 59
43 60
43 63
43 64
43 65
43 67
43 68
43 69
43 72
43 74
43 75
43 79
43 82
43 85
43 86
43 87
43 88
43 89
43 90
43 91
43 92
43 94
43 97
43 98
43 99
43 105
43 106
43 108
43 109
43 111
43 112
43 113
43 115
43 118
43 119
43 120
43 123
43 125
43 126
43 127
43 128
43 130
43 131
43 132
43 134
43 136
43 139
43 140
44 6
44 11
44 12
44 17
44 19
44 20
44 23
44 25
44 29
44 32
44 33
44 35
44 36
44 39
44 42
44 43
44 45
44 46
44 47
44 49
44 50
44 51
44 53
44 55
44 57
44 58
44 59
44 61
44 63
44 64
44 65
44 66
44 68
44 71
44 72
44 73
44 75
44 78
44 82
44 83
44 84
44 85
44 87
44 88
44 89
44 94
44 96
44 97
44 98
44 99
44 101
44 102
44 105
44 106
44 108
44 109
44 110
44 111
44 114
44 115
44 116
44 118
44 119
44 121
44 122
44 125
44 126
44 128
44 130
44 131
44 133
44 136
44 137
44 140
45 3
45 5
45 6
45 10
45 11
45 12
45 13
45 16
45 17
45 18
45 19
45 20
45 21
45 22
45 23
45 24
45 25
45 30
45 32
45 33
45 34
45 35
45 38
45 39
45 40
45 41
45 46
45 47
45 49
45 56
45 58
45 59
45 61
45 62
45 63
45 64
45 67
45 68
45 70
45 75
45 76
45 77
45 78
45 79
45 80
45 82
45 84
45 85
45 95
45 96
45 98
45 101
45 103
45 106
45 107
45 108
45 112
45 115
45 116
45 123
45 124
45 128
45 130
45 132
45 136
45 137
45 138
45 139
45 140
46 1
46 4
46 6
46 7
46 10
46 11
46 13
46 15
46 16
46 17
46 18
46 19
46 21
46 22
46 23
46 24
46 25
46 31
46 32
46 34
46 36
46 37
46 42
46 44
46 46
46 48
46 50
46 52
46 54
46 55
46 58
46 61
46 62
46 65
46 69
46 70
46 71
46 73
46 74
46 77
46 79
46 83
46 85
46 89
46 90
46 91
46 92
46 95
46 97
46 98
46 100
46 106
46 107
46 110
46 111
46 112
46 113
46 115
46 117
46 119
46 120
46 121
46 124
46 125
46 126
46 128
46 130
46 131
46 132
46 133
46 134
46 135
46 136
46 138
46 140
47 2
47 4
47 10
47 15
47 16
47 19
47 24
47 25
47 26
47 28
47 29
47 30
47 31
47 32
47 33
47 39
47 42
47 44
47 45
47 46
47 48
47 53
47 54
47 57
47 58
47 60
47 61
47 64
47 66
47 69
47 73
47 78
47 80
47 82
47 83
47 84
47 85
47 87
47 88
47 89
47 90
47 93
47 94
47 95
47 96
47 99
47 101
47 105
47 107
47 108
47 110
47 113
47 117
47 118
47 120
47 123
47 125
47 126
47 127
47 131
47 132
47 137
47 138
47 139
48 1
48 3
48 4
48 6
48 7
48 11
48 12
48 13
48 18
48 25
48 26
48 27
48 29
48 30
48 33
48 34
48 35
48 36
48 37
48 41
48 42
48 45
48 48
48 49
48 50
48 52
48 53
48 56
48 59
48 60
48 61
48 65
48 67
48 74
48 75
48 78
48 80
48 81
48 82
48 83
48 86
48 88
48 92
48 93
48 94
48 96
48 100
48 103
48 107
48 110
48 112
48 113
48 115
48 123
48 124
48 125
48 127
48 133
48 134
48 138
48 139
48 140
49 1
49 4
49 5
49 6
49 8
49 9
49 10
49 15
49 16
49 17
49 19
49 21
49 23
49 25
49 28
49 30
49 31
49 32
49 33
49 35
49 36
49 37
49 39
49 40
49 43
49 44
49 45
49 46
49 47
49 48
49 50
49 51
49 54
49 55
49 57
49 59
49 60
49 65
49 68
49 69
49 70
49 75
49 76
49 78
49 79
49 81
49 82
49 83
49 85
49 86
49 87
49 93
49 94
49 96
49 99
49 100
49 102
49 105
49 106
49 107
49 111
49 113
49 114
49 119
49 120
49 121
49 122
49 123
49 128
49 132
49 134
49 136
49 137
49 139
49 140
50 2
50 7
50 8
50 10
50 12
50 16
50 17
50 20
50 23
50 26
50 28
50 30
50 34
50 36
50 37
50 38
50 40
50 41
50 42
50 45
50 48
50 49
50 52
50 55
50 57
50 62
50 66
50 67
50 68
50 72
50 73
50 74
50 75
50 76
50 78
50 80
50 81
50 82
50 84
50 90
50 92
50 94
50 97
50 98
50 101
50 102
50 105
50 107
50 109
50 111
50 112
50 115
50 116
50 117
50 120
50 128
50 129
50 132
50 139
51 1
51 2
51 4
51 10
51 12
51 14
51 16
51 19
51 22
51 25
51 26
51 30
51 33
51 34
51 37
51 40
51 42
51 43
51 45
51 49
51 50
51 51
51 53
51 55
51 57
51 59
51 61
51 64
51 65
51 67
51 68
51 73
51 74
51 79
51 80
51 82
51 84
51 87
51 88
51 89
51 91
51 92
51 94
51 95
51 96
51 98
51 99
51 101
51 102
51 104
51 105
51 106
51 107
51 108
51 110
51 111
51 113
51 114
51 117
51 121
51 123
51 125
51 126
51 128
51 131
51 134
51 138
51 140
52 1
52 2
52 3
52 4
52 6
52 7
52 8
52 9
52 10
52 14
52 17
52 18
52 22
52 23
52 26
52 27
52 28
52 31
52 33
52 36
52 37
52 41
52 46
52 51
52 52
52 53
52 55
52 56
52 57
52 60
52 61
52 62
52 63
52 66
52 69
52 71
52 74
52 77
52 78
52 80
52 81
52 83
52 84
52 85
52 87
52 90
52 92
52 95
52 96
52 97
52 101
52 102
52 103
52 106
52 108
52 109
52 110
52 112
52 114
52 115
52 116
52 118
52 120
52 123
52 125
52 126
52 129
52 133
52 135
52 137
52 138
53 1
53 3
53 6
53 10
53 13
53 16
53 19
53 21
53 22
53 24
53 28
53 29
53 31
53 32
53 33
53 35
53 36
53 40
53 41
53 42
53 47
53 50
53 51
53 52
53 55
53 58
53 59
53 61
53 62
53 63
53 67
53 68
53 70
53 71
53 73
53 80
53 81
53 82
53 83
53 84
53 85
53 89
53 94
53 95
53 96
53 99
53 100
53 102
53 103
53 104
53 106
53 107
53 113
53 114
53 115
53 120
53 122
53 123
53 125
53 128
53 129
53 133
53 135
53 136
53 140
54 1
54 2
54 4
54 5
54 6
54 8
54 10
54 11
54 14
54 15
54 16
54 20
54 22
54 24
54 25
54 27
54 29
54 30
54 31
54 32
54 35
54 36
54 38
54 39
54 41
54 42
54 45
54 47
54 51
54 53
54 54
54 56
54 58
54 59
54 60
54 61
54 62
54 63
54 64
54 65
54 72
54 74
54 75
54 76
54 77
54 78
54 80
54 81
54 84
54 86
54 90
54 91
54 92
54 96
54 97
54 98
54 100
54 101
54 102
54 105
54 106
54 107
54 108
54 109
54 111
54 112
54 113
54 114
54 116
54 118
54 119
54 120
54 123
54 124
54 125
54 126
54 131
54 132
54 133
54 137
54 140
55 1
55 2
55 3
55 6
55 7
55 10
55 11
55 13
55 14
55 19
55 20
55 21
55 22
55 23
55 24
55 26
55 28
55 29
55 32
55 34
55 39
55 41
55 43
55 44
55 46
55 47
55 49
55 50
55 52
55 53
55 56
55 57
55 58
55 59
55 60
55 62
55 63
55 66
55 67
55 72
55 73
55 75
55 76
55 81
55 83
55 84
55 85
55 87
55 88
55 89
55 91
55 92
55 96
55 97
55 98
55 99
55 100
55 102
55 105
55 106
55 107
55 108
55 109
55 112
55 114
55 116
55 121
55 124
55 125
55 126
55 129
55 130
55 131
55 133
55 134
55 138
55 140
56 1
56 4
56 7
56 8
56 12
56 14
56 16
56 18
56 19
56 21
56 22
56 23
56 25
56 29
56 32
56 33
56 35
56 36
56 39
56 41
56 47
56 48
56 49
56 50
56 53
56 55
56 56
56 58
56 62
56 64
56 67
56 70
56 74
56 75
56 80
56 81
56 83
56 85
56 87
56 88
56 90
56 93
56 94
56 95
56 96
56 100
56 101
56 102
56 105
56 106
56 107
56 109
56 111
56 116
56 117
56 120
56 121
56 122
56 124
56 127
56 128
56 129
56 130
56 132
56 133
56 134
56 135
56 136
56 139
56 140
57 1
57 2
57 4
57 6
57 7
57 10
57 11
57 12
57 14
57 19
57 21
57 22
57 25
57 29
57 32
57 34
57 38
57 41
57 43
57 44
57 50
57 51
57 52
57 53
57 54
57 56
57 58
57 60
57 61
57 63
57 65
57 66
57 67
57 71
57 72
57 73
57 75
57 76
57 77
57 79
57 83
57 84
57 86
57 88
57 89
57 90
57 91
57 92
57 93
57 95
57 96
57 97
57 99
57 100
57 101
57 102
57 104
57 105
57 106
57 108
57 109
57 110
57 111
57 112
57 113
57 115
57 118
57 119
57 120
57 126
57 127
57 129
57 132
57 133
57 134
57 135
57 136
57 137
57 138
58 1
58 2
58 6
58 8
58 11
58 12
58 13
58 15
58 16
58 18
58 19
58 21
58 24
58 25
58 26
58 30
58 31
58 32
58 33
58 34
58 36
58 38
58 41
58 42
58 43
58 44
58 46
58 47
58 48
58 49
58 50
58 51
58 52
58 56
58 58
58 61
58 64
58 66
58 67
58 69
58 70
58 71
58 73
58 74
58 76
58 77
58 78
58 80
58 84
58 87
58 90
58 92
58 93
58 94
58 95
58 99
58 100
58 106
58 110
58 111
58 115
58 116
58 120
58 122
58 124
58 127
58 128
58 130
58 131
58 132
58 133
58 136
58 137
58 140
59 2
59 4
59 9
59 11
59 13
59 14
59 20
59 24
59 28
59 29
59 31
59 32
59 35
59 36
59 37
59 39
59 41
59 49
59 51
59 52
59 53
59 55
59 56
59 60
59 61
59 62
59 63
59 64
59 65
59 67
59 70
59 73
59 75
59 77
59 80
59 82
59 86
59 92
59 93
59 94
59 99
59 100
59 103
59 104
59 108
59 111
59 113
59 116
59 118
59 119
59 120
59 121
59 122
59 123
59 125
59 130
59 132
59 133
59 134
59 139
60 2
60 4
60 5
60 6
60 7
60 11
60 15
60 20
60 22
60 24
60 26
60 27
60 30
60 34
60 36
60 38
60 42
60 46
60 48
60 49
60 52
60 53
60 58
60 59
60 62
60 63
60 64
60 68
60 70
60 71
60 72
60 74
60 75
60 76
60 77
60 78
60 80
60 83
60 85
60 91
60 95
60 96
60 102
60 103
60 105
60 106
60 110
60 111
60 112
60 116
60 118
60 119
60 120
60 124
60 129
60 131
60 133
60 134
60 135
60 136
60 139
61 2
61 3
61 5
61 6
61 15
61 19
61 20
61 21
61 25
61 28
61 29
61 33
61 34
61 36
61 37
61 40
61 42
61 43
61 45
61 47
61 48
61 49
61 50
61 54
61 55
61 57
61 59
61 61
61 62
61 64
61 68
61 69
61 71
61 72
61 74
61 75
61 81
61 84
61 85
61 87
61 91
61 92
61 98
61 99
61 105
61 107
61 108
61 112
61 114
61 115
61 116
61 117
61 118
61 120
61 125
61 126
61 127
61 129
61 131
61 137
61 138
61 139
61 140
62 1
62 2
62 4
62 6
62 9
62 10
62 12
62 13
62 14
62 15
62 16
62 17
62 18
62 19
62 21
62 22
62 24
62 26
62 27
62 29
62 30
62 32
62 35
62 38
62 41
62 42
62 44
62 47
62 48
62 50
62 51
62 53
62 54
62 55
62 56
62 57
62 58
62 61
62 66
62 67
62 68
62 69
62 71
62 72
62 74
62 80
62 81
62 83
62 85
62 86
62 88
62 90
62 91
62 93
62 94
62 97
62 98
62 101
62 102
62 103
62 104
62 105
62 108
62 109
62 112
62 113
62 114
62 115
62 118
62 119
62 120
62 121
62 123
62 124
62 125
62 128
62 134
62 139
63 3
63 4
63 5
63 7
63 10
63 11
63 13
63 14
63 15
63 16
63 17
63 18
63 20
63 22
63 23
63 24
63 25
63 26
63 30
63 31
63 33
63 35
63 37
63 40
63 44
63 47
63 48
63 50
63 52
63 54
63 55
63 58
63 59
63 60
63 65
63 67
63 70
63 71
63 72
63 74
63 75
63 77
63 78
63 79
63 80
63 81
63 82
63 87
63 88
63 90
63 93
63 94
63 95
63 97
63 99
63 101
63 102
63 103
63 106
63 108
63 109
63 110
63 112
63 115
63 116
63 117
63 118
63 119
63 121
63 122
63 124
63 128
63 129
63 130
63 131
63 132
63 133
63 136
63 139
63 140
64 2
64 3
64 4
64 5
64 7
64 9
64 12
64 13
64 18
64 24
64 25
64 26
64 29
64 30
64 32
64 36
64 39
64 40
64 45
64 47
64 48
64 50
64 51
64 54
64 56
64 59
64 60
64 62
64 63
64 64
64 65
64 66
64 67
64 68
64 69
64 71
64 73
64 75
64 76
64 77
64 78
64 79
64 81
64 83
64 84
64 87
64 91
64 95
64 96
64 100
64 103
64 105
64 106
64 108
64 113
64 114
64 116
64 122
64 124
64 126
64 127
64 129
64 130
64 132
64 133
64 137
64 138
64 140
65 1
65 2
65 3
65 7
65 9
65 10
65 12
65 14
65 15
65 16
65 18
65 20
65 21
65 25
65 27
65 28
65 30
65 34
65 38
65 40
65 41
65 42
65 43
65 45
65 46
65 47
65 51
65 52
65 54
65 56
65 58
65 62
65 63
65 66
65 70
65 71
65 72
65 73
65 76
65 83
65 85
65 87
65 88
65 97
65 100
65 102
65 105
65 108
65 109
65 112
65 115
65 116
65 118
65 119
65 123
65 125
65 126
65 128
65 129
65 130
65 131
65 133
65 138
65 139
65 140
66 1
66 6
66 7
66 9
66 14
66 16
66 17
66 18
66 19
66 21
66 23
66 28
66 29
66 30
66 32
66 33
66 35
66 37
66 41
66 42
66 43
66 45
66 46
66 48
66 50
66 51
66 52
66 54
66 55
66 56
66 57
66 60
66 61
66 62
66 65
66 66
66 68
66 70
66 71
66 72
66 74
66 75
66 76
66 77
66 81
66 82
66 84
66 86
66 88
66 89
66 91
66 93
66 94
66 95
66 96
66 97
66 100
66 101
66 103
66 105
66 106
66 110
66 113
66 114
66 115
66 116
66 118
66 121
66 124
66 126
66 128
66 129
66 130
66 133
66 137
66 138
66 140
67 2
67 4
67 7
67 8
67 10
67 12
67 15
67 16
67 17
67 18
67 20
67 21
67 22
67 23
67 25
67 29
67 30
67 31
67 34
67 37
67 42
67 46
67 47
67 49
67 50
67 51
67 54
67 55
67 57
67 62
67 65
67 66
67 67
67 69
67 71
67 73
67 75
67 76
67 81
67 83
67 89
67 91
67 92
67 100
67 102
67 105
67 106
67 109
67 110
67 112
67 116
67 123
67 125
67 128
67 129
67 134
68 1
68 4
68 7
68 8
68 11
68 12
68 13
68 16
68 17
68 18
68 19
68 20
68 23
68 24
68 26
68 28
68 29
68 30
68 31
68 33
68 35
68 39
68 42
68 43
68 45
68 48
68 50
68 54
68 55
68 56
68 60
68 61
68 64
68 66
68 67
68 68
68 71
68 72
68 77
68 80
68 81
68 82
68 84
68 86
68 88
68 91
68 94
68 98
68 100
68 102
68 104
68 108
68 112
68 114
68 115
68 116
68 118
68 119
68 121
68 122
68 130
68 131
68 136
68 137
68 138
68 140
69 1
69 3
69 4
69 5
69 7
69 10
69 11
69 12
69 14
69 15
69 24
69 25
69 28
69 29
69 31
69 32
69 33
69 34
69 39
69 41
69 42
69 43
69 45
69 49
69 50
69 54
69 56
69 61
69 62
69 67
69 68
69 69
69 70
69 72
69 74
69 75
69 76
69 79
69 81
69 83
69 85
69 86
69 89
69 90
69 91
69 92
69 94
69 95
69 97
69 99
69 100
69 102
69 103
69 104
69 106
69 108
69 112
69 115
69 116
69 117
69 119
69 120
69 121
69 122
69 123
69 125
69 131
69 132
69 134
69 135
69 138
70 2
70 4
70 7
70 9
70 10
70 12
70 13
70 14
70 16
70 17
70 18
70 20
70 24
70 28
70 29
70 31
70 32
70 33
70 35
70 37
70 38
70 42
70 44
70 45
70 47
70 48
70 49
70 51
70 52
70 54
70 55
70 58
70 60
70 62
70 63
70 64
70 67
70 74
70 75
70 76
70 79
70 81
70 84
70 85
70 86
70 88
70 93
70 95
70 98
70 99
70 101
70 102
70 103
70 104
70 105
70 110
70 111
70 117
70 118
70 119
70 121
70 126
70 127
70 128
70 129
70 135
70 137
70 139
70 140
71 3
71 4
71 5
71 7
71 10
71 11
71 16
71 18
71 19
71 20
71 21
71 22
71 23
71 28
71 31
71 33
71 35
71 39
71 42
71 43
71 44
71 45
71 48
71 53
71 55
71 57
71 59
71 61
71 63
71 64
71 66
71 68
71 73
71 74
71 77
71 83
71 85
71 86
71 87
71 90
71 91
71 101
71 103
71 104
71 106
71 107
71 110
71 113
71 114
71 116
71 117
71 119
71 120
71 121
71 122
71 123
71 124
71 125
71 126
71 129
71 130
71 131
71 136
71 138
71 139
72 4
72 5
72 9
72 10
72 11
72 15
72 19
72 20
72 21
72 23
72 24
72 26
72 28
72 30
72 35
72 36
72 40
72 41
72 44
72 45
72 48
72 52
72 54
72 55
72 56
72 57
72 63
72 64
72 66
72 67
72 68
72 69
72 71
72 72
72 74
72 75
72 77
72 78
72 79
72 80
72 83
72 84
72 85
72 86
72 88
72 91
72 94
72 97
72 98
72 100
72 102
72 103
72 107
72 109
72 110
72 111
72 117
72 118
72 119
72 120
72 121
72 122
72 123
72 124
72 127
72 130
72 131
72 132
72 133
72 134
72 135
72 136
72 139
73 2
73 3
73 4
73 6
73 7
73 8
73 11
73 13
73 14
73 15
73 16
73 18
73 24
73 33
73 36
73 37
73 38
73 40
73 41
73 42
73 44
73 46
73 47
73 48
73 50
73 51
73 52
73 53
73 55
73 56
73 59
73 60
73 61
73 65
73 67
73 68
73 69
73 71
73 73
73 76
73 77
73 78
73 81
73 85
73 87
73 88
73 89
73 92
73 93
73 94
73 96
73 98
73 104
73 105
73 106
73 109
73 110
73 111
73 113
73 114
73 116
73 119
73 120
73 123
73 125
73 126
73 128
73 129
73 130
73 131
73 134
73 135
73 136
73 138
74 3
74 4
74 7
74 9
74 10
74 12
74 14
74 15
74 16
74 18
74 20
74 22
74 23
74 24
74 25
74 26
74 29
74 31
74 33
74 35
74 36
74 37
74 39
74 40
74 42
74 45
74 46
74 52
74 53
74 56
74 57
74 58
74 60
74 63
74 65
74 67
74 70
74 71
74 74
74 76
74 78
74 79
74 81
74 84
74 88
74 89
74 90
74 91
74 92
74 94
74 95
74 96
74 98
74 103
74 104
74 105
74 106
74 107
74 108
74 109
74 115
74 116
74 117
74 118
74 119
74 120
74 122
74 124
74 126
74 129
74 130
74 133
74 135
74 138
75 1
75 3
75 4
75 7
75 8
75 9
75 14
75 15
75 18
75 19
75 20
75 22
75 26
75 27
75 29
75 30
75 33
75 37
75 38
75 39
75 40
75 41
75 46
75 48
75 50
75 52
75 53
75 54
75 57
75 60
75 62
75 68
75 69
75 71
75 73
75 74
75 78
75 84
75 87
75 88
75 89
75 90
75 92
75 93
75 96
75 99
75 100
75 102
75 104
75 105
75 107
75 108
75 109
75 110
75 111
75 113
75 119
75 124
75 125
75 128
75 130
75 133
75 137
75 139
75 140
76 2
76 4
76 5
76 7
76 8
76 10
76 11
76 13
76 16
76 19
76 23
76 24
76 25
76 28
76 33
76 34
76 35
76 36
76 37
76 38
76 40
76 46
76 48
76 49
76 50
76 52
76 55
76 56
76 57
76 58
76 59
76 61
76 62
76 64
76 67
76 68
76 70
76 72
76 73
76 74
76 75
76 76
76 79
76 81
76 83
76 86
76 87
76 93
76 95
76 96
76 97
76 98
76 99
76 100
76 102
76 103
76 105
76 107
76 111
76 117
76 118
76 120
76 123
76 124
76 126
76 128
76 130
76 131
76 132
76 135
76 136
76 137
76 138
76 140
77 1
77 5
77 8
77 9
77 12
77 16
77 19
77 20
77 22
77 23
77 24
77 25
77 26
77 27
77 30
77 32
77 37
77 39
77 40
77 47
77 49
77 50
77 53
77 54
77 55
77 56
77 57
77 59
77 61
77 62
77 66
77 67
77 71
77 72
77 73
77 74
77 75
77 76
77 79
77 80
77 81
77 82
77 83
77 84
77 87
77 92
77 93
77 94
77 99
77 100
77 102
77 105
77 107
77 108
77 109
77 110
77 113
77 114
77 117
77 119
77 124
77 125
77 126
77 127
77 128
77 130
77 131
77 132
77 133
77 136
77 137
77 139
78 1
78 2
78 3
78 5
78 7
78 10
78 11
78 12
78 13
78 15
78 16
78 18
78 21
78 22
78 25
78 29
78 31
78 32
78 35
78 37
78 38
78 40
78 41
78 44
78 45
78 48
78 50
78 52
78 57
78 59
78 61
78 62
78 66
78 73
78 75
78 76
78 77
78 79
78 80
78 83
78 85
78 86
78 87
78 88
78 92
78 93
78 95
78 97
78 98
78 99
78 100
78 101
78 104
78 106
78 107
78 109
78 111
78 113
78 115
78 116
78 118
78 121
78 122
78 123
78 129
78 131
78 135
78 136
78 137
78 138
78 139
78 140
79 2
79 3
79 4
79 5
79 11
79 15
79 16
79 17
79 18
79 20
79 21
79 23
79 26
79 27
79 28
79 30
79 32
79 35
79 37
79 38
79 39
79 40
79 42
79 45
79 51
79 52
79 54
79 56
79 57
79 58
79 59
79 61
79 62
79 64
79 66
79 67
79 68
79 70
79 73
79 74
79 76
79 77
79 82
79 83
79 84
79 86
79 87
79 90
79 92
79 93
79 94
79 96
79 97
79 99
79 100
79 101
79 104
79 105
79 108
79 111
79 112
79 115
79 117
79 119
79 120
79 121
79 122
79 123
79 127
79 128
79 130
79 131
79 132
79 137
79 139
79 140
80 3
80 8
80 11
80 12
80 15
80 16
80 20
80 21
80 22
80 26
80 28
80 31
80 32
80 33
80 35
80 39
80 40
80 41
80 47
80 49
80 50
80 53
80 54
80 55
80 56
80 58
80 59
80 60
80 61
80 63
80 64
80 65
80 67
80 68
80 69
80 70
80 71
80 72
80 74
80 78
80 81
80 85
80 87
80 88
80 89
80 90
80 91
80 93
80 94
80 96
80 98
80 99
80 100
80 102
80 103
80 104
80 105
80 108
80 109
80 110
80 112
80 113
80 114
80 115
80 123
80 124
80 126
80 127
80 128
80 130
80 131
80 134
80 135
80 136
80 137
80 140
81 1
81 2
81 3
81 5
81 6
81 7
81 9
81 10
81 11
81 12
81 14
81 16
81 17
81 19
81 21
81 22
81 23
81 24
81 26
81 27
81 32
81 33
81 34
81 37
81 38
81 42
81 44
81 46
81 52
81 54
81 55
81 56
81 57
81 58
81 64
81 65
81 68
81 69
81 70
81 76
81 77
81 80
81 84
81 85
81 86
81 88
81 90
81 91
81 95
81 96
81 100
81 101
81 102
81 104
81 108
81 110
81 113
81 116
81 117
81 118
81 119
81 123
81 125
81 127
81 134
81 135
81 138
81 139
82 2
82 5
82 6
82 8
82 9
82 10
82 11
82 13
82 14
82 15
82 16
82 17
82 18
82 22
82 23
82 25
82 27
82 28
82 29
82 30
82 32
82 33
82 34
82 37
82 38
82 41
82 42
82 43
82 44
82 45
82 47
82 48
82 50
82 51
82 52
82 54
82 55
82 56
82 57
82 59
82 60
82 61
82 62
82 63
82 64
82 69
82 73
82 74
82 75
82 80
82 81
82 82
82 83
82 84
82 85
82 86
82 87
82 88
82 93
82 95
82 97
82 98
82 99
82 100
82 103
82 104
82 105
82 106
82 107
82 108
82 109
82 110
82 113
82 116
82 118
82 120
82 123
82 125
82 126
82 129
82 130
82 132
82 134
82 135
82 136
82 139
83 4
83 5
83 9
83 11
83 13
83 15
83 16
83 24
83 25
83 29
83 33
83 34
83 35
83 38
83 40
83 42
83 45
83 49
83 51
83 55
83 57
83 59
83 61
83 63
83 65
83 67
83 71
83 73
83 76
83 77
83 78
83 80
83 81
83 87
83 89
83 90
83 93
83 96
83 97
83 98
83 100
83 101
83 106
83 110
83 115
83 116
83 117
83 118
83 119
83 120
83 121
83 122
83 123
83 124
83 127
83 128
83 129
83 130
83 131
83 134
83 135
83 136
83 138
83 139
83 140
84 1
84 5
84 6
84 11
84 12
84 16
84 21
84 25
84 26
84 30
84 33
84 34
84 36
84 38
84 39
84 40
84 41
84 43
84 44
84 46
84 47
84 51
84 55
84 57
84 58
84 60
84 61
84 64
84 68
84 70
84 72
84 74
84 75
84 76
84 77
84 80
84 82
84 83
84 84
84 86
84 88
84 89
84 90
84 92
84 94
84 99
84 101
84 102
84 104
84 105
84 107
84 108
84 109
84 110
84 112
84 114
84 116
84 117
84 118
84 120
84 121
84 125
84 126
84 127
84 128
84 134
84 136
84 140
85 1
85 2
85 3
85 5
85 6
85 11
85 13
85 14
85 16
85 17
85 19
85 20
85 23
85 26
85 28
85 30
85 31
85 32
85 34
85 35
85 37
85 38
85 41
85 44
85 46
85 48
85 49
85 54
85 59
85 61
85 63
85 65
85 67
85 68
85 71
85 72
85 75
85 76
85 80
85 82
85 83
85 84
85 85
85 86
85 87
85 90
85 91
85 92
85 93
85 94
85 96
85 97
85 102
85 103
85 104
85 106
85 111
85 113
85 116
85 117
85 118
85 120
85 121
85 124
85 127
85 128
85 131
85 132
85 133
85 134
85 135
85 136
85 138
85 139
86 2
86 3
86 4
86 6
86 9
86 10
86 11
86 12
86 13
86 14
86 19
86 21
86 22
86 26
86 27
86 30
86 32
86 34
86 35
86 38
86 40
86 41
86 43
86 49
86 50
86 57
86 59
86 64
86 65
86 66
86 68
86 78
86 81
86 84
86 86
86 87
86 88
86 89
86 90
86 91
86 95
86 97
86 98
86 101
86 103
86 104
86 105
86 110
86 111
86 113
86 114
86 115
86 116
86 118
86 119
86 120
86 121
86 125
86 126
86 127
86 131
86 132
86 133
86 134
86 137
86 138
86 140
87 1
87 2
87 7
87 8
87 9
87 10
87 13
87 14
87 17
87 19
87 20
87 21
87 26
87 28
87 29
87 30
87 31
87 32
87 34
87 38
87 39
87 40
87 41
87 42
87 47
87 49
87 50
87 51
87 55
87 56
87 57
87 58
87 59
87 61
87 64
87 65
87 67
87 68
87 69
87 73
87 74
87 75
87 80
87 84
87 86
87 88
87 89
87 93
87 97
87 98
87 100
87 101
87 102
87 103
87 104
87 107
87 109
87 115
87 116
87 119
87 121
87 124
87 126
87 127
87 128
88 2
88 3
88 6
88 7
88 8
88 9
88 10
88 11
88 12
88 13
88 14
88 16
88 17
88 18
88 19
88 20
88 25
88 27
88 29
88 31
88 32
88 35
88 36
88 37
88 39
88 41
88 44
88 46
88 50
88 53
88 54
88 55
88 60
88 62
88 63
88 64
88 69
88 71
88 74
88 75
88 79
88 80
88 81
88 82
88 83
88 85
88 87
88 88
88 91
88 92
88 94
88 96
88 100
88 101
88 102
88 103
88 104
88 107
88 108
88 109
88 110
88 112
88 113
88 115
88 116
88 117
88 121
88 123
88 124
88 125
88 129
88 130
88 131
88 132
88 133
88 134
88 135
88 136
88 137
88 139
88 140
89 1
89 7
89 8
89 9
89 11
89 14
89 16
89 17
89 19
89 20
89 22
89 23
89 25
89 26
89 27
89 30
89 31
89 32
89 34
89 35
89 36
89 40
89 41
89 42
89 45
89 46
89 47
89 49
89 51
89 53
89 54
89 55
89 59
89 60
89 62
89 65
89 66
89 69
89 71
89 73
89 75
89 77
89 80
89 81
89 83
89 88
89 89
89 90
89 91
89 92
89 93
89 97
89 102
89 104
89 105
89 108
89 109
89 114
89 116
89 118
89 122
89 123
89 124
89 126
89 127
89 129
89 131
89 132
89 134
89 135
89 136
89 137
90 1
90 2
90 3
90 6
90 11
90 15
90 16
90 17
90 18
90 21
90 22
90 23
90 25
90 26
90 29
90 30
90 31
90 32
90 33
90 35
90 36
90 39
90 40
90 43
90 45
90 46
90 49
90 53
90 55
90 57
90 62
90 63
90 64
90 66
90 68
90 71
90 72
90 75
90 76
90 77
90 81
90 82
90 83
90 84
90 86
90 87
90 88
90 90
90 92
90 93
90 94
90 97
90 98
90 101
90 102
90 103
90 104
90 109
90 110
90 111
90 112
90 117
90 118
90 120
90 121
90 126
90 128
90 129
90 130
90 131
90 133
90 135
91 1
91 2
91 4
91 6
91 8
91 9
91 10
91 13
91 16
91 17
91 18
91 21
91 24
91 25
91 27
91 33
91 37
91 40
91 41
91 42
91 43
91 45
91 50
91 51
91 54
91 56
91 57
91 60
91 61
91 63
91 64
91 70
91 74
91 79
91 80
91 82
91 83
91 86
91 92
91 93
91 94
91 95
91 96
91 97
91 98
91 99
91 101
91 102
91 103
91 104
91 106
91 108
91 114
91 116
91 118
91 119
91 120
91 121
91 122
91 123
91 125
91 126
91 130
91 131
91 132
91 134
91 135
91 137
91 139
92 1
92 2
92 3
92 7
92 8
92 10
92 11
92 12
92 13
92 16
92 18
92 19
92 20
92 22
92 24
92 29
92 32
92 33
92 35
92 36
92 37
92 38
92 41
92 42
92 43
92 45
92 46
92 48
92 49
92 52
92 56
92 61
92 62
92 63
92 66
92 67
92 68
92 70
92 71
92 72
92 76
92 79
92 80
92 84
92 85
92 86
92 87
92 88
92 95
92 97
92 98
92 100
92 102
92 103
92 104
92 105
92 108
92 109
92 110
92 111
92 113
92 114
92 116
92 118
92 120
92 121
92 123
92 130
92 131
92 136
92 140
93 1
93 3
93 6
93 8
93 9
93 11
93 12
93 15
93 17
93 19
93 23
93 24
93 26
93 30
93 31
93 34
93 35
93 38
93 41
93 42
93 43
93 44
93 45
93 46
93 48
93 49
93 51
93 52
93 53
93 54
93 55
93 58
93 61
93 62
93 64
93 65
93 66
93 67
93 72
93 74
93 75
93 77
93 78
93 79
93 80
93 82
93 84
93 89
93 95
93 97
93 98
93 99
93 101
93 103
93 104
93 105
93 106
93 107
93 108
93 110
93 111
93 113
93 114
93 118
93 121
93 122
93 123
93 125
93 128
93 129
93 130
93 131
93 132
93 136
93 137
93 140
94 2
94 4
94 6
94 7
94 8
94 9
94 12
94 13
94 16
94 17
94 23
94 26
94 28
94 29
94 32
94 35
94 40
94 41
94 42
94 44
94 48
94 49
94 50
94 51
94 52
94 53
94 54
94 60
94 68
94 70
94 71
94 73
94 75
94 80
94 81
94 83
94 84
94 85
94 86
94 87
94 88
94 90
94 91
94 92
94 93
94 95
94 96
94 97
94 102
94 103
94 105
94 107
94 110
94 113
94 115
94 116
94 118
94 121
94 123
94 124
94 126
94 127
94 128
94 131
94 132
94 133
94 134
95 2
95 3
95 5
95 7
95 9
95 11
95 12
95 14
95 16
95 17
95 18
95 20
95 23
95 25
95 28
95 31
95 32
95 34
95 35
95 36
95 37
95 39
95 40
95 41
95 42
95 44
95 48
95 51
95 53
95 55
95 57
95 60
95 61
95 62
95 64
95 65
95 67
95 73
95 76
95 77
95 78
95 79
95 81
95 85
95 87
95 90
95 92
95 93
95 95
95 96
95 100
95 101
95 104
95 108
95 111
95 117
95 118
95 120
95 124
95 125
95 126
95 127
95 131
95 132
95 133
95 134
95 135
95 136
95 137
95 138
96 1
96 5
96 8
96 9
96 11
96 12
96 14
96 16
96 19
96 20
96 23
96 25
96 27
96 29
96 31
96 32
96 33
96 38
96 40
96 41
96 42
96 43
96 44
96 45
96 49
96 55
96 56
96 58
96 61
96 63
96 66
96 67
96 69
96 70
96 71
96 74
96 75
96 78
96 79
96 80
96 81
96 85
96 86
96 87
96 90
96 91
96 95
96 97
96 100
96 101
96 103
96 107
96 108
96 110
96 112
96 118
96 119
96 123
96 126
96 128
96 130
96 131
96 132
96 133
96 138
96 139
96 140
97 1
97 2
97 3
97 4
97 5
97 7
97 8
97 9
97 12
97 15
97 17
97 18
97 19
97 20
97 23
97 24
97 26
97 27
97 29
97 30
97 32
97 33
97 34
97 36
97 37
97 38
97 39
97 41
97 43
97 44
97 45
97 46
97 47
97 48
97 50
97 53
97 55
97 56
97 57
97 58
97 60
97 64
97 65
97 67
97 68
97 70
97 71
97 75
97 77
97 78
97 79
97 81
97 83
97 84
97 86
97 89
97 91
97 93
97 94
97 96
97 97
97 101
97 102
97 104
97 106
97 107
97 108
97 110
97 113
97 115
97 116
97 117
97 118
97 120
97 121
97 122
97 125
97 126
97 128
97 131
97 132
97 133
97 134
97 137
97 138
98 3
98 4
98 6
98 7
98 8
98 10
98 13
98 20
98 21
98 23
98 24
98 26
98 29
98 34
98 35
98 36
98 37
98 38
98 40
98 49
98 50
98 54
98 57
98 59
98 60
98 64
98 66
98 67
98 68
98 70
98 71
98 72
98 73
98 74
98 75
98 76
98 79
98 80
98 84
98 85
98 86
98 88
98 89
98 90
98 91
98 93
98 94
98 95
98 96
98 98
98 99
98 101
98 104
98 107
98 111
98 112
98 116
98 118
98 119
98 121
98 122
98 124
98 131
98 132
98 137
98 138
99 4
99 5
99 7
99 8
99 12
99 15
99 17
99 18
99 19
99 20
99 21
99 22
99 24
99 25
99 26
99 28
99 31
99 32
99 35
99 37
99 40
99 41
99 44
99 45
99 47
99 53
99 55
99 58
99 59
99 60
99 61
99 64
99 66
99 67
99 68
99 69
99 72
99 73
99 74
99 76
99 77
99 79
99 80
99 81
99 84
99 87
99 88
99 89
99 92
99 98
99 100
99 101
99 104
99 106
99 110
99 112
99 113
99 119
99 120
99 122
99 123
99 124
99 125
99 126
99 127
99 128
99 131
99 135
99 136
99 139
100 1
100 2
100 3
100 5
100 6
100 7
100 9
100 11
100 17
100 18
100 19
100 22
100 23
100 24
100 25
100 27
100 28
100 29
100 33
100 34
100 38
100 39
100 40
100 42
100 43
100 44
100 45
100 47
100 48
100 49
100 51
100 54
100 55
100 57
100 58
100 61
100 63
100 67
100 68
100 71
100 72
100 76
100 77
100 79
100 81
100 82
100 83
100 84
100 86
100 89
100 91
100 92
100 94
100 97
100 98
100 102
100 105
100 108
100 109
100 110
100 113
100 114
100 117
100 118
100 123
100 125
100 126
100 128
100 130
100 132
100 133
100 134
100 136
100 137
100 139
101 1
101 3
101 4
101 5
101 9
101 10
101 11
101 13
101 14
101 15
101 18
101 19
101 20
101 21
101 23
101 25
101 26
101 29
101 30
101 32
101 34
101 35
101 36
101 38
101 39
101 41
101 44
101 46
101 48
101 50
101 51
101 52
101 53
101 54
101 56
101 57
101 59
101 61
101 65
101 67
101 70
101 71
101 73
101 75
101 80
101 85
101 89
101 90
101 91
101 92
101 95
101 100
101 105
101 108
101 114
101 116
101 117
101 118
101 123
101 124
101 126
101 127
101 128
101 129
101 130
101 131
101 132
101 133
101 134
101 135
101 136
101 138
101 139
102 1
102 2
102 4
102 6
102 7
102 10
102 13
102 15
102 16
102 17
102 18
102 19
102 20
102 21
102 22
102 23
102 24
102 26
102 27
102 28
102 29
102 31
102 32
102 33
102 34
102 37
102 39
102 40
102 48
102 52
102 53
102 54
102 56
102 57
102 60
102 61
102 62
102 64
102 65
102 66
102 67
102 68
102 69
102 71
102 73
102 76
102 80
102 81
102 82
102 85
102 86
102 88
102 90
102 92
102 93
102 97
102 100
102 101
102 103
102 105
102 106
102 107
102 110
102 112
102 113
102 115
102 116
102 120
102 122
102 125
102 126
102 127
102 129
102 131
102 133
102 135
102 136
102 137
102 138
103 6
103 9
103 12
103 15
103 18
103 22
103 24
103 26
103 27
103 31
103 32
103 36
103 37
103 38
103 39
103 43
103 44
103 45
103 46
103 50
103 51
103 52
103 53
103 56
103 57
103 60
103 61
103 62
103 64
103 65
103 66
103 69
103 71
103 75
103 77
103 78
103 79
103 80
103 86
103 89
103 90
103 92
103 95
103 98
103 99
103 100
103 103
103 104
103 105
103 106
103 107
103 108
103 112
103 113
103 114
103 115
103 116
103 122
103 124
103 125
103 126
103 130
103 131
103 132
103 133
104 1
104 3
104 4
104 5
104 9
104 10
104 11
104 12
104 15
104 17
104 19
104 21
104 23
104 25
104 27
104 28
104 29
104 30
104 32
104 33
104 37
104 39
104 41
104 42
104 46
104 51
104 57
104 58
104 60
104 61
104 62
104 63
104 64
104 65
104 66
104 68
104 69
104 70
104 72
104 73
104 77
104 78
104 80
104 82
104 84
104 85
104 86
104 87
104 88
104 90
104 91
104 94
104 95
104 96
104 97
104 98
104 99
104 100
104 102
104 103
104 105
104 106
104 110
104 111
104 112
104 116
104 117
104 119
104 120
104 124
104 126
104 127
104 128
104 129
104 134
104 136
104 137
104 138
105 2
105 4
105 5
105 6
105 7
105 9
105 13
105 14
105 17
105 18
105 19
105 22
105 24
105 26
105 28
105 29
105 30
105 31
105 32
105 33
105 36
105 37
105 38
105 40
105 43
105 44
105 46
105 49
105 50
105 53
105 55
105 59
105 60
105 61
105 62
105 66
105 69
105 70
105 72
105 73
105 75
105 77
105 78
105 80
105 83
105 85
105 87
105 88
105 89
105 90
105 94
105 96
105 97
105 98
105 99
105 100
105 103
105 105
105 106
105 111
105 112
105 114
105 115
105 116
105 117
105 118
105 119
105 120
105 121
105 122
105 123
105 124
105 125
105 127
105 132
105 134
105 135
105 136
105 138
105 140
106 1
106 6
106 9
106 11
106 12
106 15
106 16
106 23
106 24
106 26
106 27
106 28
106 30
106 31
106 32
106 36
106 37
106 41
106 43
106 47
106 50
106 56
106 57
106 58
106 61
106 62
106 64
106 68
106 69
106 71
106 72
106 73
106 75
106 76
106 77
106 78
106 79
106 80
106 89
106 90
106 91
106 92
106 93
106 94
106 96
106 99
106 100
106 103
106 104
106 105
106 106
106 107
106 108
106 110
106 111
106 114
106 115
106 116
106 118
106 122
106 123
106 124
106 126
106 127
106 128
106 130
106 131
106 132
106 133
106 134
106 137
107 1
107 2
107 9
107 10
107 11
107 12
107 15
107 16
107 17
107 19
107 21
107 22
107 24
107 26
107 27
107 28
107 29
107 30
107 31
107 33
107 39
107 41
107 48
107 53
107 57
107 58
107 59
107 60
107 61
107 62
107 63
107 64
107 69
107 70
107 73
107 74
107 75
107 76
107 77
107 78
107 79
107 80
107 81
107 83
107 85
107 86
107 87
107 89
107 90
107 91
107 96
107 98
107 99
107 103
107 104
107 107
107 108
107 110
107 111
107 113
107 115
107 117
107 120
107 123
107 124
107 125
107 127
107 130
107 133
107 138
108 1
108 4
108 6
108 10
108 13
108 17
108 18
108 19
108 20
108 21
108 22
108 25
108 27
108 28
108 29
108 30
108 32
108 33
108 35
108 36
108 37
108 42
108 46
108 47
108 49
108 50
108 52
108 53
108 56
108 57
108 60
108 62
108 63
108 66
108 67
108 72
108 76
108 77
108 78
108 79
108 80
108 83
108 86
108 89
108 90
108 91
108 92
108 96
108 99
108 100
108 104
108 105
108 106
108 107
108 110
108 112
108 113
108 117
108 121
108 122
108 123
108 124
108 125
108 128
108 131
108 133
108 140
109 1
109 2
109 3
109 6
109 7
109 9
109 10
109 11
109 12
109 16
109 19
109 26
109 27
109 28
109 29
109 30
109 31
109 35
109 38
109 39
109 41
109 43
109 45
109 50
109 51
109 52
109 53
109 55
109 56
109 57
109 58
109 61
109 62
109 63
109 64
109 67
109 68
109 69
109 70
109 73
109 78
109 81
109 84
109 86
109 89
109 91
109 93
109 97
109 102
109 106
109 107
109 111
109 112
109 113
109 118
109 119
109 121
109 123
109 124
109 126
109 132
109 136
109 137
109 138
109 140
110 1
110 4
110 6
110 8
110 10
110 16
110 19
110 20
110 22
110 24
110 27
110 28
110 29
110 32
110 33
110 37
110 38
110 42
110 44
110 47
110 48
110 50
110 53
110 58
110 60
110 61
110 63
110 68
110 72
110 73
110 74
110 75
110 76
110 80
110 81
110 83
110 85
110 86
110 87
110 90
110 93
110 94
110 96
110 100
110 101
110 102
110 104
110 106
110 107
110 108
110 110
110 116
110 120
110 127
110 129
110 130
110 131
110 132
110 133
110 134
110 136
110 138
111 6
111 9
111 12
111 13
111 15
111 17
111 18
111 19
111 21
111 23
111 24
111 28
111 29
111 30
111 31
111 32
111 34
111 35
111 37
111 40
111 43
111 47
111 48
111 51
111 52
111 58
111 64
111 66
111 67
111 68
111 74
111 79
111 83
111 84
111 86
111 91
111 94
111 95
111 97
111 100
111 102
111 103
111 105
111 106
111 107
111 110
111 111
111 112
111 114
111 115
111 120
111 124
111 125
111 126
111 127
111 129
111 130
111 131
111 135
111 139
111 140
112 2
112 3
112 5
112 9
112 10
112 11
112 12
112 14
112 17
112 19
112 27
112 28
112 29
112 32
112 35
112 39
112 43
112 44
112 45
112 46
112 48
112 49
112 50
112 53
112 54
112 55
112 57
112 59
112 60
112 61
112 62
112 63
112 65
112 66
112 71
112 72
112 74
112 75
112 79
112 81
112 85
112 86
112 88
112 92
112 93
112 94
112 96
112 99
112 107
112 108
112 111
112 113
112 117
112 119
112 125
112 126
112 129
112 132
112 134
112 136
112 140
113 1
113 2
113 3
113 7
113 10
113 12
113 13
113 14
113 23
113 24
113 25
113 27
113 28
113 30
113 34
113 35
113 36
113 37
113 40
113 41
113 42
113 46
113 50
113 53
113 55
113 57
113 58
113 59
113 63
113 65
113 66
113 67
113 69
113 73
113 74
113 76
113 80
113 83
113 84
113 85
113 87
113 90
113 91
113 94
113 95
113 96
113 98
113 100
113 103
113 107
113 108
113 112
113 113
113 114
113 116
113 117
113 119
113 123
113 127
113 128
113 129
113 131
113 132
113 133
113 134
113 139
113 140
114 3
114 4
114 5
114 6
114 9
114 11
114 14
114 16
114 19
114 21
114 22
114 23
114 24
114 25
114 26
114 28
114 29
114 30
114 31
114 33
114 36
114 37
114 39
114 40
114 41
114 42
114 44
114 46
114 48
114 49
114 52
114 56
114 57
114 59
114 60
114 62
114 63
114 65
114 67
114 70
114 71
114 72
114 73
114 74
114 76
114 77
114 78
114 79
114 80
114 81
114 84
114 85
114 98
114 100
114 103
114 104
114 105
114 106
114 109
114 111
114 112
114 113
114 115
114 116
114 117
114 118
114 119
114 122
114 123
114 125
114 126
114 131
114 132
114 134
114 135
114 138
115 2
115 4
115 9
115 10
115 12
115 14
115 16
115 19
115 22
115 25
115 28
115 32
115 34
115 35
115 37
115 38
115 40
115 41
115 44
115 46
115 49
115 50
115 52
115 53
115 54
115 55
115 57
115 58
115 59
115 61
115 62
115 63
115 65
115 67
115 68
115 69
115 70
115 71
115 72
115 75
115 78
115 81
115 83
115 87
115 88
115 89
115 90
115 91
115 92
115 93
115 94
115 95
115 99
115 100
115 103
115 105
115 111
115 113
115 115
115 118
115 121
115 122
115 123
115 124
115 125
115 126
115 130
115 131
115 132
115 134
115 135
115 136
115 140
116 1
116 2
116 3
116 4
116 5
116 6
116 8
116 11
116 13
116 14
116 15
116 16
116 17
116 20
116 22
116 24
116 25
116 27
116 29
116 31
116 33
116 35
116 37
116 38
116 39
116 41
116 42
116 43
116 47
116 48
116 50
116 51
116 54
116 55
116 57
116 58
116 59
116 60
116 61
116 62
116 63
116 65
116 66
116 68
116 70
116 74
116 75
116 76
116 77
116 80
116 81
116 83
116 84
116 85
116 87
116 88
116 89
116 90
116 92
116 94
116 95
116 100
116 101
116 104
116 107
116 108
116 111
116 115
116 121
116 126
116 127
116 128
116 129
116 131
116 132
116 133
116 134
116 135
116 136
116 140
117 3
117 5
117 6
117 7
117 10
117 11
117 14
117 15
117 23
117 24
117 25
117 28
117 35
117 36
117 37
117 38
117 39
117 42
117 44
117 45
117 46
117 47
117 48
117 50
117 51
117 55
117 56
117 57
117 60
117 61
117 63
117 65
117 67
117 72
117 73
117 75
117 77
117 79
117 80
117 81
117 82
117 83
117 84
117 85
117 88
117 91
117 93
117 95
117 96
117 98
117 100
117 102
117 103
117 107
117 108
117 109
117 110
117 111
117 112
117 115
117 117
117 119
117 123
117 125
117 127
117 128
117 129
117 130
117 131
117 132
117 133
117 134
117 135
117 139
118 1
118 6
118 7
118 8
118 11
118 15
118 16
118 17
118 18
118 19
118 21
118 23
118 28
118 29
118 32
118 33
118 34
118 37
118 39
118 40
118 41
118 43
118 44
118 49
118 53
118 58
118 59
118 60
118 61
118 65
118 67
118 69
118 73
118 74
118 75
118 76
118 77
118 78
118 83
118 84
118 87
118 88
118 89
118 90
118 91
118 92
118 93
118 99
118 100
118 101
118 103
118 107
118 108
118 109
118 110
118 111
118 113
118 115
118 116
118 117
118 118
118 119
118 122
118 124
118 125
118 126
118 127
118 129
118 130
118 131
118 133
118 134
118 136
119 1
119 5
119 7
119 9
119 10
119 13
119 14
119 17
119 18
119 19
119 21
119 22
119 28
119 32
119 33
119 34
119 35
119 36
119 38
119 40
119 41
119 42
119 47
119 48
119 50
119 51
119 54
119 59
119 62
119 63
119 64
119 66
119 67
119 68
119 69
119 71
119 72
119 75
119 76
119 77
119 79
119 80
119 81
119 86
119 90
119 91
119 93
119 95
119 98
119 103
119 105
119 109
119 110
119 111
119 114
119 116
119 119
119 122
119 123
119 124
119 125
119 129
119 132
119 133
119 134
119 136
119 139
120 1
120 2
120 4
120 5
120 6
120 7
120 9
120 11
120 12
120 13
120 16
120 22
120 23
120 24
120 25
120 29
120 32
120 34
120 42
120 43
120 44
120 45
120 46
120 47
120 48
120 49
120 52
120 57
120 58
120 66
120 67
120 69
120 70
120 71
120 74
120 77
120 79
120 80
120 81
120 82
120 83
120 85
120 89
120 95
120 97
120 98
120 102
120 103
120 105
120 106
120 107
120 110
120 111
120 112
120 113
120 116
120 118
120 122
120 123
120 125
120 126
120 129
120 130
120 132
120 134
120 135
120 137
121 3
121 4
121 5
121 6
121 10
121 11
121 16
121 19
121 20
121 22
121 23
121 24
121 26
121 27
121 28
121 30
121 31
121 34
121 35
121 36
121 37
121 41
121 42
121 44
121 45
121 47
121 48
121 49
121 51
121 52
121 53
121 54
121 59
121 60
121 61
121 65
121 67
121 68
121 69
121 70
121 71
121 78
121 79
121 80
121 84
121 85
121 86
121 90
121 91
121 92
121 97
121 98
121 99
121 100
121 102
121 113
121 116
121 117
121 119
121 123
121 124
121 125
121 126
121 127
121 129
121 130
121 131
121 133
121 134
121 136
121 137
121 139
121 140
122 4
122 6
122 7
122 8
122 9
122 10
122 12
122 14
122 16
122 17
122 18
122 21
122 23
122 28
122 32
122 34
122 36
122 38
122 39
122 40
122 45
122 46
122 47
122 48
122 53
122 54
122 59
122 60
122 61
122 62
122 69
122 70
122 74
122 75
122 77
122 78
122 81
122 87
122 88
122 90
122 95
122 97
122 98
122 103
122 104
122 108
122 109
122 110
122 111
122 113
122 114
122 117
122 119
122 121
122 122
122 124
122 125
122 127
122 136
122 137
122 139
122 140
123 1
123 2
123 6
123 7
123 10
123 11
123 14
123 17
123 18
123 19
123 22
123 24
123 27
123 28
123 29
123 30
123 31
123 32
123 33
123 35
123 36
123 37
123 39
123 42
123 43
123 46
123 48
123 50
123 53
123 54
123 55
123 57
123 63
123 67
123 68
123 69
123 70
123 71
123 72
123 76
123 77
123 78
123 83
123 85
123 87
123 88
123 89
123 90
123 91
123 92
123 93
123 94
123 96
123 97
123 102
123 104
123 109
123 110
123 111
123 113
123 115
123 117
123 119
123 123
123 124
123 126
123 129
123 132
124 1
124 2
124 6
124 7
124 8
124 9
124 13
124 15
124 18
124 21
124 28
124 30
124 31
124 32
124 36
124 39
124 40
124 41
124 42
124 44
124 45
124 47
124 48
124 49
124 52
124 56
124 57
124 58
124 59
124 62
124 63
124 65
124 66
124 70
124 71
124 76
124 79
124 80
124 81
124 82
124 83
124 84
124 85
124 87
124 89
124 92
124 93
124 94
124 95
124 96
124 98
124 100
124 104
124 105
124 108
124 109
124 110
124 113
124 114
124 115
124 116
124 119
124 123
124 125
124 126
124 131
124 132
124 133
124 137
124 138
124 139
124 140
125 3
125 6
125 9
125 11
125 12
125 13
125 16
125 18
125 19
125 20
125 22
125 23
125 25
125 26
125 27
125 34
125 37
125 42
125 43
125 45
125 48
125 50
125 51
125 55
125 57
125 62
125 63
125 65
125 67
125 69
125 70
125 71
125 73
125 75
125 76
125 77
125 78
125 81
125 82
125 84
125 85
125 86
125 89
125 91
125 92
125 95
125 98
125 99
125 102
125 105
125 106
125 108
125 109
125 110
125 112
125 114
125 116
125 117
125 118
125 119
125 123
125 124
125 126
125 127
125 128
125 130
125 131
125 138
126 1
126 2
126 3
126 4
126 5
126 7
126 10
126 12
126 14
126 15
126 19
126 20
126 24
126 26
126 27
126 29
126 30
126 32
126 34
126 35
126 36
126 38
126 40
126 43
126 47
126 48
126 49
126 50
126 52
126 54
126 55
126 56
126 57
126 58
126 60
126 61
126 63
126 65
126 68
126 70
126 72
126 73
126 74
126 77
126 79
126 89
126 90
126 92
126 94
126 95
126 98
126 100
126 103
126 104
126 105
126 106
126 107
126 108
126 109
126 110
126 114
126 116
126 117
126 118
126 119
126 121
126 124
126 125
126 126
126 127
126 128
126 129
126 132
126 134
126 135
126 140
127 1
127 2
127 5
127 7
127 11
127 16
127 17
127 18
127 20
127 21
127 22
127 23
127 24
127 25
127 30
127 32
127 34
127 35
127 39
127 42
127 43
127 44
127 45
127 46
127 47
127 48
127 50
127 52
127 54
127 55
127 60
127 64
127 65
127 68
127 72
127 76
127 78
127 79
127 80
127 82
127 84
127 87
127 88
127 89
127 90
127 92
127 95
127 98
127 102
127 104
127 108
127 109
127 110
127 111
127 113
127 114
127 117
127 118
127 119
127 124
127 125
127 127
127 128
127 129
127 130
127 131
127 132
127 133
127 134
127 136
127 139
128 1
128 2
128 3
128 5
128 8
128 10
128 11
128 12
128 14
128 16
128 18
128 21
128 23
128 27
128 29
128 36
128 37
128 40
128 42
128 44
128 45
128 46
128 48
128 49
128 50
128 51
128 56
128 60
128 61
128 66
128 68
128 71
128 73
128 76
128 78
128 82
128 83
128 84
128 85
128 86
128 89
128 90
128 91
128 92
128 94
128 97
128 99
128 102
128 103
128 104
128 105
128 106
128 108
128 110
128 112
128 113
128 114
128 118
128 119
128 120
128 123
128 124
128 127
128 128
128 129
128 130
128 133
128 135
128 136
128 138
128 140
129 1
129 2
129 4
129 5
129 7
129 9
129 12
129 16
129 17
129 19
129 20
129 22
129 24
129 25
129 26
129 27
129 32
129 33
129 34
129 35
129 39
129 42
129 43
129 44
129 45
129 46
129 48
129 49
129 55
129 56
129 57
129 58
129 59
129 60
129 61
129 63
129 64
129 65
129 66
129 70
129 73
129 76
129 79
129 80
129 81
129 82
129 83
129 85
129 87
129 88
129 90
129 91
129 93
129 95
129 97
129 101
129 102
129 103
129 104
129 105
129 106
129 107
129 108
129 109
129 113
129 118
129 121
129 123
129 124
129 125
129 128
129 129
129 130
129 131
129 138
129 139
129 140
130 3
130 4
130 8
130 9
130 10
130 12
130 13
130 14
130 16
130 19
130 22
130 23
130 26
130 28
130 30
130 36
130 37
130 38
130 41
130 42
130 43
130 44
130 45
130 46
130 48
130 51
130 52
130 53
130 55
130 57
130 59
130 60
130 61
130 62
130 66
130 75
130 76
130 79
130 81
130 83
130 84
130 86
130 89
130 91
130 92
130 95
130 96
130 99
130 103
130 105
130 106
130 107
130 110
130 112
130 113
130 115
130 116
130 121
130 122
130 124
130 129
130 130
130 132
130 133
130 134
130 135
130 139
130 140
131 1
131 2
131 5
131 9
131 10
131 11
131 13
131 14
131 15
131 17
131 18
131 28
131 31
131 32
131 34
131 36
131 37
131 41
131 44
131 45
131 47
131 49
131 54
131 55
131 56
131 57
131 58
131 61
131 64
131 65
131 66
131 68
131 69
131 70
131 72
131 74
131 78
131 79
131 80
131 84
131 85
131 86
131 87
131 90
131 97
131 100
131 101
131 103
131 104
131 105
131 108
131 110
131 111
131 114
131 117
131 118
131 119
131 122
131 123
131 124
131 125
131 127
131 128
131 135
131 139
132 2
132 3
132 6
132 8
132 10
132 12
132 16
132 18
132 23
132 24
132 28
132 30
132 31
132 34
132 35
132 37
132 38
132 40
132 41
132 42
132 43
132 44
132 46
132 47
132 48
132 56
132 57
132 60
132 61
132 62
132 63
132 65
132 69
132 70
132 72
132 73
132 75
132 76
132 77
132 80
132 81
132 83
132 84
132 85
132 87
132 88
132 90
132 92
132 93
132 94
132 95
132 97
132 99
132 101
132 104
132 105
132 106
132 108
132 109
132 110
132 113
132 114
132 118
132 119
132 121
132 123
132 125
132 126
132 127
132 128
132 129
132 131
132 133
132 135
132 136
132 137
132 138
132 140
133 2
133 4
133 6
133 8
133 11
133 12
133 13
133 14
133 15
133 16
133 17
133 18
133 19
133 21
133 22
133 23
133 25
133 26
133 27
133 29
133 30
133 32
133 34
133 35
133 36
133 39
133 41
133 43
133 47
133 49
133 50
133 51
133 55
133 56
133 57
133 61
133 63
133 64
133 68
133 70
133 72
133 74
133 75
133 77
133 80
133 82
133 83
133 87
133 90
133 91
133 92
133 93
133 95
133 96
133 104
133 105
133 106
133 110
133 111
133 117
133 119
133 120
133 122
133 123
133 124
133 125
133 126
133 127
133 129
133 132
133 133
133 134
133 135
133 136
133 138
134 2
134 4
134 5
134 6
134 9
134 10
134 13
134 15
134 16
134 18
134 21
134 22
134 26
134 27
134 32
134 35
134 36
134 37
134 40
134 42
134 43
134 48
134 52
134 54
134 58
134 63
134 64
134 65
134 71
134 73
134 76
134 78
134 79
134 81
134 82
134 83
134 85
134 86
134 88
134 89
134 90
134 91
134 93
134 94
134 96
134 100
134 101
134 103
134 105
134 106
134 108
134 109
134 111
134 114
134 115
134 117
134 120
134 123
134 126
134 127
134 128
134 129
134 130
134 131
134 132
134 133
134 134
134 135
134 136
134 138
134 140
135 1
135 2
135 7
135 10
135 11
135 12
135 17
135 22
135 24
135 25
135 30
135 31
135 33
135 34
135 37
135 38
135 39
135 42
135 48
135 55
135 56
135 57
135 58
135 59
135 60
135 61
135 62
135 67
135 70
135 71
135 72
135 73
135 74
135 75
135 76
135 83
135 85
135 86
135 88
135 91
135 94
135 96
135 97
135 99
135 103
135 104
135 105
135 107
135 110
135 113
135 114
135 117
135 120
135 123
135 124
135 125
135 128
135 129
135 133
135 134
135 137
136 3
136 4
136 5
136 7
136 8
136 10
136 11
136 12
136 13
136 14
136 16
136 17
136 18
136 20
136 29
136 30
136 31
136 33
136 34
136 37
136 39
136 40
136 41
136 43
136 44
136 46
136 47
136 49
136 54
136 55
136 57
136 59
136 60
136 62
136 63
136 64
136 66
136 68
136 72
136 74
136 75
136 79
136 82
136 83
136 84
136 86
136 90
136 94
136 95
136 96
136 99
136 102
136 106
136 110
136 111
136 113
136 115
136 117
136 119
136 120
136 121
136 123
136 125
136 126
136 128
136 129
136 132
136 136
136 137
136 139
137 1
137 3
137 5
137 9
137 10
137 17
137 18
137 20
137 21
137 22
137 23
137 24
137 25
137 26
137 29
137 31
137 32
137 34
137 40
137 41
137 42
137 44
137 45
137 46
137 47
137 48
137 49
137 53
137 54
137 55
137 56
137 59
137 60
137 61
137 62
137 63
137 65
137 67
137 68
137 72
137 74
137 77
137 78
137 79
137 82
137 83
137 86
137 87
137 88
137 92
137 98
137 99
137 100
137 101
137 104
137 105
137 107
137 110
137 111
137 113
137 115
137 120
137 121
137 122
137 123
137 124
137 127
137 129
137 132
137 134
137 135
137 136
137 137
137 138
138 4
138 5
138 6
138 7
138 11
138 12
138 14
138 16
138 17
138 18
138 19
138 24
138 27
138 28
138 30
138 32
138 33
138 34
138 36
138 37
138 39
138 41
138 42
138 43
138 47
138 48
138 49
138 50
138 55
138 59
138 60
138 69
138 73
138 76
138 77
138 80
138 81
138 85
138 90
138 92
138 97
138 98
138 99
138 104
138 110
138 111
138 117
138 118
138 121
138 123
138 124
138 126
138 127
138 128
138 130
138 131
138 135
138 139
138 140
139 3
139 5
139 6
139 7
139 11
139 15
139 17
139 18
139 20
139 22
139 26
139 29
139 30
139 32
139 33
139 35
139 36
139 38
139 41
139 42
139 43
139 44
139 47
139 51
139 52
139 54
139 55
139 59
139 62
139 65
139 69
139 70
139 71
139 75
139 76
139 78
139 79
139 81
139 82
139 83
139 85
139 88
139 89
139 90
139 92
139 94
139 95
139 100
139 103
139 104
139 105
139 108
139 109
139 110
139 111
139 113
139 114
139 117
139 119
139 121
139 123
139 124
139 128
139 129
139 130
139 132
139 134
139 135
139 138
139 139
139 140
140 1
140 2
140 3
140 5
140 7
140 9
140 10
140 12
140 14
140 15
140 19
140 20
140 21
140 23
140 24
140 27
140 28
140 29
140 32
140 34
140 35
140 38
140 40
140 42
140 43
140 44
140 45
140 49
140 50
140 52
140 53
140 54
140 56
140 58
140 59
140 60
140 61
140 65
140 68
140 69
140 70
140 73
140 77
140 78
140 79
140 81
140 82
140 83
140 86
140 90
140 92
140 93
140 94
140 98
140 100
140 104
140 105
140 106
140 107
140 108
140 109
140 111
140 113
140 116
140 117
140 120
140 121
140 123
140 127
140 128
140 130
140 131
140 134
140 135
140 137
140 138
140 139
140 140
