140 140 9929 24
1 2
1 3
1 5
1 6
1 7
1 10
1 11
1 12
1 16
1 19
1 21
1 24
1 25
1 27
1 28
1 29
1 30
1 31
1 32
1 34
1 37
1 38
1 39
1 46
1 50
1 51
1 52
1 53
1 54
1 56
1 57
1 58
1 60
1 62
1 64
1 65
1 69
1 70
1 72
1 73
1 75
1 77
1 80
1 82
1 89
1 91
1 92
1 98
1 99
1 101
1 102
1 105
1 106
1 115
1 116
1 118
1 119
1 123
1 124
1 127
1 128
1 130
1 131
1 132
1 133
1 134
1 136
1 137
1 140
2 3
2 4
2 5
2 9
2 10
2 11
2 12
2 15
2 19
2 20
2 22
2 24
2 25
2 26
2 27
2 28
2 32
2 33
2 35
2 38
2 42
2 44
2 45
2 50
2 51
2 52
2 56
2 57
2 62
2 63
2 65
2 66
2 70
2 73
2 74
2 75
2 77
2 80
2 81
2 82
2 84
2 85
2 86
2 87
2 88
2 90
2 91
2 96
2 98
2 100
2 101
2 102
2 103
2 104
2 106
2 109
2 114
2 119
2 122
2 123
2 128
2 130
2 131
2 132
2 135
2 136
2 137
2 138
2 140
3 2
3 4
3 6
3 9
3 10
3 14
3 16
3 18
3 19
3 20
3 22
3 23
3 28
3 29
3 32
3 35
3 36
3 38
3 42
3 47
3 49
3 52
3 53
3 54
3 57
3 60
3 61
3 67
3 68
3 69
3 70
3 71
3 72
3 73
3 76
3 78
3 79
3 83
3 84
3 90
3 91
3 97
3 98
3 100
3 101
3 102
3 104
3 105
3 106
3 107
3 108
3 112
3 115
3 116
3 117
3 118
3 121
3 123
3 124
3 126
3 128
3 130
3 133
3 135
3 136
3 138
3 139
3 140
4 3
4 4
4 5
4 6
4 10
4 11
4 12
4 15
4 17
4 20
4 21
4 22
4 23
4 24
4 25
4 28
4 29
4 31
4 32
4 36
4 37
4 43
4 45
4 47
4 48
4 49
4 50
4 51
4 52
4 53
4 54
4 55
4 57
4 58
4 59
4 61
4 63
4 64
4 67
4 68
4 69
4 70
4 71
4 72
4 75
4 78
4 79
4 81
4 82
4 84
4 87
4 89
4 91
4 92
4 93
4 94
4 95
4 96
4 101
4 102
4 103
4 104
4 108
4 109
4 111
4 118
4 119
4 120
4 121
4 124
4 125
4 126
4 127
4 128
4 130
4 131
4 133
4 136
4 137
4 139
5 1
5 3
5 4
5 5
5 6
5 7
5 8
5 9
5 12
5 14
5 15
5 17
5 19
5 20
5 23
5 24
5 25
5 28
5 29
5 33
5 34
5 35
5 36
5 40
5 41
5 45
5 46
5 48
5 49
5 50
5 51
5 53
5 54
5 55
5 56
5 58
5 60
5 61
5 62
5 65
5 66
5 69
5 70
5 71
5 72
5 73
5 75
5 76
5 77
5 78
5 81
5 84
5 85
5 87
5 90
5 93
5 95
5 98
5 99
5 100
5 101
5 102
5 104
5 106
5 107
5 110
5 114
5 115
5 116
5 119
5 125
5 126
5 127
5 128
5 129
5 130
5 133
5 134
5 136
5 138
5 139
6 1
6 2
6 6
6 8
6 12
6 13
6 15
6 16
6 17
6 19
6 20
6 21
6 23
6 24
6 26
6 27
6 32
6 33
6 36
6 39
6 40
6 42
6 43
6 44
6 45
6 46
6 48
6 50
6 51
6 54
6 59
6 60
6 62
6 63
6 64
6 67
6 69
6 70
6 72
6 73
6 78
6 79
6 83
6 89
6 93
6 94
6 95
6 96
6 98
6 100
6 102
6 104
6 107
6 108
6 109
6 111
6 114
6 117
6 118
6 119
6 120
6 121
6 122
6 123
6 124
6 125
6 126
6 128
6 129
6 130
6 132
6 133
6 138
6 139
7 3
7 4
7 5
7 8
7 11
7 12
7 15
7 16
7 17
7 21
7 22
7 25
7 26
7 28
7 34
7 36
7 38
7 39
7 44
7 45
7 49
7 50
7 52
7 54
7 58
7 59
7 64
7 65
7 67
7 68
7 69
7 70
7 71
7 74
7 75
7 77
7 79
7 80
7 82
7 83
7 84
7 86
7 87
7 88
7 89
7 100
7 101
7 103
7 104
7 105
7 108
7 109
7 113
7 114
7 115
7 116
7 119
7 120
7 122
7 123
7 124
7 125
7 126
7 129
7 132
7 134
7 137
7 138
8 3
8 4
8 5
8 6
8 7
8 9
8 12
8 15
8 16
8 21
8 24
8 25
8 29
8 30
8 31
8 32
8 33
8 34
8 35
8 36
8 37
8 39
8 40
8 41
8 42
8 47
8 49
8 50
8 51
8 52
8 53
8 54
8 57
8 58
8 59
8 60
8 61
8 64
8 66
8 68
8 69
8 70
8 73
8 76
8 77
8 79
8 82
8 84
8 85
8 89
8 93
8 94
8 96
8 98
8 99
8 108
8 109
8 110
8 111
8 112
8 113
8 114
8 115
8 117
8 121
8 122
8 123
8 124
8 125
8 126
8 128
8 131
8 132
8 133
8 134
8 136
8 138
8 139
8 140
9 1
9 3
9 5
9 6
9 8
9 9
9 10
9 12
9 13
9 14
9 16
9 20
9 21
9 22
9 23
9 27
9 29
9 31
9 34
9 40
9 41
9 42
9 44
9 47
9 48
9 50
9 51
9 54
9 55
9 56
9 60
9 61
9 62
9 64
9 66
9 69
9 70
9 76
9 80
9 86
9 92
9 93
9 95
9 96
9 99
9 100
9 101
9 102
9 103
9 106
9 109
9 110
9 111
9 112
9 113
9 114
9 115
9 119
9 120
9 122
9 123
9 124
9 125
9 128
9 135
9 137
9 138
9 140
10 5
10 8
10 10
10 14
10 17
10 20
10 21
10 24
10 28
10 29
10 30
10 32
10 34
10 35
10 38
10 39
10 41
10 42
10 50
10 52
10 55
10 57
10 58
10 59
10 63
10 68
10 69
10 70
10 71
10 72
10 73
10 74
10 75
10 79
10 82
10 83
10 84
10 85
10 86
10 87
10 88
10 89
10 91
10 95
10 96
10 97
10 100
10 102
10 103
10 105
10 107
10 109
10 110
10 111
10 112
10 114
10 115
10 118
10 119
10 120
10 123
10 124
10 126
10 127
10 132
10 133
10 134
10 135
10 138
10 140
11 2
11 3
11 4
11 5
11 9
11 17
11 18
11 22
11 24
11 27
11 30
11 34
11 35
11 36
11 39
11 40
11 41
11 44
11 45
11 47
11 50
11 51
11 52
11 55
11 57
11 58
11 64
11 69
11 74
11 75
11 76
11 77
11 78
11 79
11 81
11 84
11 86
11 87
11 88
11 92
11 95
11 96
11 102
11 103
11 104
11 105
11 106
11 107
11 108
11 109
11 110
11 111
11 112
11 116
11 117
11 118
11 119
11 121
11 122
11 123
11 125
11 127
11 128
11 130
11 131
11 134
11 135
11 140
12 2
12 3
12 4
12 5
12 9
12 12
12 13
12 14
12 18
12 25
12 27
12 29
12 31
12 32
12 33
12 34
12 35
12 36
12 38
12 39
12 40
12 41
12 42
12 46
12 47
12 49
12 52
12 53
12 54
12 58
12 62
12 63
12 65
12 68
12 70
12 71
12 72
12 73
12 74
12 77
12 80
12 81
12 82
12 83
12 84
12 85
12 86
12 87
12 88
12 89
12 91
12 92
12 97
12 101
12 102
12 106
12 107
12 108
12 109
12 112
12 113
12 115
12 117
12 120
12 127
12 128
12 129
12 132
12 134
12 136
12 138
13 1
13 5
13 6
13 7
13 8
13 10
13 13
13 14
13 19
13 20
13 22
13 27
13 28
13 31
13 32
13 33
13 34
13 36
13 37
13 41
13 46
13 48
13 49
13 52
13 54
13 55
13 56
13 57
13 58
13 59
13 60
13 61
13 62
13 63
13 65
13 66
13 67
13 72
13 73
13 75
13 80
13 86
13 90
13 91
13 96
13 99
13 100
13 102
13 104
13 106
13 112
13 114
13 116
13 117
13 118
13 119
13 120
13 121
13 125
13 126
13 129
13 130
13 131
13 132
13 133
13 134
13 139
13 140
14 2
14 6
14 7
14 10
14 11
14 12
14 13
14 15
14 16
14 18
14 19
14 20
14 22
14 27
14 30
14 31
14 34
14 36
14 37
14 38
14 42
14 45
14 47
14 48
14 49
14 50
14 52
14 60
14 61
14 62
14 63
14 64
14 66
14 69
14 70
14 71
14 72
14 73
14 74
14 75
14 76
14 78
14 79
14 80
14 84
14 86
14 89
14 91
14 94
14 97
14 100
14 103
14 104
14 105
14 106
14 108
14 109
14 110
14 112
14 114
14 115
14 116
14 117
14 118
14 120
14 122
14 125
14 128
14 130
14 131
14 132
14 134
14 136
14 137
14 138
14 140
15 2
15 3
15 5
15 8
15 10
15 11
15 12
15 17
15 20
15 23
15 25
15 27
15 30
15 31
15 32
15 36
15 38
15 42
15 44
15 46
15 47
15 49
15 52
15 53
15 55
15 62
15 63
15 64
15 66
15 67
15 68
15 82
15 84
15 85
15 87
15 89
15 90
15 93
15 96
15 97
15 98
15 100
15 101
15 108
15 109
15 110
15 112
15 119
15 121
15 126
15 130
15 131
15 132
15 135
15 136
15 139
16 3
16 6
16 7
16 8
16 11
16 15
16 22
16 24
16 25
16 27
16 28
16 30
16 31
16 33
16 34
16 39
16 40
16 43
16 44
16 45
16 46
16 47
16 49
16 52
16 53
16 54
16 55
16 56
16 57
16 59
16 61
16 63
16 64
16 67
16 68
16 70
16 72
16 73
16 75
16 79
16 80
16 82
16 85
16 87
16 88
16 89
16 90
16 93
16 96
16 98
16 104
16 107
16 110
16 111
16 112
16 113
16 116
16 117
16 121
16 123
16 127
16 133
16 134
16 136
16 138
16 139
17 1
17 5
17 6
17 7
17 8
17 10
17 14
17 17
17 19
17 20
17 21
17 24
17 28
17 30
17 33
17 34
17 36
17 47
17 48
17 49
17 50
17 52
17 53
17 54
17 56
17 58
17 59
17 61
17 62
17 63
17 66
17 67
17 70
17 71
17 77
17 78
17 79
17 81
17 82
17 84
17 85
17 87
17 88
17 89
17 91
17 94
17 98
17 99
17 100
17 101
17 102
17 103
17 105
17 109
17 114
17 116
17 117
17 120
17 123
17 124
17 125
17 127
17 131
17 132
17 136
17 137
17 138
18 3
18 8
18 12
18 13
18 16
18 17
18 19
18 20
18 22
18 23
18 25
18 28
18 29
18 30
18 33
18 34
18 36
18 37
18 38
18 39
18 40
18 46
18 47
18 48
18 49
18 52
18 53
18 56
18 60
18 61
18 62
18 64
18 67
18 68
18 69
18 71
18 73
18 75
18 77
18 79
18 81
18 83
18 90
18 92
18 93
18 94
18 96
18 98
18 99
18 100
18 101
18 103
18 105
18 107
18 108
18 109
18 110
18 112
18 113
18 114
18 115
18 117
18 118
18 119
18 120
18 123
18 124
18 126
18 132
18 135
18 139
19 1
19 2
19 3
19 5
19 8
19 10
19 15
19 16
19 18
19 19
19 21
19 26
19 27
19 28
19 30
19 31
19 32
19 33
19 35
19 38
19 42
19 43
19 44
19 45
19 46
19 50
19 51
19 52
19 55
19 58
19 59
19 62
19 63
19 64
19 65
19 70
19 71
19 73
19 74
19 77
19 78
19 80
19 81
19 82
19 83
19 86
19 87
19 88
19 92
19 95
19 97
19 98
19 99
19 103
19 104
19 105
19 107
19 108
19 110
19 111
19 112
19 115
19 117
19 119
19 122
19 127
19 131
19 134
19 137
19 139
20 2
20 3
20 5
20 6
20 7
20 9
20 10
20 11
20 12
20 14
20 15
20 17
20 19
20 20
20 21
20 22
20 26
20 28
20 29
20 33
20 34
20 35
20 43
20 44
20 50
20 51
20 54
20 55
20 56
20 57
20 58
20 61
20 64
20 65
20 66
20 67
20 69
20 71
20 72
20 73
20 74
20 75
20 77
20 79
20 80
20 81
20 83
20 90
20 92
20 93
20 94
20 95
20 96
20 97
20 99
20 102
20 103
20 104
20 107
20 108
20 111
20 113
20 114
20 115
20 116
20 117
20 118
20 119
20 120
20 122
20 125
20 127
20 133
20 134
20 135
20 136
20 139
21 1
21 3
21 4
21 6
21 9
21 11
21 12
21 23
21 25
21 26
21 27
21 30
21 32
21 34
21 35
21 36
21 38
21 42
21 46
21 47
21 49
21 52
21 53
21 55
21 56
21 57
21 59
21 61
21 62
21 65
21 68
21 69
21 73
21 75
21 76
21 82
21 84
21 85
21 86
21 87
21 88
21 90
21 93
21 96
21 102
21 106
21 107
21 108
21 109
21 111
21 112
21 113
21 114
21 117
21 118
21 122
21 124
21 126
21 127
21 129
21 132
21 134
21 135
21 138
22 2
22 5
22 10
22 15
22 17
22 18
22 19
22 22
22 24
22 26
22 27
22 28
22 29
22 33
22 34
22 35
22 36
22 40
22 41
22 42
22 43
22 48
22 50
22 51
22 54
22 55
22 56
22 58
22 60
22 61
22 62
22 63
22 67
22 72
22 74
22 75
22 78
22 81
22 84
22 89
22 90
22 91
22 93
22 94
22 96
22 97
22 98
22 99
22 104
22 105
22 110
22 112
22 113
22 115
22 117
22 118
22 121
22 122
22 124
22 126
22 127
22 129
22 131
22 132
22 134
22 140
23 1
23 2
23 3
23 4
23 5
23 9
23 12
23 14
23 15
23 20
23 21
23 23
23 24
23 25
23 29
23 30
23 31
23 33
23 36
23 41
23 43
23 46
23 48
23 49
23 51
23 52
23 54
23 55
23 57
23 58
23 59
23 62
23 63
23 64
23 65
23 68
23 69
23 73
23 74
23 75
23 77
23 78
23 81
23 82
23 84
23 85
23 86
23 87
23 88
23 89
23 93
23 94
23 96
23 99
23 100
23 102
23 105
23 106
23 107
23 108
23 116
23 117
23 118
23 121
23 122
23 123
23 124
23 127
23 128
23 129
23 131
23 137
23 139
23 140
24 1
24 2
24 3
24 9
24 10
24 12
24 15
24 16
24 19
24 20
24 21
24 22
24 23
24 25
24 28
24 31
24 32
24 34
24 35
24 36
24 37
24 39
24 42
24 43
24 47
24 55
24 57
24 61
24 62
24 63
24 64
24 66
24 67
24 68
24 72
24 73
24 76
24 77
24 79
24 80
24 82
24 83
24 85
24 87
24 91
24 92
24 94
24 97
24 99
24 101
24 102
24 103
24 104
24 105
24 106
24 107
24 109
24 110
24 111
24 112
24 113
24 115
24 118
24 119
24 120
24 121
24 122
24 124
24 125
24 126
24 131
24 132
24 133
24 134
24 140
25 2
25 3
25 4
25 5
25 6
25 9
25 11
25 12
25 13
25 14
25 15
25 19
25 20
25 21
25 22
25 23
25 26
25 27
25 28
25 29
25 30
25 35
25 36
25 41
25 43
25 46
25 51
25 56
25 57
25 59
25 60
25 64
25 65
25 67
25 70
25 71
25 72
25 73
25 78
25 80
25 82
25 84
25 86
25 90
25 94
25 99
25 101
25 102
25 104
25 106
25 107
25 108
25 110
25 111
25 112
25 115
25 117
25 119
25 120
25 122
25 126
25 131
25 132
25 133
25 134
25 135
25 136
26 4
26 14
26 16
26 17
26 19
26 21
26 25
26 27
26 28
26 29
26 32
26 34
26 35
26 38
26 40
26 42
26 43
26 44
26 45
26 46
26 51
26 54
26 55
26 57
26 60
26 62
26 65
26 67
26 72
26 73
26 74
26 75
26 76
26 80
26 82
26 85
26 86
26 87
26 90
26 100
26 104
26 105
26 108
26 109
26 110
26 111
26 115
26 117
26 121
26 123
26 125
26 131
26 133
26 134
26 136
26 137
26 140
27 1
27 2
27 3
27 4
27 5
27 6
27 8
27 9
27 11
27 13
27 14
27 16
27 18
27 21
27 23
27 27
27 28
27 32
27 34
27 36
27 37
27 38
27 40
27 42
27 43
27 46
27 47
27 52
27 54
27 61
27 63
27 64
27 69
27 71
27 73
27 74
27 76
27 77
27 79
27 81
27 82
27 85
27 86
27 92
27 93
27 97
27 101
27 103
27 104
27 107
27 111
27 114
27 119
27 124
27 126
27 129
27 130
27 131
27 133
27 134
27 136
27 137
27 140
28 2
28 3
28 11
28 13
28 19
28 22
28 24
28 25
28 27
28 32
28 34
28 35
28 37
28 41
28 46
28 48
28 51
28 54
28 55
28 56
28 57
28 59
28 61
28 63
28 64
28 69
28 71
28 72
28 74
28 75
28 77
28 78
28 80
28 85
28 86
28 93
28 96
28 97
28 98
28 99
28 100
28 101
28 103
28 105
28 106
28 110
28 112
28 113
28 114
28 117
28 119
28 123
28 125
28 127
28 130
28 132
28 133
28 136
28 137
28 138
28 139
29 2
29 3
29 10
29 15
29 20
29 24
29 27
29 30
29 31
29 32
29 34
29 35
29 36
29 37
29 39
29 40
29 41
29 44
29 45
29 49
29 50
29 51
29 54
29 55
29 56
29 58
29 59
29 60
29 61
29 63
29 64
29 68
29 70
29 72
29 73
29 77
29 81
29 82
29 85
29 88
29 89
29 90
29 92
29 93
29 97
29 99
29 106
29 110
29 111
29 112
29 115
29 117
29 119
29 121
29 122
29 125
29 126
29 127
29 130
29 133
29 134
29 135
29 137
29 140
30 1
30 2
30 4
30 7
30 9
30 10
30 11
30 13
30 14
30 16
30 18
30 21
30 22
30 23
30 25
30 26
30 28
30 31
30 34
30 37
30 38
30 41
30 44
30 45
30 47
30 48
30 50
30 51
30 52
30 54
30 55
30 58
30 60
30 66
30 67
30 68
30 69
30 71
30 72
30 76
30 77
30 81
30 82
30 83
30 84
30 85
30 86
30 87
30 88
30 89
30 90
30 91
30 92
30 97
30 99
30 100
30 101
30 102
30 103
30 105
30 107
30 109
30 110
30 111
30 112
30 113
30 115
30 116
30 119
30 121
30 122
30 124
30 126
30 129
30 131
30 132
30 133
30 135
30 137
30 138
30 140
31 1
31 4
31 6
31 7
31 9
31 10
31 11
31 15
31 17
31 18
31 23
31 24
31 26
31 27
31 28
31 31
31 32
31 33
31 34
31 35
31 36
31 39
31 41
31 42
31 43
31 46
31 47
31 48
31 50
31 51
31 52
31 53
31 56
31 57
31 59
31 60
31 66
31 67
31 68
31 69
31 70
31 71
31 75
31 78
31 83
31 86
31 88
31 90
31 92
31 94
31 95
31 96
31 98
31 99
31 102
31 103
31 104
31 106
31 109
31 111
31 112
31 113
31 114
31 115
31 116
31 119
31 121
31 124
31 126
31 127
31 128
31 129
31 130
31 131
31 132
31 133
31 134
31 135
31 136
31 137
31 139
31 140
32 3
32 8
32 9
32 10
32 13
32 16
32 17
32 19
32 20
32 21
32 23
32 25
32 26
32 27
32 28
32 29
32 30
32 31
32 33
32 35
32 36
32 38
32 39
32 44
32 45
32 48
32 50
32 51
32 53
32 55
32 58
32 61
32 66
32 69
32 71
32 72
32 75
32 76
32 77
32 83
32 87
32 89
32 91
32 92
32 93
32 94
32 96
32 97
32 98
32 100
32 101
32 102
32 106
32 108
32 109
32 112
32 113
32 117
32 119
32 120
32 121
32 123
32 126
32 131
32 132
32 133
32 134
32 135
32 136
32 137
32 138
32 139
32 140
33 1
33 2
33 3
33 4
33 6
33 7
33 8
33 9
33 12
33 15
33 16
33 19
33 20
33 22
33 23
33 27
33 28
33 30
33 32
33 33
33 34
33 36
33 38
33 41
33 42
33 45
33 46
33 47
33 48
33 49
33 50
33 54
33 55
33 56
33 57
33 58
33 59
33 65
33 66
33 67
33 70
33 72
33 74
33 75
33 76
33 78
33 81
33 82
33 84
33 87
33 89
33 90
33 91
33 93
33 94
33 95
33 96
33 97
33 99
33 102
33 107
33 111
33 112
33 114
33 117
33 120
33 122
33 123
33 124
33 125
33 130
33 131
33 132
33 136
33 137
33 140
34 1
34 2
34 3
34 5
34 7
34 8
34 9
34 11
34 13
34 14
34 15
34 17
34 19
34 22
34 23
34 26
34 28
34 29
34 31
34 32
34 34
34 38
34 39
34 40
34 42
34 46
34 49
34 50
34 52
34 53
34 54
34 57
34 59
34 60
34 63
34 65
34 68
34 69
34 70
34 71
34 72
34 73
34 75
34 80
34 83
34 84
34 85
34 86
34 87
34 88
34 89
34 90
34 96
34 99
34 102
34 104
34 105
34 107
34 109
34 114
34 115
34 116
34 118
34 120
34 125
34 127
34 131
34 134
34 135
34 138
34 139
34 140
35 2
35 3
35 4
35 7
35 9
35 10
35 12
35 17
35 19
35 21
35 22
35 25
35 26
35 30
35 32
35 34
35 36
35 40
35 41
35 42
35 43
35 44
35 46
35 50
35 51
35 54
35 56
35 57
35 60
35 63
35 64
35 65
35 66
35 68
35 70
35 71
35 72
35 73
35 75
35 79
35 82
35 83
35 85
35 86
35 88
35 89
35 91
35 92
35 94
35 95
35 96
35 97
35 101
35 104
35 105
35 107
35 108
35 110
35 114
35 117
35 124
35 125
35 126
35 131
35 133
35 135
35 136
35 140
36 3
36 6
36 9
36 10
36 11
36 13
36 16
36 18
36 19
36 20
36 22
36 24
36 26
36 29
36 33
36 35
36 36
36 37
36 38
36 40
36 42
36 43
36 45
36 46
36 53
36 57
36 61
36 62
36 63
36 66
36 67
36 68
36 70
36 72
36 77
36 78
36 81
36 82
36 83
36 85
36 87
36 88
36 89
36 94
36 97
36 99
36 101
36 102
36 103
36 106
36 107
36 109
36 110
36 113
36 114
36 115
36 116
36 118
36 120
36 121
36 122
36 123
36 124
36 125
36 128
36 131
36 133
36 135
36 136
36 137
36 139
37 3
37 5
37 8
37 9
37 10
37 11
37 14
37 15
37 16
37 17
37 19
37 21
37 22
37 23
37 25
37 27
37 28
37 29
37 31
37 36
37 37
37 38
37 40
37 41
37 42
37 43
37 46
37 49
37 52
37 53
37 56
37 57
37 58
37 59
37 61
37 63
37 66
37 69
37 70
37 71
37 73
37 74
37 77
37 78
37 79
37 81
37 82
37 83
37 85
37 87
37 90
37 92
37 97
37 98
37 99
37 100
37 101
37 103
37 105
37 107
37 108
37 109
37 115
37 117
37 118
37 119
37 120
37 122
37 123
37 125
37 126
37 129
37 135
37 136
37 138
38 1
38 3
38 4
38 8
38 13
38 14
38 15
38 17
38 18
38 19
38 23
38 27
38 30
38 33
38 34
38 35
38 37
38 38
38 41
38 43
38 44
38 45
38 46
38 48
38 52
38 55
38 56
38 57
38 59
38 60
38 63
38 66
38 68
38 71
38 73
38 75
38 76
38 78
38 79
38 80
38 87
38 88
38 89
38 90
38 96
38 97
38 98
38 101
38 102
38 105
38 109
38 110
38 111
38 112
38 113
38 114
38 115
38 116
38 121
38 123
38 127
38 129
38 132
38 134
38 136
38 137
38 139
38 140
39 6
39 10
39 13
39 14
39 16
39 17
39 18
39 19
39 22
39 27
39 28
39 29
39 30
39 32
39 33
39 34
39 35
39 36
39 37
39 43
39 44
39 45
39 46
39 47
39 48
39 49
39 50
39 52
39 53
39 54
39 55
39 56
39 58
39 60
39 62
39 66
39 67
39 68
39 69
39 70
39 75
39 76
39 77
39 78
39 81
39 83
39 84
39 85
39 86
39 88
39 89
39 93
39 98
39 100
39 102
39 103
39 105
39 107
39 112
39 116
39 117
39 120
39 121
39 125
39 126
39 130
39 132
39 133
39 134
39 135
39 136
39 139
40 1
40 3
40 5
40 6
40 8
40 11
40 20
40 22
40 24
40 25
40 27
40 28
40 29
40 30
40 33
40 34
40 36
40 38
40 40
40 41
40 43
40 45
40 46
40 48
40 50
40 51
40 52
40 55
40 57
40 58
40 59
40 63
40 65
40 68
40 69
40 71
40 73
40 74
40 75
40 78
40 81
40 82
40 83
40 84
40 86
40 87
40 90
40 91
40 94
40 96
40 98
40 99
40 101
40 102
40 103
40 105
40 108
40 109
40 110
40 111
40 112
40 113
40 114
40 117
40 120
40 121
40 122
40 123
40 124
40 125
40 132
40 133
40 134
40 135
40 136
40 138
41 3
41 5
41 10
41 12
41 13
41 18
41 19
41 20
41 24
41 25
41 26
41 27
41 28
41 30
41 35
41 36
41 37
41 38
41 40
41 41
41 48
41 49
41 52
41 54
41 57
41 58
41 59
41 60
41 61
41 64
41 65
41 68
41 69
41 71
41 72
41 73
41 75
41 76
41 80
41 81
41 84
41 85
41 86
41 92
41 93
41 95
41 97
41 98
41 100
41 102
41 104
41 106
41 107
41 108
41 111
41 112
41 113
41 114
41 116
41 121
41 123
41 124
41 126
41 127
41 130
41 131
41 134
41 137
41 139
42 1
42 3
42 5
42 8
42 9
42 10
42 11
42 12
42 14
42 15
42 19
42 21
42 22
42 23
42 25
42 26
42 30
42 32
42 34
42 37
42 39
42 41
42 43
42 48
42 49
42 53
42 54
42 55
42 56
42 58
42 59
42 60
42 61
42 62
42 66
42 67
42 69
42 70
42 72
42 73
42 75
42 79
42 82
42 84
42 86
42 88
42 89
42 90
42 91
42 92
42 94
42 97
42 99
42 100
42 101
42 103
42 104
42 105
42 107
42 108
42 113
42 114
42 115
42 116
42 117
42 118
42 119
42 120
42 121
42 122
42 125
42 129
42 131
42 132
42 133
43 2
43 3
43 5
43 6
43 7
43 9
43 10
43 12
43 14
43 19
43 20
43 23
43 26
43 30
43 32
43 33
43 36
43 37
43 39
43 41
43 42
43 43
43 45
43 49
43 51
43 52
43 53
43 54
43 56
43 57
43 58
43 60
43 61
43 62
43 64
43 65
43 70
43 73
43 78
43 80
43 81
43 85
43 86
43 87
43 88
43 91
43 92
43 93
43 94
43 95
43 97
43 98
43 100
43 101
43 104
43 105
43 106
43 108
43 110
43 111
43 112
43 113
43 114
43 115
43 117
43 118
43 121
43 122
43 123
43 125
43 128
43 129
43 131
43 134
43 135
43 137
43 138
43 139
44 1
44 2
44 3
44 6
44 8
44 9
44 10
44 11
44 15
44 16
44 19
44 20
44 24
44 26
44 27
44 28
44 29
44 31
44 33
44 35
44 36
44 40
44 41
44 44
44 45
44 47
44 48
44 50
44 52
44 53
44 58
44 59
44 60
44 61
44 62
44 63
44 75
44 78
44 79
44 82
44 83
44 85
44 86
44 87
44 88
44 90
44 94
44 95
44 96
44 97
44 100
44 101
44 102
44 103
44 104
44 108
44 110
44 111
44 115
44 117
44 120
44 123
44 124
44 125
44 128
44 131
44 132
44 134
44 136
44 137
44 140
45 1
45 4
45 5
45 6
45 7
45 8
45 9
45 10
45 14
45 15
45 17
45 20
45 22
45 25
45 28
45 29
45 30
45 31
45 33
45 36
45 37
45 38
45 41
45 43
45 44
45 46
45 47
45 50
45 51
45 54
45 56
45 58
45 59
45 60
45 61
45 62
45 63
45 67
45 68
45 77
45 81
45 82
45 83
45 84
45 85
45 86
45 88
45 89
45 92
45 95
45 96
45 100
45 102
45 106
45 108
45 111
45 112
45 114
45 115
45 119
45 120
45 123
45 124
45 125
45 126
45 130
45 131
45 132
45 133
45 135
45 137
45 139
46 1
46 2
46 3
46 5
46 6
46 7
46 8
46 9
46 12
46 13
46 14
46 16
46 22
46 23
46 24
46 25
46 26
46 27
46 28
46 31
46 32
46 36
46 37
46 38
46 40
46 42
46 43
46 44
46 45
46 47
46 49
46 50
46 51
46 52
46 53
46 56
46 57
46 61
46 62
46 65
46 67
46 68
46 69
46 70
46 71
46 74
46 75
46 78
46 80
46 81
46 82
46 85
46 87
46 93
46 96
46 98
46 99
46 102
46 104
46 106
46 114
46 115
46 116
46 117
46 118
46 119
46 120
46 121
46 122
46 123
46 124
46 126
46 127
46 129
46 130
46 131
46 132
46 133
46 134
46 136
46 137
46 138
46 139
46 140
47 1
47 2
47 3
47 4
47 5
47 6
47 9
47 10
47 12
47 13
47 14
47 15
47 18
47 22
47 23
47 24
47 28
47 30
47 31
47 36
47 37
47 39
47 42
47 43
47 46
47 47
47 50
47 51
47 55
47 56
47 59
47 60
47 61
47 64
47 66
47 67
47 68
47 69
47 74
47 76
47 78
47 80
47 84
47 86
47 88
47 89
47 90
47 97
47 98
47 99
47 102
47 103
47 104
47 105
47 106
47 107
47 112
47 114
47 115
47 116
47 121
47 122
47 123
47 124
47 125
47 127
47 131
47 132
47 135
47 136
47 137
47 138
48 2
48 5
48 8
48 10
48 11
48 12
48 16
48 17
48 19
48 22
48 23
48 24
48 27
48 28
48 29
48 32
48 34
48 35
48 37
48 40
48 41
48 43
48 44
48 45
48 46
48 48
48 49
48 51
48 53
48 55
48 56
48 57
48 60
48 62
48 63
48 64
48 65
48 66
48 67
48 71
48 73
48 77
48 78
48 81
48 83
48 85
48 86
48 87
48 90
48 91
48 95
48 97
48 98
48 105
48 107
48 108
48 110
48 111
48 113
48 114
48 115
48 116
48 117
48 118
48 119
48 120
48 123
48 125
48 126
48 127
48 129
48 136
48 138
48 140
49 1
49 2
49 4
49 6
49 15
49 18
49 19
49 20
49 21
49 23
49 24
49 25
49 26
49 27
49 29
49 31
49 32
49 34
49 39
49 40
49 42
49 44
49 45
49 48
49 49
49 50
49 51
49 52
49 55
49 56
49 60
49 62
49 65
49 66
49 70
49 72
49 73
49 75
49 76
49 79
49 80
49 82
49 83
49 84
49 85
49 86
49 87
49 88
49 89
49 92
49 93
49 94
49 99
49 103
49 105
49 112
49 113
49 115
49 117
49 118
49 123
49 124
49 128
49 131
49 133
49 134
49 135
49 136
49 140
50 1
50 2
50 5
50 6
50 7
50 8
50 9
50 11
50 12
50 14
50 16
50 21
50 22
50 24
50 27
50 28
50 30
50 31
50 35
50 36
50 37
50 41
50 42
50 43
50 44
50 48
50 51
50 54
50 57
50 58
50 59
50 60
50 61
50 63
50 67
50 68
50 69
50 70
50 71
50 72
50 73
50 74
50 75
50 78
50 79
50 80
50 81
50 83
50 87
50 88
50 91
50 92
50 93
50 94
50 96
50 99
50 100
50 103
50 108
50 111
50 112
50 114
50 115
50 116
50 117
50 119
50 120
50 121
50 122
50 124
50 125
50 126
50 127
50 131
50 132
50 136
50 137
50 140
51 1
51 3
51 4
51 6
51 9
51 10
51 11
51 15
51 18
51 20
51 21
51 23
51 24
51 31
51 33
51 34
51 35
51 36
51 38
51 39
51 40
51 41
51 43
51 44
51 45
51 46
51 50
51 51
51 53
51 54
51 55
51 56
51 58
51 59
51 60
51 61
51 62
51 63
51 66
51 67
51 68
51 72
51 77
51 80
51 81
51 87
51 90
51 91
51 93
51 95
51 99
51 100
51 102
51 106
51 107
51 111
51 112
51 113
51 114
51 115
51 116
51 118
51 120
51 122
51 128
51 132
51 135
51 137
51 140
52 1
52 3
52 4
52 5
52 6
52 7
52 8
52 9
52 12
52 13
52 14
52 17
52 18
52 20
52 21
52 24
52 25
52 27
52 28
52 29
52 31
52 33
52 34
52 35
52 36
52 39
52 40
52 41
52 42
52 43
52 44
52 46
52 48
52 49
52 52
52 54
52 55
52 56
52 57
52 59
52 61
52 62
52 65
52 66
52 69
52 70
52 71
52 73
52 74
52 75
52 77
52 78
52 81
52 84
52 91
52 92
52 95
52 96
52 99
52 100
52 101
52 102
52 104
52 107
52 108
52 110
52 111
52 115
52 117
52 120
52 123
52 128
52 129
52 133
52 135
52 136
52 137
53 1
53 2
53 4
53 5
53 6
53 7
53 9
53 11
53 12
53 16
53 17
53 18
53 21
53 25
53 28
53 30
53 31
53 34
53 36
53 37
53 38
53 39
53 40
53 41
53 49
53 50
53 55
53 57
53 60
53 61
53 63
53 64
53 66
53 67
53 68
53 71
53 72
53 75
53 79
53 86
53 89
53 91
53 94
53 95
53 97
53 102
53 105
53 106
53 107
53 108
53 109
53 111
53 112
53 114
53 115
53 116
53 117
53 119
53 120
53 122
53 124
53 126
53 128
53 130
53 131
53 135
53 136
54 1
54 4
54 5
54 6
54 8
54 10
54 11
54 12
54 13
54 17
54 20
54 21
54 22
54 24
54 25
54 26
54 27
54 30
54 31
54 32
54 34
54 35
54 41
54 43
54 48
54 49
54 50
54 51
54 53
54 54
54 55
54 56
54 58
54 62
54 63
54 65
54 68
54 69
54 71
54 72
54 73
54 75
54 76
54 77
54 80
54 82
54 84
54 85
54 87
54 92
54 94
54 95
54 101
54 105
54 108
54 110
54 111
54 112
54 113
54 115
54 118
54 119
54 120
54 122
54 123
54 124
54 126
54 127
54 128
54 129
54 133
54 136
54 137
54 140
55 2
55 4
55 9
55 10
55 15
55 17
55 18
55 21
55 22
55 23
55 24
55 25
55 27
55 30
55 33
55 35
55 36
55 43
55 45
55 47
55 49
55 51
55 52
55 56
55 58
55 60
55 61
55 63
55 66
55 69
55 70
55 75
55 77
55 78
55 80
55 84
55 90
55 91
55 92
55 94
55 95
55 96
55 103
55 105
55 108
55 111
55 112
55 113
55 114
55 115
55 119
55 120
55 122
55 123
55 127
55 133
55 134
55 136
55 139
56 1
56 2
56 3
56 7
56 13
56 14
56 15
56 17
56 18
56 19
56 21
56 22
56 23
56 25
56 27
56 31
56 32
56 34
56 37
56 38
56 39
56 40
56 44
56 46
56 47
56 48
56 49
56 51
56 52
56 54
56 55
56 56
56 57
56 58
56 60
56 62
56 64
56 65
56 67
56 71
56 72
56 73
56 74
56 75
56 77
56 79
56 82
56 83
56 84
56 92
56 95
56 96
56 97
56 98
56 99
56 102
56 104
56 105
56 107
56 108
56 109
56 110
56 112
56 114
56 115
56 117
56 118
56 119
56 121
56 123
56 125
56 127
56 128
56 129
56 130
56 131
56 132
56 133
56 137
56 139
57 3
57 5
57 6
57 9
57 17
57 19
57 21
57 23
57 24
57 25
57 26
57 27
57 28
57 29
57 32
57 34
57 36
57 39
57 44
57 48
57 51
57 54
57 56
57 58
57 60
57 66
57 67
57 69
57 70
57 71
57 72
57 74
57 75
57 77
57 78
57 79
57 81
57 82
57 83
57 84
57 87
57 93
57 94
57 95
57 96
57 98
57 99
57 100
57 101
57 103
57 104
57 108
57 112
57 113
57 116
57 117
57 119
57 123
57 124
57 125
57 127
57 132
57 133
57 134
57 136
57 138
57 139
57 140
58 1
58 3
58 5
58 7
58 8
58 9
58 11
58 14
58 15
58 16
58 21
58 22
58 23
58 25
58 27
58 35
58 36
58 42
58 45
58 48
58 49
58 50
58 52
58 54
58 55
58 56
58 57
58 58
58 62
58 64
58 65
58 66
58 70
58 73
58 77
58 78
58 81
58 82
58 83
58 87
58 90
58 91
58 92
58 94
58 96
58 98
58 100
58 101
58 107
58 110
58 115
58 116
58 119
58 128
58 129
58 131
58 133
58 134
58 135
58 138
58 139
59 2
59 3
59 5
59 6
59 8
59 11
59 12
59 14
59 16
59 20
59 23
59 27
59 29
59 30
59 31
59 32
59 34
59 35
59 37
59 39
59 40
59 41
59 42
59 43
59 45
59 46
59 52
59 54
59 55
59 56
59 59
59 60
59 61
59 63
59 64
59 66
59 67
59 68
59 69
59 70
59 71
59 73
59 74
59 75
59 79
59 80
59 84
59 91
59 94
59 95
59 96
59 97
59 100
59 106
59 107
59 111
59 112
59 114
59 115
59 116
59 117
59 118
59 120
59 124
59 127
59 131
59 132
59 134
59 136
59 137
59 139
59 140
60 3
60 4
60 5
60 6
60 10
60 11
60 18
60 21
60 24
60 25
60 29
60 30
60 31
60 33
60 35
60 39
60 41
60 44
60 45
60 47
60 48
60 49
60 50
60 51
60 52
60 53
60 54
60 55
60 56
60 57
60 62
60 64
60 66
60 67
60 70
60 71
60 73
60 79
60 81
60 86
60 87
60 90
60 91
60 92
60 93
60 94
60 99
60 101
60 104
60 106
60 107
60 109
60 111
60 112
60 115
60 116
60 117
60 119
60 120
60 121
60 122
60 123
60 125
60 127
60 129
60 130
61 1
61 3
61 5
61 7
61 9
61 10
61 14
61 19
61 20
61 22
61 25
61 29
61 32
61 34
61 35
61 36
61 37
61 38
61 39
61 44
61 48
61 51
61 53
61 54
61 55
61 60
61 61
61 63
61 66
61 67
61 68
61 69
61 70
61 71
61 72
61 73
61 75
61 77
61 78
61 79
61 80
61 81
61 83
61 85
61 89
61 91
61 92
61 93
61 94
61 95
61 96
61 98
61 100
61 103
61 104
61 106
61 108
61 109
61 110
61 111
61 113
61 116
61 117
61 118
61 123
61 124
61 126
61 127
61 132
61 133
61 134
61 137
61 140
62 2
62 3
62 4
62 5
62 6
62 7
62 8
62 9
62 13
62 14
62 16
62 21
62 24
62 25
62 26
62 27
62 32
62 35
62 42
62 44
62 46
62 50
62 53
62 55
62 57
62 59
62 60
62 61
62 62
62 63
62 64
62 65
62 68
62 72
62 77
62 81
62 88
62 89
62 91
62 92
62 93
62 95
62 96
62 101
62 103
62 105
62 107
62 108
62 109
62 111
62 112
62 113
62 114
62 115
62 116
62 117
62 118
62 119
62 121
62 122
62 123
62 124
62 127
62 128
62 131
62 133
62 134
62 136
62 137
62 140
63 1
63 2
63 3
63 5
63 6
63 7
63 9
63 14
63 16
63 24
63 26
63 27
63 29
63 30
63 31
63 32
63 33
63 36
63 41
63 43
63 46
63 51
63 53
63 54
63 56
63 57
63 59
63 64
63 65
63 66
63 68
63 72
63 75
63 76
63 77
63 78
63 81
63 83
63 85
63 87
63 90
63 98
63 102
63 103
63 105
63 107
63 110
63 113
63 115
63 116
63 118
63 119
63 120
63 121
63 123
63 124
63 126
63 128
63 130
63 132
63 134
63 138
63 140
64 1
64 2
64 3
64 4
64 5
64 6
64 8
64 9
64 14
64 18
64 21
64 22
64 24
64 25
64 27
64 30
64 32
64 33
64 35
64 36
64 44
64 45
64 46
64 47
64 51
64 53
64 55
64 56
64 57
64 59
64 63
64 64
64 65
64 67
64 69
64 70
64 71
64 72
64 74
64 79
64 80
64 82
64 85
64 86
64 88
64 90
64 91
64 92
64 96
64 98
64 101
64 103
64 104
64 105
64 106
64 107
64 108
64 109
64 111
64 113
64 116
64 119
64 121
64 122
64 123
64 125
64 126
64 129
64 132
64 133
64 135
64 136
64 137
65 2
65 3
65 4
65 7
65 9
65 10
65 14
65 15
65 18
65 20
65 21
65 23
65 24
65 26
65 29
65 30
65 33
65 34
65 36
65 39
65 42
65 43
65 44
65 48
65 50
65 57
65 58
65 59
65 64
65 65
65 66
65 67
65 69
65 72
65 73
65 74
65 81
65 82
65 83
65 84
65 85
65 88
65 89
65 91
65 92
65 94
65 95
65 96
65 101
65 102
65 103
65 104
65 108
65 109
65 110
65 111
65 113
65 114
65 115
65 117
65 118
65 120
65 123
65 125
65 126
65 131
65 132
65 135
65 138
65 139
65 140
66 1
66 3
66 4
66 5
66 7
66 8
66 10
66 11
66 15
66 16
66 19
66 21
66 23
66 25
66 26
66 27
66 30
66 31
66 32
66 34
66 35
66 40
66 41
66 42
66 45
66 48
66 50
66 53
66 55
66 59
66 61
66 62
66 63
66 65
66 66
66 67
66 68
66 70
66 77
66 79
66 80
66 84
66 87
66 88
66 91
66 92
66 94
66 95
66 100
66 103
66 105
66 107
66 110
66 113
66 116
66 117
66 119
66 122
66 124
66 125
66 126
66 127
66 129
66 131
66 132
66 133
66 135
66 137
66 138
67 1
67 3
67 5
67 6
67 10
67 12
67 13
67 15
67 16
67 17
67 18
67 19
67 20
67 24
67 27
67 28
67 29
67 30
67 31
67 34
67 35
67 40
67 42
67 43
67 44
67 46
67 48
67 50
67 55
67 56
67 59
67 60
67 61
67 63
67 64
67 66
67 67
67 68
67 69
67 70
67 71
67 72
67 73
67 74
67 76
67 77
67 78
67 80
67 81
67 82
67 83
67 86
67 89
67 91
67 92
67 93
67 96
67 98
67 99
67 100
67 102
67 103
67 105
67 106
67 107
67 108
67 111
67 115
67 116
67 117
67 118
67 123
67 124
67 128
67 129
67 132
67 137
68 5
68 7
68 8
68 9
68 10
68 11
68 12
68 17
68 26
68 28
68 29
68 30
68 36
68 39
68 40
68 43
68 44
68 48
68 49
68 51
68 52
68 53
68 55
68 56
68 57
68 61
68 64
68 67
68 68
68 70
68 71
68 72
68 73
68 74
68 77
68 78
68 79
68 80
68 81
68 84
68 85
68 87
68 88
68 89
68 93
68 95
68 98
68 101
68 103
68 104
68 106
68 113
68 117
68 120
68 121
68 122
68 124
68 125
68 126
68 129
68 131
68 134
68 135
68 136
68 137
68 138
68 139
68 140
69 5
69 6
69 7
69 9
69 10
69 11
69 12
69 13
69 14
69 15
69 16
69 17
69 18
69 19
69 22
69 23
69 24
69 25
69 26
69 27
69 31
69 38
69 39
69 40
69 43
69 45
69 47
69 48
69 50
69 51
69 54
69 55
69 57
69 58
69 60
69 61
69 63
69 68
69 70
69 73
69 75
69 76
69 77
69 79
69 80
69 81
69 82
69 87
69 92
69 93
69 97
69 98
69 99
69 100
69 102
69 104
69 105
69 106
69 108
69 112
69 113
69 119
69 122
69 124
69 126
69 129
69 130
69 132
69 135
69 137
69 140
70 2
70 3
70 4
70 6
70 7
70 15
70 17
70 18
70 23
70 24
70 25
70 26
70 33
70 35
70 36
70 40
70 42
70 43
70 47
70 48
70 50
70 52
70 53
70 54
70 55
70 61
70 62
70 63
70 64
70 68
70 71
70 72
70 73
70 75
70 78
70 80
70 85
70 87
70 88
70 90
70 92
70 93
70 94
70 96
70 97
70 98
70 102
70 105
70 107
70 108
70 110
70 111
70 115
70 117
70 119
70 121
70 123
70 124
70 126
70 127
70 131
70 135
70 136
70 137
71 1
71 3
71 4
71 5
71 7
71 8
71 9
71 10
71 11
71 13
71 14
71 16
71 24
71 25
71 26
71 28
71 29
71 31
71 32
71 33
71 34
71 39
71 40
71 42
71 44
71 45
71 49
71 50
71 51
71 53
71 55
71 56
71 58
71 62
71 63
71 65
71 66
71 68
71 72
71 76
71 80
71 82
71 83
71 84
71 85
71 86
71 88
71 92
71 93
71 95
71 97
71 98
71 99
71 102
71 104
71 105
71 106
71 107
71 109
71 110
71 111
71 113
71 115
71 116
71 117
71 120
71 122
71 123
71 124
71 127
71 128
71 129
71 130
71 132
71 133
71 136
71 137
72 1
72 4
72 5
72 7
72 8
72 13
72 16
72 22
72 25
72 27
72 30
72 32
72 33
72 36
72 37
72 39
72 40
72 43
72 45
72 46
72 49
72 52
72 55
72 64
72 65
72 66
72 67
72 70
72 71
72 72
72 73
72 74
72 75
72 76
72 78
72 79
72 86
72 87
72 89
72 90
72 92
72 94
72 95
72 97
72 98
72 99
72 102
72 105
72 106
72 107
72 111
72 112
72 114
72 118
72 120
72 123
72 124
72 128
72 129
72 130
72 131
72 132
72 133
72 134
72 135
72 139
72 140
73 1
73 2
73 4
73 5
73 8
73 9
73 11
73 12
73 13
73 15
73 16
73 17
73 18
73 19
73 21
73 28
73 30
73 32
73 35
73 36
73 37
73 39
73 41
73 46
73 49
73 51
73 52
73 56
73 58
73 59
73 61
73 65
73 69
73 70
73 71
73 72
73 73
73 74
73 76
73 79
73 81
73 83
73 87
73 89
73 90
73 93
73 95
73 96
73 100
73 101
73 103
73 104
73 105
73 109
73 110
73 112
73 113
73 115
73 116
73 118
73 119
73 120
73 121
73 122
73 123
73 124
73 127
73 129
73 131
73 133
73 136
73 138
74 1
74 5
74 6
74 10
74 11
74 12
74 13
74 14
74 17
74 18
74 19
74 20
74 24
74 28
74 29
74 30
74 31
74 33
74 35
74 36
74 37
74 41
74 43
74 46
74 48
74 49
74 51
74 52
74 53
74 54
74 55
74 56
74 57
74 58
74 59
74 60
74 61
74 63
74 65
74 69
74 70
74 71
74 72
74 73
74 75
74 76
74 78
74 79
74 82
74 85
74 86
74 88
74 89
74 91
74 93
74 95
74 100
74 101
74 105
74 106
74 109
74 110
74 112
74 113
74 115
74 117
74 118
74 119
74 120
74 123
74 124
74 125
74 128
74 130
74 131
74 132
74 134
74 135
74 136
74 137
75 2
75 6
75 7
75 9
75 10
75 11
75 14
75 17
75 19
75 20
75 21
75 24
75 26
75 27
75 29
75 34
75 35
75 44
75 45
75 46
75 47
75 49
75 52
75 55
75 60
75 61
75 62
75 63
75 64
75 67
75 68
75 70
75 72
75 74
75 76
75 77
75 78
75 79
75 80
75 81
75 82
75 83
75 84
75 85
75 87
75 88
75 89
75 91
75 92
75 93
75 97
75 99
75 104
75 106
75 107
75 110
75 113
75 114
75 115
75 116
75 117
75 121
75 124
75 129
75 131
75 132
75 133
75 136
75 137
75 138
75 139
75 140
76 1
76 3
76 6
76 7
76 8
76 12
76 13
76 15
76 18
76 19
76 20
76 21
76 22
76 23
76 28
76 30
76 31
76 33
76 34
76 37
76 39
76 40
76 41
76 43
76 45
76 47
76 48
76 49
76 50
76 51
76 52
76 59
76 62
76 69
76 71
76 76
76 81
76 83
76 84
76 87
76 95
76 97
76 99
76 104
76 105
76 106
76 107
76 108
76 109
76 111
76 112
76 113
76 114
76 119
76 124
76 133
76 134
76 135
76 136
76 137
76 140
77 1
77 5
77 6
77 7
77 8
77 10
77 11
77 12
77 13
77 15
77 19
77 20
77 21
77 24
77 25
77 26
77 29
77 30
77 34
77 35
77 36
77 37
77 38
77 42
77 43
77 44
77 46
77 48
77 49
77 50
77 51
77 53
77 55
77 56
77 58
77 59
77 62
77 63
77 64
77 65
77 66
77 67
77 68
77 70
77 72
77 73
77 75
77 76
77 81
77 87
77 88
77 90
77 92
77 93
77 95
77 97
77 98
77 99
77 100
77 102
77 104
77 108
77 109
77 110
77 112
77 114
77 116
77 120
77 121
77 122
77 124
77 125
77 126
77 127
77 132
77 133
77 135
78 1
78 2
78 3
78 4
78 7
78 8
78 10
78 14
78 15
78 17
78 18
78 19
78 23
78 25
78 27
78 29
78 31
78 32
78 33
78 35
78 37
78 39
78 40
78 41
78 42
78 43
78 44
78 45
78 47
78 50
78 52
78 54
78 55
78 56
78 58
78 59
78 60
78 61
78 62
78 65
78 67
78 69
78 71
78 72
78 73
78 74
78 75
78 77
78 78
78 80
78 81
78 82
78 84
78 89
78 91
78 92
78 93
78 94
78 95
78 96
78 97
78 100
78 102
78 104
78 107
78 108
78 109
78 111
78 113
78 115
78 116
78 117
78 118
78 120
78 122
78 126
78 127
78 128
78 129
78 131
78 133
78 135
78 136
78 137
78 138
78 139
79 1
79 3
79 5
79 6
79 9
79 10
79 15
79 17
79 18
79 19
79 25
79 28
79 30
79 32
79 33
79 34
79 38
79 39
79 40
79 41
79 42
79 43
79 44
79 47
79 48
79 49
79 50
79 51
79 53
79 59
79 61
79 63
79 65
79 66
79 69
79 70
79 72
79 74
79 75
79 78
79 79
79 83
79 84
79 85
79 86
79 87
79 88
79 90
79 91
79 92
79 95
79 96
79 100
79 103
79 107
79 108
79 109
79 110
79 111
79 112
79 113
79 114
79 115
79 116
79 118
79 122
79 123
79 128
79 129
79 132
79 136
79 139
80 1
80 4
80 5
80 8
80 11
80 15
80 16
80 19
80 20
80 21
80 22
80 24
80 26
80 28
80 29
80 30
80 34
80 36
80 38
80 39
80 41
80 42
80 45
80 48
80 49
80 50
80 53
80 54
80 55
80 60
80 63
80 64
80 65
80 66
80 70
80 71
80 72
80 74
80 75
80 79
80 80
80 86
80 87
80 88
80 89
80 90
80 93
80 94
80 95
80 96
80 97
80 100
80 101
80 104
80 106
80 110
80 112
80 113
80 114
80 118
80 120
80 121
80 122
80 123
80 124
80 126
80 127
80 129
80 130
80 131
80 132
80 134
80 135
80 138
80 139
80 140
81 2
81 4
81 6
81 7
81 8
81 13
81 14
81 17
81 19
81 24
81 25
81 27
81 28
81 29
81 32
81 33
81 34
81 38
81 39
81 41
81 45
81 49
81 50
81 52
81 53
81 54
81 56
81 57
81 59
81 60
81 61
81 62
81 63
81 64
81 65
81 66
81 67
81 69
81 72
81 73
81 80
81 87
81 88
81 89
81 91
81 92
81 93
81 95
81 96
81 99
81 100
81 101
81 103
81 105
81 106
81 107
81 108
81 113
81 114
81 116
81 117
81 119
81 121
81 122
81 123
81 126
81 130
81 133
81 134
81 135
81 136
81 137
81 138
81 140
82 1
82 5
82 6
82 8
82 9
82 12
82 13
82 15
82 18
82 21
82 22
82 23
82 24
82 25
82 27
82 30
82 36
82 38
82 39
82 41
82 42
82 47
82 49
82 50
82 52
82 57
82 60
82 62
82 63
82 64
82 68
82 71
82 72
82 74
82 76
82 77
82 79
82 82
82 83
82 85
82 87
82 88
82 89
82 90
82 92
82 96
82 97
82 98
82 99
82 100
82 104
82 106
82 107
82 108
82 112
82 113
82 114
82 116
82 118
82 119
82 120
82 122
82 124
82 127
82 134
82 136
82 138
83 2
83 3
83 5
83 6
83 7
83 8
83 9
83 10
83 14
83 16
83 17
83 19
83 21
83 23
83 24
83 31
83 36
83 37
83 38
83 39
83 43
83 46
83 48
83 51
83 53
83 54
83 55
83 57
83 60
83 66
83 68
83 70
83 76
83 77
83 78
83 79
83 80
83 81
83 82
83 84
83 87
83 88
83 92
83 94
83 95
83 96
83 97
83 98
83 105
83 106
83 108
83 109
83 111
83 115
83 116
83 118
83 124
83 125
83 130
83 132
83 134
83 136
83 137
83 138
83 140
84 3
84 7
84 10
84 14
84 15
84 16
84 17
84 18
84 21
84 26
84 27
84 29
84 30
84 31
84 33
84 35
84 37
84 38
84 46
84 48
84 49
84 51
84 52
84 54
84 55
84 56
84 57
84 60
84 64
84 67
84 68
84 71
84 72
84 78
84 80
84 81
84 82
84 83
84 84
84 86
84 87
84 89
84 90
84 92
84 101
84 102
84 104
84 106
84 107
84 108
84 110
84 112
84 113
84 115
84 116
84 117
84 122
84 123
84 126
84 127
84 128
84 129
84 130
84 131
84 133
84 135
84 136
84 139
84 140
85 2
85 4
85 6
85 8
85 9
85 10
85 15
85 22
85 23
85 25
85 26
85 28
85 31
85 33
85 38
85 40
85 41
85 42
85 51
85 52
85 53
85 54
85 55
85 59
85 61
85 64
85 65
85 67
85 69
85 70
85 71
85 75
85 76
85 77
85 78
85 80
85 86
85 89
85 90
85 93
85 94
85 95
85 97
85 98
85 103
85 104
85 106
85 108
85 109
85 110
85 111
85 115
85 116
85 117
85 118
85 120
85 121
85 122
85 125
85 126
85 127
85 128
85 130
85 131
85 132
85 133
85 137
86 1
86 3
86 5
86 6
86 7
86 9
86 10
86 12
86 13
86 16
86 17
86 18
86 19
86 20
86 26
86 28
86 30
86 31
86 33
86 35
86 36
86 37
86 42
86 44
86 47
86 49
86 50
86 51
86 52
86 54
86 55
86 56
86 60
86 61
86 66
86 68
86 69
86 72
86 74
86 80
86 83
86 84
86 85
86 86
86 87
86 89
86 92
86 93
86 95
86 96
86 101
86 103
86 105
86 107
86 109
86 111
86 112
86 113
86 116
86 117
86 118
86 120
86 124
86 125
86 127
86 130
86 131
86 133
86 134
86 137
86 139
87 3
87 5
87 6
87 9
87 11
87 13
87 18
87 19
87 20
87 23
87 25
87 26
87 27
87 30
87 34
87 35
87 39
87 40
87 42
87 43
87 44
87 45
87 48
87 49
87 51
87 53
87 55
87 57
87 61
87 63
87 64
87 67
87 74
87 75
87 76
87 79
87 80
87 82
87 83
87 86
87 88
87 91
87 93
87 96
87 100
87 101
87 102
87 104
87 109
87 110
87 112
87 115
87 117
87 119
87 120
87 122
87 123
87 124
87 125
87 126
87 127
87 128
87 137
87 138
87 139
88 1
88 4
88 5
88 8
88 9
88 10
88 11
88 15
88 18
88 20
88 22
88 23
88 24
88 26
88 27
88 28
88 30
88 34
88 35
88 36
88 37
88 38
88 39
88 41
88 42
88 46
88 47
88 50
88 51
88 54
88 56
88 58
88 61
88 62
88 65
88 66
88 67
88 70
88 74
88 75
88 78
88 80
88 82
88 84
88 85
88 87
88 88
88 89
88 92
88 94
88 98
88 101
88 102
88 104
88 106
88 110
88 112
88 115
88 117
88 121
88 125
88 128
88 130
88 134
88 138
89 1
89 4
89 5
89 8
89 11
89 13
89 14
89 16
89 17
89 19
89 21
89 22
89 23
89 24
89 26
89 27
89 28
89 29
89 34
89 35
89 37
89 38
89 39
89 40
89 44
89 46
89 48
89 50
89 52
89 55
89 57
89 58
89 59
89 60
89 61
89 63
89 64
89 66
89 67
89 70
89 71
89 75
89 76
89 78
89 81
89 82
89 83
89 84
89 86
89 87
89 88
89 90
89 92
89 93
89 95
89 99
89 102
89 103
89 107
89 108
89 109
89 110
89 111
89 116
89 117
89 118
89 122
89 123
89 125
89 126
89 128
89 131
89 132
89 133
89 135
89 137
89 138
89 139
89 140
90 2
90 4
90 6
90 7
90 10
90 11
90 13
90 16
90 18
90 21
90 22
90 26
90 28
90 29
90 30
90 36
90 39
90 41
90 42
90 44
90 47
90 54
90 55
90 58
90 59
90 60
90 61
90 65
90 69
90 70
90 71
90 74
90 75
90 78
90 79
90 80
90 82
90 84
90 85
90 87
90 90
90 91
90 92
90 93
90 94
90 95
90 96
90 99
90 103
90 105
90 108
90 110
90 112
90 113
90 115
90 117
90 119
90 120
90 121
90 122
90 125
90 126
90 127
90 128
90 132
90 136
90 137
90 138
90 140
91 2
91 3
91 4
91 10
91 13
91 17
91 20
91 24
91 25
91 29
91 34
91 35
91 36
91 37
91 38
91 40
91 41
91 42
91 43
91 44
91 47
91 50
91 52
91 53
91 54
91 55
91 56
91 57
91 58
91 61
91 62
91 66
91 68
91 69
91 70
91 76
91 79
91 80
91 83
91 84
91 87
91 88
91 90
91 94
91 95
91 96
91 98
91 102
91 110
91 117
91 122
91 123
91 126
91 127
91 131
91 132
91 134
91 136
91 139
91 140
92 1
92 9
92 14
92 16
92 18
92 19
92 20
92 26
92 27
92 29
92 33
92 38
92 41
92 44
92 50
92 51
92 52
92 54
92 57
92 58
92 59
92 60
92 61
92 62
92 64
92 67
92 69
92 72
92 75
92 77
92 80
92 82
92 83
92 85
92 86
92 89
92 92
92 93
92 97
92 98
92 101
92 102
92 103
92 105
92 107
92 109
92 110
92 111
92 112
92 113
92 115
92 116
92 120
92 125
92 128
92 129
92 131
92 133
92 134
92 136
92 139
93 1
93 3
93 4
93 5
93 6
93 7
93 8
93 9
93 11
93 12
93 13
93 14
93 15
93 16
93 17
93 18
93 23
93 24
93 27
93 28
93 29
93 30
93 31
93 32
93 35
93 36
93 37
93 38
93 40
93 41
93 43
93 45
93 46
93 48
93 50
93 51
93 60
93 65
93 66
93 69
93 71
93 73
93 75
93 76
93 78
93 80
93 81
93 83
93 85
93 86
93 88
93 89
93 92
93 94
93 95
93 96
93 97
93 98
93 99
93 100
93 102
93 103
93 104
93 107
93 109
93 116
93 122
93 124
93 127
93 131
93 132
93 133
93 134
93 136
93 137
93 138
93 139
93 140
94 1
94 7
94 9
94 11
94 12
94 13
94 14
94 16
94 18
94 19
94 21
94 24
94 25
94 26
94 28
94 30
94 31
94 45
94 52
94 53
94 54
94 55
94 59
94 65
94 67
94 68
94 69
94 72
94 75
94 76
94 77
94 78
94 79
94 80
94 82
94 84
94 86
94 88
94 89
94 94
94 95
94 97
94 101
94 103
94 105
94 107
94 108
94 109
94 112
94 113
94 114
94 115
94 120
94 122
94 126
94 128
94 129
94 130
94 137
94 138
95 2
95 6
95 8
95 11
95 13
95 14
95 16
95 17
95 18
95 19
95 20
95 22
95 27
95 29
95 30
95 31
95 32
95 34
95 36
95 38
95 40
95 41
95 43
95 51
95 53
95 54
95 56
95 57
95 58
95 59
95 61
95 63
95 66
95 68
95 70
95 71
95 72
95 74
95 77
95 79
95 80
95 84
95 86
95 90
95 91
95 92
95 93
95 95
95 97
95 98
95 101
95 103
95 104
95 105
95 108
95 109
95 111
95 112
95 117
95 118
95 119
95 120
95 121
95 122
95 125
95 126
95 129
95 133
95 134
95 135
95 137
95 140
96 4
96 8
96 9
96 14
96 15
96 16
96 17
96 18
96 21
96 23
96 27
96 30
96 31
96 34
96 35
96 36
96 37
96 38
96 39
96 40
96 42
96 51
96 52
96 53
96 54
96 56
96 57
96 60
96 62
96 65
96 66
96 71
96 72
96 73
96 75
96 76
96 77
96 78
96 80
96 82
96 84
96 85
96 87
96 88
96 94
96 96
96 98
96 99
96 100
96 101
96 103
96 104
96 105
96 107
96 109
96 112
96 114
96 115
96 117
96 118
96 119
96 120
96 122
96 124
96 125
96 126
96 127
96 129
96 131
96 132
96 133
96 134
96 140
97 1
97 2
97 7
97 9
97 10
97 11
97 12
97 14
97 15
97 16
97 17
97 20
97 26
97 27
97 30
97 31
97 32
97 33
97 34
97 36
97 37
97 39
97 41
97 42
97 45
97 47
97 49
97 50
97 55
97 56
97 59
97 60
97 61
97 62
97 70
97 71
97 72
97 75
97 76
97 77
97 78
97 79
97 80
97 82
97 83
97 85
97 86
97 89
97 93
97 96
97 100
97 104
97 105
97 106
97 108
97 109
97 110
97 112
97 113
97 117
97 118
97 120
97 122
97 124
97 125
97 129
97 130
97 133
97 136
97 138
97 139
98 1
98 2
98 4
98 9
98 11
98 14
98 15
98 18
98 19
98 22
98 23
98 24
98 26
98 27
98 31
98 32
98 34
98 36
98 39
98 40
98 41
98 42
98 44
98 45
98 48
98 49
98 50
98 51
98 53
98 54
98 55
98 57
98 59
98 64
98 66
98 73
98 75
98 76
98 78
98 79
98 80
98 81
98 83
98 84
98 88
98 90
98 98
98 102
98 103
98 105
98 106
98 109
98 110
98 111
98 113
98 117
98 119
98 120
98 123
98 124
98 126
98 127
98 128
98 131
98 132
98 133
98 134
98 135
98 137
98 138
99 2
99 3
99 5
99 6
99 7
99 14
99 15
99 17
99 18
99 22
99 24
99 26
99 27
99 30
99 31
99 32
99 34
99 38
99 39
99 40
99 41
99 42
99 43
99 44
99 45
99 48
99 50
99 51
99 54
99 55
99 56
99 58
99 62
99 67
99 71
99 73
99 76
99 78
99 81
99 82
99 84
99 86
99 87
99 88
99 89
99 91
99 92
99 94
99 96
99 98
99 99
99 100
99 103
99 104
99 109
99 113
99 115
99 117
99 120
99 121
99 124
99 125
99 128
99 130
99 133
99 135
99 137
99 139
100 2
100 3
100 5
100 7
100 8
100 9
100 10
100 11
100 12
100 13
100 15
100 17
100 18
100 20
100 23
100 26
100 27
100 29
100 32
100 33
100 37
100 40
100 44
100 47
100 48
100 49
100 52
100 54
100 56
100 60
100 61
100 63
100 64
100 65
100 66
100 67
100 69
100 71
100 72
100 75
100 81
100 82
100 84
100 89
100 90
100 93
100 98
100 102
100 104
100 106
100 107
100 108
100 110
100 115
100 116
100 118
100 123
100 127
100 131
100 134
100 136
100 137
100 139
100 140
101 1
101 2
101 6
101 7
101 8
101 9
101 12
101 13
101 16
101 17
101 18
101 20
101 23
101 24
101 25
101 26
101 28
101 32
101 33
101 36
101 39
101 42
101 43
101 44
101 45
101 47
101 49
101 50
101 53
101 54
101 56
101 57
101 58
101 60
101 61
101 63
101 64
101 65
101 67
101 68
101 69
101 70
101 71
101 73
101 76
101 78
101 80
101 81
101 84
101 88
101 90
101 94
101 96
101 97
101 99
101 102
101 104
101 106
101 108
101 109
101 110
101 111
101 112
101 113
101 114
101 115
101 116
101 118
101 119
101 120
101 121
101 123
101 126
101 127
101 128
101 129
101 131
101 132
101 136
102 2
102 3
102 5
102 7
102 9
102 14
102 16
102 18
102 20
102 22
102 23
102 25
102 31
102 32
102 33
102 34
102 35
102 38
102 40
102 41
102 44
102 45
102 47
102 53
102 54
102 57
102 59
102 60
102 62
102 63
102 65
102 67
102 69
102 70
102 72
102 76
102 78
102 81
102 83
102 84
102 86
102 87
102 88
102 89
102 90
102 91
102 93
102 96
102 97
102 100
102 104
102 109
102 110
102 113
102 118
102 119
102 125
102 127
102 129
102 130
102 131
102 138
102 140
103 3
103 6
103 8
103 9
103 10
103 11
103 12
103 13
103 14
103 17
103 19
103 20
103 21
103 22
103 25
103 27
103 28
103 29
103 31
103 33
103 34
103 36
103 42
103 43
103 44
103 48
103 49
103 50
103 51
103 53
103 56
103 57
103 58
103 59
103 69
103 71
103 73
103 77
103 79
103 82
103 83
103 84
103 87
103 88
103 91
103 93
103 95
103 97
103 99
103 100
103 102
103 104
103 106
103 107
103 112
103 113
103 114
103 115
103 117
103 118
103 119
103 120
103 121
103 122
103 124
103 125
103 126
103 128
103 129
103 131
103 134
103 136
103 137
103 138
103 139
104 5
104 6
104 8
104 10
104 11
104 12
104 14
104 15
104 16
104 17
104 19
104 21
104 24
104 25
104 26
104 27
104 28
104 30
104 32
104 34
104 40
104 41
104 42
104 43
104 44
104 47
104 48
104 50
104 51
104 52
104 53
104 54
104 59
104 60
104 62
104 64
104 66
104 68
104 70
104 71
104 72
104 74
104 75
104 76
104 79
104 81
104 86
104 87
104 88
104 89
104 90
104 94
104 95
104 96
104 98
104 104
104 106
104 111
104 114
104 117
104 118
104 121
104 122
104 123
104 125
104 126
104 127
104 128
104 129
104 132
104 136
104 137
104 138
105 1
105 3
105 4
105 5
105 11
105 12
105 13
105 14
105 16
105 19
105 21
105 24
105 28
105 30
105 31
105 32
105 34
105 37
105 38
105 39
105 40
105 42
105 43
105 46
105 47
105 48
105 49
105 50
105 54
105 55
105 56
105 57
105 59
105 60
105 61
105 62
105 63
105 64
105 66
105 68
105 69
105 72
105 73
105 75
105 76
105 77
105 78
105 85
105 87
105 88
105 89
105 92
105 94
105 96
105 99
105 101
105 102
105 105
105 109
105 110
105 112
105 114
105 119
105 120
105 121
105 124
105 125
105 128
105 131
105 133
105 134
105 137
106 1
106 6
106 8
106 10
106 11
106 12
106 13
106 16
106 19
106 20
106 21
106 22
106 23
106 25
106 26
106 27
106 29
106 30
106 31
106 32
106 33
106 34
106 36
106 38
106 40
106 41
106 42
106 43
106 44
106 45
106 46
106 52
106 54
106 55
106 58
106 61
106 66
106 70
106 71
106 74
106 75
106 76
106 78
106 79
106 83
106 84
106 85
106 87
106 91
106 92
106 93
106 95
106 96
106 98
106 99
106 101
106 102
106 108
106 111
106 112
106 113
106 114
106 115
106 116
106 117
106 119
106 120
106 121
106 122
106 123
106 127
106 129
106 131
106 132
106 133
106 136
106 140
107 1
107 2
107 8
107 13
107 14
107 17
107 20
107 21
107 23
107 24
107 26
107 28
107 30
107 31
107 36
107 37
107 40
107 43
107 45
107 46
107 47
107 48
107 49
107 50
107 53
107 55
107 62
107 63
107 65
107 67
107 69
107 70
107 74
107 75
107 76
107 78
107 82
107 83
107 84
107 86
107 87
107 89
107 91
107 93
107 100
107 102
107 105
107 106
107 107
107 108
107 113
107 114
107 116
107 119
107 120
107 122
107 124
107 125
107 127
107 128
107 129
107 133
107 134
107 135
107 137
107 139
107 140
108 2
108 7
108 9
108 11
108 14
108 15
108 16
108 18
108 19
108 23
108 24
108 26
108 30
108 31
108 32
108 33
108 35
108 36
108 37
108 41
108 44
108 46
108 47
108 48
108 51
108 53
108 54
108 58
108 59
108 60
108 62
108 63
108 64
108 66
108 68
108 73
108 77
108 81
108 82
108 83
108 84
108 86
108 87
108 91
108 92
108 96
108 97
108 98
108 101
108 102
108 104
108 105
108 106
108 111
108 112
108 113
108 116
108 121
108 122
108 125
108 126
108 127
108 128
108 129
108 130
108 131
108 133
108 136
109 3
109 7
109 8
109 11
109 13
109 15
109 16
109 19
109 20
109 22
109 24
109 27
109 28
109 30
109 31
109 32
109 34
109 35
109 36
109 37
109 38
109 39
109 40
109 41
109 43
109 44
109 49
109 50
109 52
109 53
109 54
109 55
109 58
109 62
109 64
109 65
109 66
109 67
109 68
109 69
109 72
109 73
109 74
109 75
109 79
109 80
109 81
109 83
109 84
109 87
109 93
109 95
109 97
109 100
109 101
109 102
109 104
109 109
109 110
109 112
109 113
109 114
109 116
109 117
109 118
109 119
109 120
109 124
109 125
109 126
109 127
109 128
109 129
109 130
109 133
109 137
109 138
109 139
109 140
110 1
110 2
110 3
110 6
110 7
110 8
110 9
110 10
110 11
110 16
110 21
110 22
110 23
110 25
110 26
110 28
110 29
110 30
110 31
110 34
110 36
110 38
110 39
110 40
110 41
110 43
110 46
110 47
110 48
110 51
110 54
110 57
110 58
110 60
110 62
110 63
110 64
110 70
110 71
110 77
110 79
110 80
110 81
110 82
110 83
110 86
110 87
110 88
110 89
110 90
110 93
110 94
110 96
110 97
110 98
110 99
110 100
110 103
110 105
110 106
110 107
110 108
110 111
110 113
110 114
110 115
110 116
110 117
110 119
110 122
110 125
110 127
110 130
110 131
110 132
110 133
110 137
110 140
111 2
111 3
111 4
111 5
111 6
111 9
111 11
111 12
111 13
111 15
111 21
111 23
111 24
111 26
111 28
111 30
111 31
111 33
111 34
111 35
111 36
111 39
111 40
111 43
111 44
111 45
111 46
111 47
111 49
111 51
111 52
111 55
111 56
111 61
111 62
111 63
111 66
111 67
111 72
111 73
111 76
111 77
111 78
111 80
111 83
111 87
111 89
111 92
111 93
111 94
111 98
111 99
111 100
111 101
111 102
111 103
111 104
111 106
111 107
111 114
111 115
111 117
111 118
111 119
111 122
111 123
111 126
111 127
111 129
111 130
111 132
111 134
111 135
111 136
112 6
112 8
112 11
112 14
112 15
112 17
112 20
112 21
112 24
112 26
112 31
112 32
112 33
112 34
112 35
112 36
112 37
112 38
112 39
112 40
112 41
112 43
112 48
112 49
112 52
112 53
112 55
112 58
112 61
112 62
112 63
112 66
112 71
112 72
112 73
112 74
112 75
112 76
112 77
112 82
112 83
112 84
112 87
112 88
112 92
112 97
112 99
112 100
112 101
112 103
112 107
112 108
112 109
112 110
112 111
112 112
112 113
112 116
112 117
112 118
112 121
112 123
112 124
112 126
112 127
112 129
112 131
112 133
112 137
112 138
113 1
113 2
113 9
113 10
113 13
113 14
113 18
113 19
113 23
113 25
113 26
113 28
113 31
113 35
113 36
113 38
113 39
113 40
113 42
113 43
113 44
113 45
113 46
113 47
113 48
113 49
113 51
113 52
113 53
113 54
113 56
113 59
113 60
113 62
113 66
113 67
113 68
113 69
113 70
113 71
113 76
113 78
113 79
113 81
113 82
113 84
113 90
113 91
113 92
113 97
113 98
113 100
113 102
113 104
113 106
113 109
113 113
113 114
113 119
113 122
113 123
113 125
113 127
113 129
113 130
113 131
113 132
113 134
113 135
113 137
113 139
114 1
114 4
114 5
114 7
114 8
114 9
114 10
114 11
114 12
114 15
114 20
114 21
114 22
114 26
114 27
114 28
114 29
114 32
114 33
114 34
114 35
114 36
114 39
114 40
114 41
114 42
114 47
114 48
114 51
114 52
114 55
114 56
114 58
114 59
114 60
114 64
114 65
114 71
114 73
114 74
114 76
114 77
114 78
114 81
114 83
114 84
114 86
114 90
114 95
114 97
114 99
114 100
114 101
114 102
114 105
114 106
114 107
114 108
114 113
114 116
114 118
114 119
114 120
114 122
114 126
114 128
114 130
114 133
114 134
114 137
114 139
114 140
115 3
115 4
115 6
115 8
115 9
115 10
115 12
115 14
115 15
115 16
115 17
115 19
115 22
115 24
115 26
115 27
115 28
115 30
115 32
115 35
115 36
115 38
115 41
115 42
115 43
115 47
115 50
115 52
115 53
115 55
115 56
115 57
115 61
115 63
115 68
115 69
115 75
115 80
115 81
115 83
115 85
115 86
115 87
115 88
115 90
115 93
115 94
115 98
115 99
115 101
115 103
115 105
115 106
115 107
115 109
115 111
115 112
115 113
115 115
115 118
115 119
115 123
115 124
115 125
115 127
115 129
115 130
115 131
115 133
115 134
115 135
115 136
115 137
116 1
116 4
116 5
116 6
116 7
116 8
116 10
116 12
116 14
116 19
116 22
116 23
116 31
116 32
116 35
116 40
116 42
116 44
116 45
116 48
116 51
116 54
116 55
116 56
116 57
116 58
116 59
116 61
116 62
116 63
116 64
116 65
116 66
116 69
116 70
116 71
116 72
116 74
116 75
116 77
116 78
116 79
116 81
116 82
116 83
116 85
116 87
116 93
116 95
116 98
116 99
116 103
116 105
116 108
116 111
116 112
116 113
116 114
116 115
116 116
116 117
116 118
116 119
116 122
116 123
116 126
116 127
116 128
116 129
116 130
116 131
116 133
116 135
116 136
116 140
117 1
117 2
117 4
117 5
117 6
117 9
117 10
117 11
117 12
117 14
117 17
117 18
117 21
117 22
117 23
117 25
117 26
117 27
117 29
117 30
117 37
117 39
117 40
117 41
117 42
117 44
117 45
117 47
117 49
117 52
117 56
117 57
117 60
117 63
117 66
117 67
117 69
117 70
117 71
117 75
117 81
117 82
117 83
117 85
117 86
117 89
117 91
117 92
117 93
117 96
117 98
117 101
117 102
117 103
117 104
117 105
117 106
117 107
117 108
117 110
117 111
117 112
117 114
117 115
117 116
117 118
117 120
117 122
117 123
117 126
117 127
117 128
117 129
117 133
117 135
117 136
117 137
117 138
118 5
118 6
118 8
118 9
118 10
118 11
118 12
118 17
118 20
118 21
118 23
118 24
118 26
118 28
118 29
118 30
118 31
118 32
118 35
118 39
118 41
118 42
118 43
118 44
118 45
118 47
118 48
118 50
118 51
118 57
118 59
118 61
118 67
118 68
118 69
118 70
118 71
118 73
118 74
118 75
118 76
118 78
118 79
118 82
118 83
118 85
118 88
118 90
118 91
118 93
118 94
118 95
118 96
118 97
118 98
118 99
118 104
118 105
118 108
118 112
118 113
118 114
118 116
118 118
118 121
118 124
118 125
118 127
118 128
118 129
118 130
118 131
118 132
118 135
118 137
118 138
118 139
119 1
119 5
119 7
119 8
119 9
119 11
119 13
119 15
119 18
119 23
119 27
119 31
119 33
119 35
119 38
119 42
119 43
119 51
119 52
119 55
119 59
119 64
119 65
119 66
119 69
119 73
119 75
119 77
119 78
119 80
119 81
119 83
119 85
119 86
119 87
119 91
119 93
119 94
119 95
119 97
119 98
119 101
119 107
119 113
119 115
119 116
119 121
119 123
119 124
119 129
119 136
119 137
119 138
120 1
120 2
120 3
120 5
120 7
120 8
120 10
120 11
120 15
120 16
120 17
120 18
120 19
120 22
120 25
120 28
120 31
120 38
120 39
120 40
120 43
120 44
120 47
120 48
120 50
120 52
120 53
120 54
120 55
120 57
120 60
120 63
120 64
120 65
120 67
120 71
120 72
120 73
120 75
120 76
120 77
120 79
120 83
120 87
120 89
120 90
120 95
120 96
120 97
120 99
120 104
120 105
120 106
120 107
120 108
120 112
120 113
120 114
120 115
120 116
120 118
120 119
120 123
120 124
120 125
120 126
120 127
120 129
120 134
120 138
120 139
121 1
121 2
121 3
121 4
121 5
121 7
121 9
121 10
121 12
121 14
121 15
121 18
121 19
121 21
121 22
121 23
121 24
121 25
121 27
121 28
121 29
121 30
121 32
121 33
121 34
121 36
121 37
121 39
121 43
121 45
121 49
121 50
121 51
121 53
121 54
121 55
121 56
121 58
121 59
121 63
121 64
121 65
121 67
121 68
121 74
121 75
121 76
121 77
121 80
121 81
121 84
121 85
121 86
121 87
121 89
121 92
121 93
121 95
121 99
121 101
121 102
121 104
121 105
121 109
121 110
121 111
121 112
121 114
121 115
121 117
121 118
121 119
121 124
121 127
121 130
121 135
121 138
121 139
122 1
122 3
122 5
122 8
122 9
122 13
122 14
122 17
122 19
122 20
122 24
122 25
122 27
122 28
122 29
122 30
122 31
122 32
122 36
122 38
122 39
122 40
122 45
122 47
122 49
122 54
122 56
122 57
122 61
122 62
122 65
122 67
122 68
122 69
122 70
122 72
122 74
122 75
122 81
122 82
122 84
122 91
122 92
122 93
122 94
122 97
122 100
122 101
122 107
122 109
122 110
122 111
122 112
122 113
122 116
122 119
122 122
122 128
122 135
122 136
122 137
122 139
123 4
123 6
123 11
123 13
123 15
123 20
123 21
123 22
123 24
123 25
123 26
123 28
123 29
123 31
123 33
123 35
123 36
123 37
123 39
123 43
123 46
123 49
123 50
123 55
123 59
123 64
123 72
123 73
123 76
123 77
123 78
123 79
123 80
123 81
123 83
123 87
123 89
123 90
123 91
123 92
123 94
123 95
123 96
123 97
123 98
123 104
123 105
123 106
123 107
123 111
123 112
123 113
123 115
123 116
123 119
123 125
123 133
123 134
123 135
123 136
123 137
123 139
124 2
124 3
124 4
124 6
124 8
124 9
124 11
124 12
124 13
124 14
124 16
124 19
124 20
124 23
124 26
124 28
124 29
124 33
124 34
124 38
124 40
124 44
124 45
124 48
124 49
124 51
124 52
124 54
124 55
124 56
124 58
124 63
124 64
124 66
124 68
124 70
124 71
124 72
124 74
124 76
124 78
124 79
124 80
124 81
124 87
124 89
124 90
124 91
124 92
124 94
124 95
124 98
124 100
124 102
124 103
124 105
124 109
124 110
124 115
124 117
124 119
124 120
124 122
124 123
124 124
124 125
124 129
124 130
124 133
124 134
124 137
124 139
125 5
125 6
125 8
125 11
125 12
125 13
125 17
125 19
125 23
125 25
125 27
125 28
125 29
125 30
125 31
125 33
125 36
125 37
125 38
125 39
125 41
125 42
125 45
125 47
125 48
125 49
125 52
125 55
125 56
125 57
125 59
125 60
125 62
125 67
125 68
125 74
125 75
125 76
125 77
125 79
125 81
125 82
125 83
125 87
125 88
125 89
125 92
125 93
125 95
125 96
125 99
125 100
125 103
125 106
125 108
125 111
125 112
125 114
125 115
125 117
125 119
125 120
125 124
125 126
125 127
125 129
125 130
125 131
125 132
125 134
125 135
125 136
125 137
125 138
126 2
126 4
126 5
126 6
126 8
126 9
126 11
126 12
126 14
126 15
126 16
126 17
126 19
126 20
126 22
126 23
126 26
126 28
126 29
126 31
126 32
126 37
126 38
126 40
126 42
126 44
126 48
126 49
126 50
126 51
126 55
126 56
126 64
126 65
126 66
126 68
126 74
126 75
126 76
126 78
126 79
126 80
126 81
126 83
126 86
126 87
126 88
126 93
126 98
126 101
126 108
126 110
126 112
126 116
126 119
126 120
126 122
126 123
126 124
126 125
126 126
126 127
126 129
126 132
126 133
126 134
126 135
126 136
126 137
126 140
127 1
127 2
127 7
127 8
127 9
127 12
127 14
127 15
127 16
127 20
127 22
127 23
127 24
127 25
127 33
127 34
127 36
127 37
127 39
127 42
127 44
127 45
127 46
127 49
127 50
127 51
127 54
127 58
127 64
127 67
127 69
127 70
127 71
127 78
127 79
127 82
127 85
127 87
127 88
127 89
127 91
127 92
127 95
127 97
127 100
127 101
127 106
127 107
127 109
127 110
127 111
127 113
127 115
127 117
127 120
127 122
127 123
127 124
127 125
127 126
127 127
127 128
127 129
127 130
127 131
127 132
127 133
127 135
127 136
127 137
127 138
127 140
128 2
128 3
128 5
128 7
128 10
128 11
128 12
128 13
128 14
128 15
128 16
128 18
128 22
128 23
128 26
128 27
128 29
128 31
128 35
128 36
128 37
128 38
128 39
128 42
128 47
128 48
128 49
128 51
128 53
128 54
128 56
128 61
128 62
128 66
128 69
128 70
128 71
128 73
128 74
128 75
128 76
128 77
128 78
128 81
128 82
128 83
128 84
128 85
128 87
128 88
128 89
128 90
128 92
128 93
128 94
128 95
128 98
128 101
128 102
128 107
128 108
128 109
128 111
128 112
128 119
128 120
128 124
128 126
128 127
128 131
128 133
128 138
128 139
128 140
129 1
129 2
129 3
129 5
129 6
129 9
129 16
129 19
129 20
129 22
129 24
129 28
129 29
129 30
129 31
129 32
129 33
129 36
129 39
129 40
129 42
129 43
129 44
129 47
129 48
129 50
129 51
129 52
129 53
129 55
129 57
129 59
129 60
129 66
129 67
129 69
129 70
129 72
129 73
129 74
129 77
129 78
129 81
129 84
129 85
129 86
129 88
129 90
129 93
129 94
129 96
129 97
129 98
129 99
129 100
129 101
129 102
129 103
129 110
129 111
129 112
129 113
129 114
129 115
129 121
129 124
129 128
129 133
129 134
129 135
129 136
129 137
129 140
130 1
130 2
130 3
130 4
130 5
130 6
130 7
130 9
130 14
130 15
130 19
130 20
130 22
130 24
130 28
130 31
130 32
130 34
130 37
130 39
130 40
130 43
130 46
130 49
130 50
130 54
130 60
130 62
130 63
130 64
130 68
130 70
130 71
130 72
130 73
130 74
130 76
130 78
130 79
130 80
130 81
130 82
130 83
130 84
130 85
130 90
130 91
130 92
130 93
130 94
130 95
130 96
130 97
130 98
130 100
130 102
130 103
130 104
130 105
130 106
130 107
130 109
130 111
130 114
130 116
130 117
130 118
130 119
130 120
130 121
130 124
130 125
130 128
130 129
130 130
130 132
130 133
130 134
130 135
130 136
130 138
130 139
131 2
131 5
131 6
131 8
131 9
131 12
131 14
131 15
131 17
131 18
131 20
131 21
131 25
131 27
131 28
131 33
131 35
131 36
131 37
131 38
131 43
131 44
131 46
131 48
131 51
131 53
131 54
131 55
131 56
131 57
131 59
131 60
131 65
131 66
131 68
131 69
131 70
131 71
131 73
131 74
131 76
131 77
131 79
131 80
131 83
131 84
131 87
131 89
131 92
131 94
131 96
131 99
131 101
131 103
131 105
131 106
131 108
131 113
131 114
131 115
131 116
131 118
131 122
131 123
131 127
131 128
131 131
131 132
131 135
131 136
131 139
132 2
132 3
132 5
132 6
132 9
132 10
132 13
132 14
132 15
132 17
132 18
132 23
132 24
132 27
132 29
132 30
132 31
132 32
132 33
132 34
132 36
132 39
132 40
132 42
132 44
132 46
132 47
132 48
132 49
132 50
132 53
132 54
132 55
132 56
132 59
132 60
132 63
132 64
132 65
132 66
132 67
132 71
132 72
132 73
132 77
132 78
132 80
132 83
132 84
132 86
132 93
132 94
132 95
132 97
132 104
132 108
132 110
132 111
132 112
132 113
132 116
132 117
132 118
132 120
132 121
132 123
132 124
132 125
132 127
132 128
132 130
132 131
132 132
132 133
132 135
132 136
132 140
133 1
133 3
133 5
133 7
133 9
133 11
133 12
133 17
133 21
133 24
133 26
133 27
133 29
133 30
133 32
133 33
133 34
133 36
133 38
133 40
133 43
133 44
133 45
133 47
133 48
133 49
133 53
133 57
133 58
133 60
133 61
133 62
133 63
133 64
133 65
133 66
133 67
133 68
133 69
133 72
133 75
133 78
133 83
133 85
133 88
133 89
133 90
133 92
133 93
133 96
133 97
133 99
133 103
133 104
133 111
133 113
133 114
133 115
133 117
133 119
133 121
133 122
133 127
133 129
133 130
133 132
133 133
133 137
133 139
133 140
134 5
134 8
134 9
134 10
134 11
134 12
134 18
134 20
134 21
134 22
134 24
134 25
134 28
134 29
134 33
134 35
134 36
134 37
134 38
134 40
134 42
134 45
134 46
134 48
134 49
134 50
134 51
134 53
134 54
134 56
134 61
134 64
134 69
134 71
134 72
134 74
134 75
134 76
134 78
134 79
134 84
134 88
134 90
134 92
134 93
134 94
134 95
134 97
134 98
134 100
134 101
134 106
134 107
134 112
134 114
134 117
134 119
134 127
134 128
134 129
134 130
134 131
134 132
134 133
134 134
134 135
134 136
134 137
134 138
134 140
135 2
135 8
135 10
135 14
135 17
135 18
135 19
135 21
135 23
135 25
135 26
135 27
135 30
135 32
135 35
135 39
135 43
135 44
135 46
135 47
135 48
135 49
135 50
135 51
135 52
135 55
135 56
135 57
135 58
135 60
135 61
135 63
135 64
135 65
135 68
135 70
135 71
135 72
135 74
135 75
135 76
135 77
135 79
135 80
135 81
135 82
135 86
135 87
135 88
135 90
135 91
135 92
135 93
135 94
135 98
135 99
135 100
135 107
135 108
135 118
135 121
135 124
135 125
135 126
135 127
135 130
135 131
135 132
135 136
135 137
135 138
135 140
136 2
136 4
136 5
136 8
136 10
136 12
136 13
136 14
136 16
136 17
136 18
136 19
136 22
136 24
136 26
136 27
136 29
136 30
136 31
136 33
136 34
136 35
136 36
136 38
136 40
136 44
136 48
136 52
136 54
136 57
136 58
136 61
136 64
136 65
136 66
136 68
136 72
136 73
136 76
136 83
136 93
136 96
136 97
136 98
136 99
136 100
136 102
136 104
136 107
136 109
136 112
136 113
136 114
136 116
136 117
136 118
136 119
136 121
136 123
136 125
136 127
136 128
136 131
136 133
136 134
136 135
136 137
136 140
137 3
137 5
137 6
137 8
137 10
137 12
137 14
137 18
137 21
137 26
137 28
137 30
137 31
137 33
137 34
137 35
137 37
137 41
137 42
137 43
137 44
137 49
137 51
137 54
137 58
137 60
137 61
137 62
137 64
137 65
137 66
137 67
137 68
137 71
137 76
137 78
137 80
137 81
137 82
137 83
137 84
137 86
137 87
137 90
137 91
137 95
137 97
137 98
137 99
137 102
137 103
137 104
137 106
137 108
137 109
137 110
137 111
137 112
137 113
137 115
137 122
137 123
137 125
137 128
137 130
137 132
137 134
137 136
137 137
137 139
137 140
138 1
138 2
138 4
138 5
138 7
138 8
138 12
138 13
138 14
138 17
138 18
138 20
138 21
138 23
138 26
138 27
138 29
138 30
138 31
138 32
138 35
138 36
138 39
138 42
138 47
138 48
138 49
138 51
138 52
138 53
138 56
138 57
138 58
138 59
138 60
138 65
138 66
138 67
138 69
138 72
138 74
138 75
138 76
138 78
138 80
138 83
138 86
138 88
138 90
138 96
138 97
138 101
138 102
138 104
138 105
138 107
138 109
138 112
138 114
138 115
138 116
138 117
138 120
138 121
138 122
138 124
138 125
138 131
138 133
138 134
138 138
138 140
139 3
139 5
139 9
139 11
139 14
139 16
139 18
139 20
139 21
139 22
139 26
139 27
139 28
139 30
139 31
139 35
139 36
139 37
139 39
139 41
139 42
139 44
139 45
139 46
139 48
139 51
139 52
139 53
139 59
139 60
139 63
139 65
139 67
139 69
139 73
139 74
139 75
139 78
139 83
139 84
139 90
139 91
139 92
139 96
139 98
139 99
139 101
139 103
139 104
139 105
139 108
139 110
139 112
139 113
139 115
139 118
139 119
139 121
139 122
139 123
139 129
139 132
139 134
139 138
139 140
140 4
140 6
140 8
140 12
140 13
140 16
140 20
140 23
140 24
140 27
140 28
140 30
140 31
140 33
140 36
140 40
140 45
140 46
140 47
140 50
140 51
140 56
140 58
140 60
140 62
140 63
140 65
140 67
140 74
140 78
140 79
140 81
140 83
140 84
140 85
140 86
140 87
140 88
140 89
140 90
140 92
140 93
140 97
140 99
140 100
140 101
140 103
140 107
140 109
140 110
140 111
140 112
140 113
140 114
140 116
140 117
140 118
140 122
140 128
140 129
140 130
140 132
140 134
140 138
140 139
140 140
