60 60 1817 11
1 2
1 3
1 5
1 6
1 7
1 10
1 13
1 15
1 19
1 24
1 27
1 29
1 30
1 31
1 32
1 33
1 35
1 39
1 40
1 42
1 43
1 48
1 51
1 52
1 53
1 57
1 60
2 2
2 4
2 5
2 8
2 9
2 10
2 11
2 13
2 14
2 17
2 20
2 24
2 28
2 29
2 31
2 32
2 33
2 35
2 38
2 39
2 40
2 41
2 42
2 45
2 52
2 53
2 54
2 55
2 56
2 58
2 59
3 3
3 7
3 10
3 12
3 13
3 16
3 20
3 22
3 23
3 25
3 29
3 30
3 32
3 35
3 36
3 39
3 40
3 42
3 45
3 46
3 55
3 57
3 58
3 59
4 1
4 2
4 5
4 6
4 9
4 10
4 12
4 18
4 22
4 23
4 25
4 26
4 27
4 31
4 33
4 37
4 38
4 39
4 40
4 42
4 45
4 46
4 47
4 51
4 54
4 56
4 58
4 59
4 60
5 1
5 2
5 3
5 6
5 9
5 10
5 15
5 16
5 19
5 20
5 22
5 23
5 24
5 28
5 30
5 31
5 32
5 35
5 36
5 37
5 38
5 40
5 41
5 46
5 49
5 50
5 52
5 56
5 58
5 59
6 1
6 2
6 3
6 4
6 6
6 8
6 9
6 13
6 14
6 15
6 16
6 17
6 18
6 22
6 26
6 27
6 28
6 34
6 36
6 37
6 41
6 43
6 44
6 47
6 48
6 54
6 58
6 59
7 3
7 4
7 5
7 10
7 12
7 13
7 14
7 18
7 19
7 21
7 22
7 24
7 25
7 26
7 27
7 28
7 29
7 32
7 35
7 36
7 37
7 38
7 44
7 46
7 48
7 52
7 53
7 56
7 58
7 60
8 3
8 5
8 6
8 7
8 10
8 12
8 14
8 16
8 17
8 19
8 20
8 21
8 22
8 24
8 25
8 28
8 30
8 31
8 33
8 34
8 35
8 37
8 43
8 45
8 47
8 48
8 49
8 50
8 51
8 52
8 53
8 55
8 57
8 58
8 60
9 1
9 4
9 5
9 6
9 7
9 9
9 11
9 12
9 15
9 16
9 18
9 19
9 21
9 23
9 24
9 25
9 27
9 29
9 31
9 32
9 35
9 36
9 41
9 42
9 43
9 44
9 48
9 49
9 51
9 54
9 55
9 56
9 57
9 58
9 60
10 1
10 6
10 7
10 8
10 13
10 14
10 15
10 16
10 17
10 24
10 26
10 28
10 29
10 31
10 35
10 37
10 39
10 40
10 42
10 43
10 45
10 48
10 49
10 50
10 51
10 53
10 54
10 55
10 56
10 58
10 60
11 2
11 6
11 10
11 11
11 13
11 14
11 16
11 18
11 22
11 23
11 25
11 26
11 28
11 29
11 30
11 32
11 33
11 35
11 36
11 37
11 38
11 41
11 43
11 44
11 47
11 50
11 54
11 55
11 58
11 59
11 60
12 2
12 4
12 6
12 7
12 9
12 12
12 15
12 16
12 19
12 22
12 23
12 25
12 26
12 27
12 28
12 29
12 30
12 33
12 35
12 36
12 38
12 39
12 41
12 42
12 52
12 53
12 57
12 60
13 1
13 4
13 6
13 12
13 13
13 15
13 16
13 18
13 19
13 22
13 23
13 24
13 25
13 26
13 28
13 30
13 31
13 36
13 37
13 39
13 42
13 43
13 44
13 46
13 48
13 49
13 50
13 52
13 56
13 59
14 1
14 2
14 8
14 14
14 16
14 19
14 20
14 22
14 23
14 27
14 31
14 32
14 36
14 38
14 40
14 42
14 43
14 45
14 46
14 48
14 53
14 54
14 58
14 59
15 3
15 4
15 5
15 8
15 11
15 12
15 13
15 15
15 16
15 21
15 25
15 27
15 30
15 34
15 36
15 38
15 42
15 44
15 45
15 50
15 51
15 52
15 54
15 58
15 59
16 4
16 5
16 8
16 9
16 10
16 11
16 12
16 13
16 14
16 17
16 19
16 20
16 23
16 24
16 27
16 29
16 33
16 34
16 40
16 41
16 42
16 43
16 44
16 45
16 46
16 49
16 52
16 55
16 56
16 59
17 2
17 3
17 4
17 11
17 12
17 13
17 14
17 17
17 23
17 24
17 27
17 28
17 29
17 31
17 32
17 36
17 38
17 40
17 41
17 48
17 49
17 51
17 52
17 53
17 55
17 57
17 59
18 1
18 2
18 7
18 9
18 10
18 11
18 12
18 13
18 14
18 15
18 18
18 20
18 22
18 24
18 26
18 30
18 33
18 35
18 36
18 37
18 40
18 42
18 44
18 46
18 48
18 49
18 53
18 54
18 56
18 58
18 59
19 1
19 2
19 8
19 9
19 10
19 11
19 12
19 13
19 15
19 16
19 18
19 21
19 23
19 24
19 25
19 29
19 32
19 33
19 34
19 37
19 38
19 39
19 40
19 42
19 43
19 45
19 46
19 48
19 49
19 50
19 51
19 52
19 56
19 58
19 59
20 3
20 7
20 11
20 14
20 18
20 19
20 20
20 22
20 24
20 25
20 26
20 27
20 28
20 31
20 34
20 36
20 39
20 40
20 41
20 44
20 46
20 47
20 48
20 50
20 53
20 56
20 59
21 1
21 2
21 4
21 6
21 7
21 13
21 15
21 16
21 17
21 18
21 19
21 20
21 21
21 22
21 23
21 24
21 25
21 26
21 30
21 31
21 34
21 35
21 36
21 42
21 43
21 44
21 45
21 47
21 57
21 58
21 60
22 3
22 5
22 8
22 10
22 12
22 14
22 15
22 16
22 18
22 19
22 20
22 21
22 22
22 24
22 28
22 29
22 30
22 33
22 35
22 37
22 38
22 42
22 45
22 48
22 49
22 50
22 52
22 54
22 58
23 3
23 4
23 6
23 8
23 9
23 10
23 12
23 13
23 14
23 17
23 18
23 19
23 23
23 24
23 26
23 27
23 29
23 33
23 34
23 35
23 36
23 37
23 40
23 41
23 42
23 44
23 45
23 47
23 49
23 50
23 51
23 52
23 54
23 58
23 59
23 60
24 3
24 4
24 7
24 10
24 12
24 13
24 14
24 15
24 18
24 20
24 21
24 22
24 23
24 24
24 25
24 26
24 29
24 34
24 36
24 37
24 39
24 40
24 41
24 44
24 46
24 48
24 52
24 54
24 56
24 58
24 59
24 60
25 2
25 4
25 6
25 7
25 11
25 15
25 23
25 25
25 29
25 31
25 32
25 33
25 34
25 36
25 37
25 39
25 43
25 46
25 47
25 48
25 50
25 51
25 52
25 53
25 55
25 56
25 57
26 2
26 3
26 6
26 7
26 8
26 9
26 10
26 11
26 12
26 14
26 16
26 17
26 19
26 20
26 21
26 22
26 23
26 24
26 25
26 28
26 30
26 31
26 32
26 35
26 36
26 37
26 38
26 40
26 43
26 44
26 49
26 50
26 51
26 52
26 53
26 54
26 57
26 58
26 59
27 2
27 3
27 7
27 9
27 12
27 13
27 14
27 16
27 18
27 19
27 20
27 21
27 22
27 23
27 25
27 29
27 31
27 33
27 34
27 38
27 41
27 43
27 45
27 48
27 51
27 52
27 55
27 57
27 60
28 2
28 3
28 4
28 5
28 7
28 9
28 12
28 14
28 15
28 18
28 19
28 22
28 23
28 25
28 26
28 28
28 29
28 30
28 31
28 33
28 35
28 36
28 37
28 40
28 43
28 44
28 47
28 52
28 53
28 54
28 55
28 56
28 58
28 59
29 1
29 5
29 6
29 8
29 9
29 11
29 14
29 19
29 20
29 25
29 27
29 28
29 31
29 35
29 36
29 38
29 41
29 42
29 43
29 46
29 47
29 48
29 50
29 52
29 55
29 56
29 57
29 58
29 59
29 60
30 1
30 2
30 5
30 6
30 12
30 15
30 16
30 17
30 18
30 26
30 30
30 32
30 33
30 34
30 39
30 40
30 42
30 43
30 46
30 51
30 52
30 54
30 57
30 58
30 59
30 60
31 1
31 6
31 8
31 9
31 10
31 11
31 12
31 13
31 14
31 15
31 16
31 17
31 22
31 26
31 27
31 28
31 30
31 31
31 32
31 35
31 36
31 38
31 40
31 47
31 49
31 50
31 51
31 53
31 54
31 55
31 56
31 57
31 58
32 2
32 7
32 8
32 9
32 10
32 11
32 15
32 16
32 21
32 22
32 23
32 24
32 26
32 29
32 31
32 32
32 33
32 34
32 35
32 38
32 39
32 40
32 46
32 49
32 51
32 54
32 55
32 57
32 58
32 60
33 3
33 4
33 6
33 8
33 9
33 10
33 11
33 14
33 16
33 22
33 25
33 27
33 28
33 30
33 31
33 32
33 33
33 34
33 36
33 38
33 40
33 41
33 43
33 44
33 45
33 48
33 50
33 51
33 52
33 53
33 54
33 56
33 57
33 60
34 2
34 3
34 4
34 5
34 9
34 12
34 14
34 16
34 17
34 18
34 22
34 24
34 25
34 26
34 27
34 29
34 33
34 34
34 35
34 41
34 42
34 43
34 44
34 46
34 47
34 48
34 50
34 51
34 52
34 54
34 55
34 57
35 5
35 9
35 10
35 12
35 13
35 15
35 17
35 18
35 20
35 21
35 22
35 26
35 28
35 32
35 39
35 41
35 45
35 46
35 50
35 51
35 52
35 53
35 56
35 58
35 59
36 3
36 6
36 8
36 9
36 11
36 12
36 15
36 18
36 22
36 23
36 25
36 27
36 28
36 29
36 33
36 34
36 35
36 38
36 39
36 43
36 44
36 45
36 46
36 47
36 49
36 52
36 54
36 55
36 56
36 57
36 58
36 59
37 1
37 3
37 6
37 8
37 9
37 10
37 11
37 13
37 15
37 16
37 19
37 20
37 22
37 23
37 25
37 27
37 29
37 30
37 36
37 38
37 41
37 42
37 44
37 45
37 47
37 48
37 49
37 53
37 57
38 2
38 3
38 6
38 9
38 10
38 13
38 14
38 16
38 18
38 19
38 21
38 25
38 26
38 27
38 28
38 30
38 34
38 35
38 36
38 37
38 38
38 39
38 41
38 42
38 43
38 44
38 46
38 48
38 50
38 53
38 54
39 6
39 7
39 8
39 11
39 16
39 17
39 18
39 19
39 21
39 22
39 23
39 26
39 27
39 31
39 36
39 39
39 41
39 42
39 44
39 45
39 47
39 48
39 49
39 51
39 54
39 56
39 58
39 59
39 60
40 1
40 2
40 3
40 5
40 7
40 8
40 12
40 13
40 14
40 16
40 17
40 21
40 22
40 23
40 24
40 25
40 27
40 31
40 32
40 36
40 37
40 38
40 41
40 43
40 45
40 46
40 47
40 48
40 49
40 52
40 53
40 56
40 59
41 1
41 2
41 3
41 5
41 6
41 7
41 8
41 9
41 13
41 16
41 17
41 19
41 25
41 26
41 27
41 29
41 32
41 33
41 38
41 39
41 40
41 41
41 42
41 43
41 44
41 47
41 48
41 49
41 51
41 55
41 58
41 59
42 2
42 3
42 4
42 8
42 9
42 12
42 13
42 14
42 16
42 17
42 19
42 20
42 23
42 25
42 27
42 28
42 29
42 30
42 31
42 32
42 33
42 34
42 35
42 36
42 37
42 38
42 46
42 48
42 49
42 50
42 53
42 56
42 59
42 60
43 2
43 5
43 7
43 8
43 10
43 13
43 14
43 15
43 16
43 17
43 18
43 19
43 21
43 23
43 26
43 27
43 28
43 31
43 32
43 33
43 35
43 38
43 42
43 43
43 44
43 45
43 47
43 48
43 50
43 52
43 53
43 55
43 57
43 58
43 59
44 1
44 3
44 4
44 5
44 8
44 10
44 11
44 14
44 15
44 20
44 21
44 22
44 23
44 24
44 26
44 27
44 28
44 35
44 36
44 37
44 38
44 40
44 42
44 43
44 44
44 47
44 48
44 50
44 51
44 54
44 55
44 57
44 59
44 60
45 7
45 9
45 11
45 12
45 13
45 14
45 17
45 19
45 22
45 23
45 25
45 26
45 27
45 30
45 31
45 32
45 33
45 34
45 36
45 37
45 38
45 39
45 41
45 42
45 48
45 49
45 50
45 53
45 56
45 57
46 4
46 10
46 14
46 15
46 16
46 17
46 18
46 21
46 22
46 24
46 25
46 26
46 27
46 29
46 31
46 32
46 33
46 37
46 39
46 43
46 45
46 47
46 50
46 54
46 55
46 56
46 57
46 59
46 60
47 2
47 3
47 5
47 7
47 11
47 13
47 14
47 15
47 16
47 17
47 18
47 19
47 21
47 23
47 25
47 27
47 28
47 30
47 31
47 33
47 34
47 36
47 37
47 40
47 41
47 43
47 44
47 49
47 50
47 54
47 56
47 57
47 60
48 1
48 2
48 6
48 7
48 10
48 11
48 12
48 14
48 17
48 22
48 24
48 26
48 27
48 29
48 32
48 34
48 36
48 39
48 41
48 42
48 45
48 46
48 48
48 49
48 51
48 53
48 54
48 55
48 56
48 59
49 2
49 4
49 5
49 10
49 11
49 12
49 13
49 16
49 20
49 22
49 23
49 25
49 26
49 27
49 28
49 29
49 30
49 31
49 32
49 34
49 38
49 44
49 45
49 47
49 50
49 51
49 52
49 53
49 54
49 57
49 58
50 1
50 2
50 5
50 7
50 9
50 10
50 11
50 13
50 14
50 15
50 17
50 18
50 19
50 20
50 22
50 24
50 26
50 27
50 30
50 31
50 32
50 33
50 36
50 37
50 39
50 40
50 41
50 42
50 43
50 44
50 50
50 53
50 54
50 55
50 56
50 58
50 59
50 60
51 1
51 3
51 7
51 15
51 21
51 23
51 25
51 26
51 29
51 30
51 34
51 36
51 39
51 40
51 46
51 47
51 50
51 51
51 52
51 54
51 55
51 56
51 58
52 2
52 3
52 6
52 7
52 9
52 10
52 11
52 12
52 14
52 17
52 20
52 21
52 22
52 25
52 28
52 29
52 30
52 32
52 34
52 35
52 36
52 40
52 42
52 43
52 45
52 47
52 49
52 51
52 57
53 3
53 6
53 8
53 9
53 11
53 12
53 15
53 18
53 19
53 22
53 23
53 25
53 28
53 29
53 30
53 33
53 34
53 35
53 37
53 41
53 44
53 46
53 47
53 49
53 51
53 53
53 54
53 56
53 57
53 58
53 59
53 60
54 1
54 2
54 5
54 6
54 7
54 8
54 10
54 11
54 16
54 17
54 18
54 22
54 23
54 24
54 28
54 29
54 31
54 34
54 39
54 40
54 42
54 49
54 54
54 55
54 56
54 57
54 59
54 60
55 1
55 2
55 5
55 6
55 8
55 11
55 12
55 13
55 14
55 16
55 17
55 19
55 20
55 22
55 24
55 27
55 30
55 34
55 35
55 37
55 38
55 41
55 42
55 43
55 44
55 46
55 47
55 48
55 49
55 50
55 52
55 53
55 57
55 59
55 60
56 4
56 5
56 7
56 11
56 12
56 14
56 16
56 17
56 21
56 22
56 23
56 26
56 29
56 30
56 32
56 33
56 35
56 38
56 39
56 40
56 43
56 44
56 45
56 46
56 49
56 50
56 51
56 52
56 53
56 54
56 59
57 2
57 3
57 4
57 5
57 6
57 9
57 11
57 12
57 14
57 15
57 17
57 18
57 19
57 20
57 21
57 22
57 24
57 26
57 27
57 28
57 29
57 30
57 35
57 39
57 41
57 44
57 46
57 52
57 58
57 59
57 60
58 1
58 4
58 5
58 7
58 10
58 12
58 18
58 20
58 21
58 22
58 24
58 25
58 27
58 30
58 31
58 36
58 38
58 39
58 42
58 43
58 45
58 46
58 52
58 55
58 57
58 58
58 59
58 60
59 1
59 6
59 7
59 11
59 14
59 15
59 16
59 17
59 23
59 24
59 25
59 28
59 33
59 34
59 35
59 36
59 37
59 39
59 43
59 45
59 47
59 48
59 49
59 52
59 53
59 55
59 58
60 2
60 3
60 5
60 6
60 11
60 14
60 15
60 17
60 27
60 32
60 33
60 35
60 36
60 40
60 45
60 47
60 49
60 60
