80 80 3237 17
1 2
1 3
1 4
1 5
1 6
1 7
1 9
1 10
1 14
1 19
1 20
1 21
1 23
1 24
1 27
1 29
1 30
1 31
1 32
1 34
1 36
1 39
1 44
1 45
1 46
1 50
1 52
1 53
1 56
1 57
1 59
1 60
1 62
1 64
1 65
1 68
1 69
1 72
1 73
1 74
1 75
1 76
1 78
1 80
2 1
2 2
2 3
2 9
2 11
2 12
2 15
2 16
2 18
2 19
2 22
2 24
2 25
2 27
2 28
2 29
2 32
2 33
2 34
2 35
2 36
2 38
2 39
2 41
2 43
2 44
2 45
2 47
2 48
2 50
2 52
2 53
2 55
2 56
2 60
2 65
2 67
2 68
2 69
2 70
2 72
2 73
2 75
2 76
2 78
2 79
3 2
3 5
3 6
3 7
3 10
3 13
3 15
3 17
3 18
3 20
3 22
3 25
3 26
3 27
3 29
3 31
3 34
3 36
3 39
3 42
3 43
3 45
3 46
3 48
3 52
3 53
3 57
3 60
3 61
3 62
3 63
3 65
3 66
3 67
3 68
3 69
3 70
3 71
3 74
3 76
3 78
3 80
4 1
4 2
4 3
4 4
4 6
4 7
4 8
4 9
4 12
4 14
4 20
4 21
4 22
4 23
4 25
4 28
4 29
4 30
4 31
4 32
4 35
4 36
4 38
4 40
4 42
4 44
4 46
4 50
4 52
4 57
4 58
4 59
4 60
4 62
4 63
4 66
4 68
4 69
4 73
4 75
4 76
4 77
4 78
4 79
5 2
5 3
5 5
5 7
5 8
5 16
5 17
5 21
5 23
5 26
5 27
5 28
5 31
5 36
5 37
5 38
5 39
5 43
5 44
5 45
5 49
5 50
5 51
5 52
5 58
5 59
5 61
5 62
5 64
5 65
5 66
5 67
5 68
5 71
5 72
5 73
5 77
5 78
6 4
6 5
6 6
6 9
6 10
6 13
6 14
6 16
6 18
6 20
6 22
6 23
6 25
6 26
6 27
6 28
6 30
6 32
6 37
6 40
6 41
6 42
6 44
6 45
6 46
6 48
6 49
6 55
6 56
6 57
6 62
6 63
6 65
6 67
6 68
6 69
6 70
6 72
6 76
6 77
6 78
6 80
7 1
7 4
7 7
7 8
7 9
7 12
7 15
7 16
7 17
7 18
7 19
7 21
7 24
7 25
7 26
7 29
7 31
7 32
7 33
7 38
7 41
7 42
7 43
7 44
7 47
7 48
7 49
7 51
7 59
7 60
7 61
7 62
7 63
7 66
7 67
7 68
7 73
7 76
7 77
8 5
8 8
8 15
8 19
8 20
8 24
8 25
8 26
8 28
8 29
8 34
8 35
8 36
8 42
8 45
8 46
8 49
8 51
8 53
8 54
8 56
8 58
8 62
8 65
8 66
8 70
8 72
8 73
8 75
8 76
8 77
8 78
9 1
9 2
9 4
9 7
9 10
9 15
9 17
9 19
9 20
9 22
9 24
9 25
9 26
9 27
9 30
9 32
9 34
9 35
9 36
9 38
9 39
9 43
9 44
9 45
9 46
9 48
9 49
9 50
9 52
9 53
9 55
9 56
9 58
9 59
9 61
9 62
9 67
9 74
9 75
9 77
9 80
10 4
10 5
10 6
10 7
10 8
10 10
10 12
10 13
10 16
10 21
10 22
10 23
10 24
10 25
10 26
10 28
10 30
10 31
10 37
10 38
10 39
10 41
10 42
10 43
10 44
10 45
10 49
10 50
10 52
10 53
10 62
10 63
10 66
10 70
10 72
10 73
10 74
10 76
10 77
10 80
11 7
11 9
11 10
11 11
11 12
11 18
11 20
11 22
11 23
11 26
11 27
11 28
11 29
11 30
11 32
11 33
11 36
11 37
11 38
11 39
11 43
11 44
11 45
11 46
11 48
11 51
11 55
11 56
11 60
11 61
11 65
11 66
11 70
11 72
11 74
11 76
11 78
11 79
12 4
12 5
12 7
12 8
12 9
12 10
12 12
12 14
12 16
12 18
12 19
12 22
12 23
12 24
12 25
12 28
12 30
12 31
12 34
12 37
12 38
12 39
12 40
12 43
12 44
12 47
12 49
12 54
12 56
12 59
12 60
12 61
12 62
12 63
12 64
12 65
12 66
12 68
12 69
12 70
12 73
12 74
12 75
12 76
12 79
13 2
13 3
13 4
13 5
13 6
13 7
13 8
13 9
13 12
13 14
13 15
13 17
13 19
13 21
13 23
13 24
13 27
13 28
13 29
13 30
13 32
13 35
13 36
13 37
13 39
13 41
13 45
13 48
13 49
13 50
13 52
13 53
13 54
13 55
13 56
13 57
13 59
13 61
13 62
13 67
13 69
13 70
13 71
13 72
13 73
13 74
13 76
13 80
14 3
14 4
14 5
14 6
14 8
14 10
14 12
14 13
14 14
14 16
14 17
14 22
14 24
14 29
14 32
14 33
14 34
14 36
14 39
14 48
14 49
14 51
14 52
14 53
14 54
14 55
14 57
14 58
14 60
14 61
14 62
14 63
14 64
14 65
14 68
14 70
14 71
14 72
14 73
14 74
14 77
14 78
14 79
15 3
15 5
15 6
15 8
15 9
15 10
15 12
15 14
15 15
15 17
15 18
15 23
15 24
15 26
15 27
15 31
15 32
15 36
15 38
15 40
15 42
15 45
15 47
15 48
15 51
15 54
15 55
15 56
15 58
15 60
15 61
15 66
15 70
15 72
15 74
15 76
15 77
15 79
16 5
16 6
16 10
16 14
16 15
16 19
16 20
16 21
16 22
16 26
16 30
16 33
16 34
16 35
16 42
16 44
16 45
16 47
16 48
16 51
16 53
16 54
16 56
16 57
16 58
16 60
16 64
16 65
16 68
16 70
16 73
16 80
17 1
17 3
17 8
17 10
17 11
17 14
17 15
17 17
17 18
17 20
17 22
17 27
17 29
17 30
17 32
17 35
17 36
17 38
17 43
17 47
17 48
17 49
17 50
17 52
17 53
17 54
17 59
17 61
17 62
17 63
17 64
17 66
17 67
17 68
17 69
17 73
17 74
17 75
17 77
17 80
18 2
18 4
18 5
18 7
18 9
18 10
18 11
18 12
18 14
18 16
18 17
18 18
18 19
18 20
18 23
18 24
18 25
18 27
18 32
18 33
18 34
18 38
18 40
18 42
18 43
18 45
18 46
18 49
18 51
18 55
18 56
18 64
18 66
18 67
18 71
18 73
18 74
18 76
18 79
18 80
19 6
19 7
19 8
19 9
19 11
19 21
19 28
19 29
19 32
19 36
19 37
19 44
19 46
19 47
19 48
19 52
19 53
19 55
19 56
19 61
19 62
19 63
19 66
19 67
19 68
19 69
19 70
19 71
19 77
19 79
19 80
20 1
20 2
20 5
20 7
20 8
20 10
20 11
20 15
20 17
20 18
20 20
20 23
20 24
20 26
20 28
20 29
20 32
20 33
20 34
20 35
20 36
20 37
20 38
20 42
20 47
20 49
20 50
20 52
20 53
20 54
20 55
20 58
20 59
20 60
20 61
20 62
20 63
20 66
20 69
20 70
20 71
20 72
20 73
20 74
20 77
20 78
20 80
21 2
21 3
21 5
21 8
21 9
21 10
21 11
21 14
21 16
21 17
21 18
21 19
21 20
21 21
21 22
21 24
21 25
21 27
21 31
21 32
21 34
21 35
21 42
21 46
21 48
21 49
21 53
21 55
21 57
21 60
21 63
21 67
21 70
21 72
21 74
21 76
21 77
21 78
21 79
22 1
22 3
22 6
22 8
22 11
22 14
22 19
22 20
22 21
22 27
22 28
22 30
22 31
22 32
22 33
22 36
22 41
22 45
22 46
22 48
22 52
22 53
22 55
22 57
22 58
22 59
22 60
22 61
22 62
22 64
22 65
22 66
22 67
22 70
22 72
22 75
22 76
22 78
22 80
23 2
23 6
23 8
23 10
23 12
23 18
23 19
23 20
23 22
23 23
23 26
23 28
23 29
23 32
23 34
23 36
23 37
23 38
23 40
23 41
23 44
23 45
23 49
23 50
23 51
23 52
23 53
23 54
23 55
23 57
23 58
23 62
23 66
23 67
23 70
23 71
23 72
23 73
23 75
23 76
23 78
23 80
24 1
24 4
24 7
24 8
24 10
24 11
24 14
24 16
24 22
24 24
24 26
24 27
24 28
24 29
24 30
24 41
24 42
24 43
24 44
24 46
24 49
24 51
24 52
24 53
24 54
24 55
24 56
24 58
24 59
24 60
24 66
24 68
24 69
24 70
24 71
24 74
24 77
24 80
25 1
25 4
25 6
25 8
25 9
25 10
25 14
25 16
25 19
25 21
25 22
25 25
25 28
25 30
25 31
25 32
25 34
25 36
25 37
25 38
25 39
25 40
25 41
25 43
25 46
25 48
25 51
25 52
25 53
25 57
25 58
25 61
25 63
25 65
25 66
25 67
25 68
25 72
25 78
26 1
26 2
26 4
26 5
26 6
26 7
26 9
26 12
26 15
26 23
26 24
26 26
26 28
26 31
26 32
26 34
26 38
26 39
26 45
26 46
26 48
26 49
26 50
26 51
26 53
26 54
26 57
26 58
26 60
26 61
26 63
26 68
26 72
26 74
26 77
26 78
26 79
27 5
27 6
27 10
27 11
27 14
27 15
27 16
27 23
27 25
27 26
27 28
27 31
27 33
27 35
27 42
27 45
27 46
27 47
27 48
27 53
27 54
27 56
27 57
27 58
27 61
27 63
27 64
27 65
27 67
27 69
27 70
27 71
27 72
27 76
27 77
27 79
28 1
28 3
28 4
28 8
28 10
28 12
28 13
28 18
28 19
28 20
28 21
28 22
28 23
28 25
28 26
28 27
28 30
28 32
28 36
28 37
28 38
28 41
28 42
28 44
28 47
28 48
28 50
28 52
28 53
28 55
28 56
28 57
28 59
28 64
28 73
28 74
28 76
28 77
28 78
28 79
28 80
29 7
29 8
29 10
29 14
29 19
29 22
29 24
29 26
29 28
29 30
29 31
29 32
29 33
29 34
29 38
29 40
29 43
29 44
29 47
29 48
29 50
29 56
29 58
29 59
29 61
29 62
29 63
29 66
29 68
29 71
29 77
29 78
29 79
30 1
30 2
30 3
30 4
30 5
30 6
30 7
30 8
30 9
30 11
30 14
30 16
30 18
30 19
30 20
30 21
30 22
30 25
30 28
30 29
30 34
30 35
30 36
30 37
30 43
30 44
30 45
30 48
30 51
30 55
30 56
30 57
30 58
30 60
30 62
30 63
30 65
30 66
30 68
30 69
30 73
30 75
30 76
30 77
30 78
30 79
30 80
31 2
31 3
31 5
31 8
31 12
31 13
31 14
31 16
31 17
31 19
31 20
31 25
31 26
31 27
31 28
31 29
31 30
31 32
31 33
31 34
31 37
31 40
31 41
31 42
31 44
31 45
31 48
31 49
31 50
31 51
31 53
31 55
31 56
31 57
31 59
31 60
31 61
31 63
31 64
31 69
31 73
31 74
31 76
31 79
32 3
32 5
32 7
32 8
32 9
32 10
32 11
32 12
32 13
32 14
32 15
32 18
32 22
32 24
32 26
32 28
32 29
32 32
32 34
32 35
32 37
32 38
32 39
32 42
32 43
32 45
32 48
32 50
32 51
32 52
32 55
32 58
32 59
32 61
32 62
32 66
32 68
32 71
32 72
32 73
32 74
32 75
32 76
32 78
33 2
33 3
33 4
33 5
33 7
33 10
33 12
33 18
33 19
33 21
33 23
33 24
33 25
33 28
33 30
33 31
33 32
33 34
33 37
33 38
33 40
33 41
33 42
33 43
33 44
33 45
33 46
33 48
33 55
33 56
33 57
33 58
33 60
33 63
33 64
33 65
33 66
33 67
33 68
33 70
33 71
33 73
33 74
33 75
33 77
33 78
34 1
34 2
34 3
34 7
34 10
34 11
34 12
34 14
34 15
34 17
34 18
34 19
34 20
34 22
34 23
34 24
34 25
34 27
34 29
34 30
34 31
34 32
34 37
34 38
34 39
34 40
34 41
34 42
34 49
34 51
34 53
34 55
34 56
34 62
34 64
34 67
34 70
34 75
34 76
34 77
34 78
34 79
34 80
35 2
35 4
35 5
35 6
35 7
35 8
35 9
35 12
35 13
35 16
35 17
35 19
35 20
35 22
35 23
35 26
35 28
35 30
35 33
35 34
35 35
35 36
35 37
35 39
35 42
35 45
35 47
35 51
35 53
35 55
35 56
35 57
35 58
35 59
35 65
35 67
35 68
35 69
35 70
35 71
35 73
35 74
35 76
36 1
36 3
36 4
36 9
36 10
36 11
36 14
36 21
36 25
36 26
36 27
36 29
36 30
36 31
36 32
36 33
36 34
36 38
36 42
36 46
36 47
36 49
36 51
36 53
36 56
36 61
36 62
36 63
36 65
36 66
36 68
36 69
36 70
36 72
36 73
36 76
36 79
36 80
37 1
37 2
37 4
37 5
37 10
37 13
37 14
37 16
37 18
37 20
37 22
37 24
37 26
37 27
37 28
37 29
37 31
37 32
37 34
37 38
37 44
37 45
37 47
37 51
37 52
37 58
37 59
37 61
37 62
37 65
37 67
37 69
37 70
37 72
37 75
37 77
37 78
37 79
37 80
38 1
38 4
38 6
38 7
38 11
38 13
38 15
38 16
38 18
38 19
38 21
38 22
38 23
38 24
38 25
38 27
38 30
38 32
38 34
38 35
38 36
38 38
38 40
38 41
38 43
38 45
38 48
38 52
38 55
38 57
38 63
38 69
38 70
38 71
38 74
38 76
38 77
38 78
38 79
39 1
39 2
39 3
39 5
39 8
39 10
39 12
39 13
39 14
39 15
39 18
39 19
39 22
39 26
39 27
39 29
39 31
39 32
39 34
39 40
39 41
39 42
39 43
39 45
39 48
39 49
39 50
39 51
39 52
39 54
39 55
39 58
39 59
39 60
39 63
39 64
39 65
39 69
39 71
39 78
40 2
40 3
40 6
40 7
40 8
40 9
40 10
40 11
40 12
40 13
40 14
40 15
40 16
40 17
40 18
40 19
40 22
40 23
40 25
40 26
40 28
40 29
40 30
40 33
40 34
40 35
40 37
40 40
40 41
40 45
40 46
40 47
40 52
40 53
40 54
40 56
40 57
40 59
40 60
40 62
40 65
40 66
40 67
40 68
40 69
40 70
40 71
40 73
40 74
40 76
40 77
40 78
40 79
41 2
41 3
41 4
41 5
41 8
41 9
41 10
41 11
41 19
41 20
41 21
41 22
41 24
41 29
41 33
41 35
41 36
41 37
41 38
41 39
41 40
41 41
41 42
41 45
41 47
41 48
41 50
41 51
41 52
41 54
41 55
41 56
41 57
41 58
41 59
41 62
41 63
41 65
41 67
41 68
41 72
41 74
41 75
41 77
41 78
41 80
42 1
42 2
42 3
42 4
42 6
42 7
42 9
42 10
42 12
42 13
42 17
42 19
42 20
42 23
42 25
42 27
42 28
42 31
42 32
42 34
42 37
42 40
42 41
42 42
42 43
42 48
42 49
42 50
42 52
42 53
42 55
42 59
42 60
42 63
42 64
42 65
42 66
42 68
42 70
42 71
42 72
42 73
42 74
43 1
43 2
43 4
43 5
43 6
43 8
43 11
43 12
43 13
43 14
43 15
43 18
43 19
43 20
43 21
43 22
43 24
43 26
43 27
43 28
43 30
43 37
43 38
43 41
43 43
43 46
43 49
43 57
43 59
43 60
43 61
43 64
43 65
43 66
43 67
43 70
43 71
43 72
43 73
43 74
43 78
43 80
44 2
44 3
44 4
44 10
44 12
44 19
44 21
44 22
44 26
44 31
44 32
44 35
44 39
44 42
44 46
44 48
44 49
44 51
44 55
44 56
44 64
44 65
44 68
44 69
44 70
44 74
44 76
44 77
44 79
45 1
45 5
45 7
45 8
45 12
45 14
45 15
45 16
45 17
45 18
45 19
45 22
45 23
45 25
45 26
45 31
45 34
45 37
45 44
45 45
45 47
45 48
45 53
45 55
45 56
45 58
45 60
45 62
45 65
45 67
45 71
45 74
45 78
45 79
45 80
46 1
46 3
46 4
46 5
46 10
46 11
46 15
46 16
46 17
46 21
46 23
46 25
46 33
46 34
46 36
46 40
46 42
46 44
46 45
46 48
46 49
46 52
46 56
46 57
46 58
46 61
46 63
46 67
46 68
46 70
46 71
46 72
46 75
46 76
46 78
47 1
47 2
47 3
47 7
47 11
47 17
47 19
47 20
47 21
47 23
47 24
47 25
47 26
47 27
47 28
47 29
47 31
47 33
47 34
47 35
47 37
47 39
47 41
47 42
47 45
47 47
47 48
47 51
47 52
47 53
47 55
47 56
47 58
47 61
47 63
47 64
47 65
47 66
47 67
47 68
47 69
47 71
47 72
47 73
47 79
48 1
48 4
48 5
48 9
48 10
48 13
48 16
48 17
48 19
48 22
48 24
48 28
48 31
48 33
48 36
48 41
48 42
48 45
48 47
48 52
48 54
48 55
48 57
48 60
48 66
48 68
48 71
48 75
48 76
48 77
48 79
49 5
49 7
49 9
49 10
49 16
49 17
49 18
49 19
49 20
49 26
49 27
49 29
49 32
49 33
49 34
49 37
49 38
49 39
49 41
49 45
49 46
49 47
49 48
49 50
49 53
49 63
49 73
49 75
49 76
49 77
49 78
49 79
50 2
50 7
50 10
50 15
50 18
50 19
50 20
50 24
50 30
50 31
50 32
50 34
50 35
50 36
50 37
50 40
50 41
50 42
50 44
50 46
50 47
50 48
50 49
50 52
50 54
50 58
50 59
50 60
50 64
50 70
50 73
50 77
51 1
51 4
51 8
51 10
51 11
51 12
51 16
51 17
51 19
51 26
51 31
51 32
51 36
51 37
51 39
51 40
51 41
51 42
51 43
51 45
51 46
51 47
51 49
51 50
51 51
51 52
51 53
51 54
51 55
51 56
51 57
51 60
51 61
51 63
51 64
51 67
51 69
51 70
51 73
51 74
51 76
51 77
51 78
52 1
52 2
52 4
52 5
52 6
52 8
52 9
52 10
52 11
52 13
52 14
52 16
52 17
52 18
52 21
52 22
52 24
52 25
52 28
52 30
52 31
52 32
52 34
52 36
52 37
52 38
52 46
52 47
52 48
52 49
52 51
52 52
52 53
52 57
52 62
52 64
52 68
52 69
52 70
52 72
52 76
52 77
52 79
52 80
53 1
53 2
53 5
53 7
53 11
53 12
53 13
53 15
53 19
53 21
53 22
53 23
53 26
53 27
53 29
53 31
53 33
53 34
53 35
53 37
53 38
53 39
53 40
53 41
53 43
53 44
53 46
53 47
53 49
53 50
53 51
53 53
53 54
53 56
53 57
53 61
53 63
53 66
53 67
53 68
53 70
53 71
53 73
53 74
53 75
53 76
53 78
53 79
54 1
54 2
54 6
54 7
54 8
54 10
54 11
54 12
54 13
54 16
54 17
54 20
54 21
54 23
54 24
54 26
54 30
54 31
54 32
54 35
54 37
54 46
54 47
54 48
54 54
54 55
54 58
54 59
54 61
54 62
54 63
54 64
54 66
54 67
54 68
54 69
54 71
54 72
54 73
54 74
54 75
54 76
54 77
54 79
55 1
55 3
55 4
55 6
55 9
55 10
55 11
55 12
55 13
55 14
55 17
55 18
55 19
55 21
55 22
55 23
55 24
55 36
55 37
55 43
55 45
55 46
55 49
55 50
55 52
55 55
55 56
55 57
55 58
55 59
55 65
55 71
55 73
55 75
55 79
56 1
56 2
56 10
56 11
56 12
56 13
56 14
56 15
56 19
56 27
56 31
56 33
56 34
56 37
56 38
56 40
56 45
56 47
56 49
56 52
56 56
56 59
56 61
56 63
56 65
56 68
56 72
56 73
56 76
56 77
56 78
56 79
57 1
57 2
57 3
57 6
57 7
57 9
57 11
57 12
57 13
57 14
57 15
57 16
57 17
57 18
57 20
57 22
57 23
57 24
57 28
57 30
57 32
57 34
57 36
57 37
57 40
57 42
57 43
57 44
57 46
57 48
57 49
57 50
57 51
57 52
57 54
57 56
57 57
57 58
57 59
57 60
57 61
57 62
57 66
57 67
57 68
57 70
57 72
57 74
57 76
57 77
57 78
57 80
58 1
58 2
58 3
58 4
58 5
58 6
58 7
58 9
58 13
58 14
58 15
58 16
58 17
58 19
58 22
58 32
58 34
58 35
58 36
58 37
58 40
58 42
58 44
58 45
58 49
58 50
58 52
58 53
58 56
58 57
58 59
58 60
58 61
58 62
58 63
58 64
58 65
58 66
58 67
58 69
58 70
58 71
58 73
58 75
58 77
58 80
59 2
59 3
59 5
59 9
59 12
59 16
59 17
59 18
59 19
59 20
59 22
59 26
59 28
59 29
59 30
59 32
59 34
59 37
59 39
59 43
59 44
59 45
59 46
59 47
59 48
59 49
59 51
59 52
59 53
59 54
59 56
59 58
59 61
59 62
59 65
59 67
59 68
59 69
59 70
59 72
59 76
59 79
59 80
60 2
60 4
60 5
60 9
60 11
60 16
60 18
60 27
60 31
60 35
60 38
60 40
60 41
60 42
60 43
60 45
60 47
60 48
60 49
60 50
60 51
60 52
60 54
60 55
60 56
60 57
60 59
60 61
60 62
60 65
60 66
60 68
60 71
60 72
60 74
60 77
60 78
60 80
61 2
61 4
61 6
61 7
61 9
61 10
61 11
61 12
61 16
61 19
61 20
61 23
61 24
61 25
61 27
61 28
61 29
61 30
61 31
61 32
61 33
61 34
61 35
61 38
61 39
61 42
61 43
61 46
61 47
61 48
61 51
61 55
61 56
61 57
61 63
61 65
61 66
61 67
61 68
61 69
61 70
61 71
61 74
61 76
61 77
61 79
62 1
62 2
62 6
62 9
62 13
62 15
62 16
62 19
62 20
62 26
62 27
62 28
62 29
62 30
62 31
62 33
62 35
62 38
62 39
62 40
62 41
62 42
62 45
62 46
62 47
62 49
62 51
62 53
62 56
62 57
62 58
62 60
62 62
62 63
62 65
62 66
62 68
62 69
62 72
62 73
62 74
62 77
62 78
63 2
63 8
63 10
63 12
63 14
63 17
63 21
63 22
63 23
63 27
63 29
63 32
63 36
63 37
63 38
63 39
63 41
63 42
63 43
63 47
63 49
63 50
63 53
63 54
63 55
63 56
63 59
63 62
63 66
63 67
63 68
63 70
63 71
63 72
63 73
63 75
63 79
63 80
64 3
64 4
64 5
64 8
64 9
64 11
64 14
64 15
64 16
64 17
64 19
64 20
64 21
64 22
64 25
64 27
64 28
64 29
64 30
64 31
64 37
64 38
64 39
64 40
64 41
64 42
64 43
64 44
64 46
64 50
64 51
64 52
64 56
64 58
64 59
64 61
64 62
64 64
64 66
64 69
64 70
64 71
64 72
64 79
65 2
65 5
65 7
65 10
65 11
65 12
65 14
65 18
65 20
65 21
65 28
65 35
65 37
65 39
65 40
65 42
65 43
65 45
65 46
65 51
65 54
65 55
65 56
65 57
65 58
65 61
65 64
65 68
65 71
65 74
65 77
65 78
65 79
65 80
66 1
66 4
66 7
66 8
66 10
66 12
66 14
66 15
66 17
66 20
66 21
66 23
66 24
66 25
66 26
66 32
66 33
66 35
66 36
66 37
66 40
66 41
66 42
66 43
66 44
66 53
66 56
66 58
66 59
66 60
66 67
66 68
66 70
67 1
67 2
67 4
67 5
67 8
67 9
67 10
67 11
67 12
67 14
67 15
67 16
67 21
67 27
67 29
67 31
67 32
67 34
67 35
67 36
67 37
67 38
67 39
67 40
67 41
67 46
67 50
67 51
67 52
67 53
67 54
67 56
67 57
67 59
67 61
67 62
67 65
67 66
67 67
67 68
67 70
67 71
67 72
67 73
67 75
67 76
67 77
67 79
67 80
68 1
68 3
68 7
68 8
68 9
68 10
68 13
68 16
68 18
68 24
68 25
68 26
68 28
68 29
68 32
68 36
68 40
68 43
68 45
68 48
68 49
68 51
68 52
68 53
68 55
68 56
68 57
68 59
68 60
68 61
68 63
68 65
68 68
68 72
68 75
68 77
69 1
69 3
69 4
69 10
69 12
69 13
69 14
69 15
69 16
69 21
69 22
69 23
69 26
69 27
69 29
69 31
69 32
69 33
69 35
69 36
69 37
69 40
69 41
69 42
69 43
69 44
69 45
69 46
69 48
69 53
69 54
69 56
69 57
69 58
69 65
69 68
69 70
69 73
69 74
69 78
69 79
70 2
70 5
70 8
70 9
70 12
70 14
70 15
70 18
70 21
70 22
70 24
70 25
70 26
70 30
70 31
70 32
70 34
70 36
70 40
70 41
70 42
70 45
70 47
70 48
70 49
70 50
70 52
70 53
70 54
70 57
70 62
70 63
70 64
70 65
70 69
70 72
70 74
71 3
71 10
71 13
71 16
71 19
71 20
71 22
71 23
71 24
71 26
71 27
71 29
71 30
71 32
71 35
71 36
71 37
71 40
71 41
71 44
71 49
71 50
71 52
71 54
71 55
71 57
71 58
71 61
71 63
71 64
71 65
71 71
71 72
71 73
71 75
71 76
71 77
71 79
71 80
72 1
72 2
72 4
72 6
72 10
72 12
72 13
72 15
72 18
72 20
72 22
72 24
72 26
72 27
72 28
72 31
72 32
72 33
72 38
72 43
72 44
72 45
72 46
72 47
72 52
72 54
72 57
72 59
72 63
72 64
72 65
72 69
72 70
72 71
72 74
72 75
72 76
72 78
72 79
72 80
73 1
73 2
73 4
73 5
73 11
73 12
73 14
73 18
73 19
73 21
73 23
73 25
73 27
73 28
73 29
73 33
73 34
73 35
73 37
73 38
73 40
73 42
73 46
73 47
73 49
73 51
73 52
73 53
73 59
73 60
73 62
73 64
73 66
73 67
73 68
73 69
73 70
73 71
73 74
73 76
73 77
73 79
73 80
74 2
74 4
74 5
74 7
74 11
74 13
74 14
74 15
74 16
74 17
74 18
74 20
74 21
74 24
74 25
74 31
74 32
74 33
74 35
74 36
74 38
74 39
74 40
74 44
74 45
74 46
74 47
74 49
74 50
74 52
74 53
74 54
74 56
74 58
74 59
74 60
74 63
74 64
74 65
74 73
74 76
74 79
75 3
75 7
75 9
75 12
75 15
75 16
75 17
75 18
75 21
75 22
75 24
75 25
75 28
75 30
75 32
75 33
75 38
75 40
75 41
75 42
75 47
75 50
75 51
75 52
75 54
75 55
75 57
75 58
75 59
75 64
75 65
75 66
75 68
75 71
75 72
75 73
75 74
75 77
76 1
76 2
76 3
76 4
76 8
76 9
76 10
76 11
76 14
76 15
76 18
76 19
76 23
76 24
76 25
76 26
76 27
76 28
76 31
76 32
76 35
76 36
76 38
76 39
76 40
76 46
76 47
76 48
76 49
76 52
76 53
76 55
76 56
76 57
76 61
76 63
76 64
76 65
76 68
76 70
76 72
76 73
76 74
76 77
76 79
76 80
77 1
77 8
77 12
77 13
77 14
77 15
77 18
77 23
77 25
77 27
77 28
77 29
77 33
77 34
77 36
77 37
77 38
77 40
77 41
77 42
77 47
77 48
77 49
77 50
77 51
77 52
77 56
77 57
77 59
77 60
77 62
77 63
77 64
77 65
77 66
77 68
77 72
77 74
77 75
77 76
77 80
78 4
78 6
78 8
78 9
78 10
78 12
78 14
78 15
78 17
78 19
78 21
78 22
78 24
78 29
78 30
78 31
78 36
78 38
78 39
78 41
78 43
78 44
78 46
78 47
78 50
78 54
78 56
78 57
78 60
78 62
78 63
78 73
78 75
78 77
78 80
79 1
79 3
79 4
79 5
79 6
79 8
79 9
79 11
79 14
79 15
79 16
79 20
79 24
79 25
79 26
79 27
79 28
79 34
79 37
79 38
79 40
79 44
79 45
79 46
79 47
79 50
79 51
79 52
79 54
79 55
79 57
79 61
79 65
79 67
79 68
79 69
79 71
79 72
79 73
79 74
79 76
79 77
79 79
80 1
80 2
80 3
80 4
80 6
80 11
80 12
80 16
80 17
80 18
80 20
80 21
80 22
80 23
80 24
80 25
80 26
80 27
80 29
80 30
80 31
80 32
80 36
80 41
80 42
80 43
80 44
80 45
80 48
80 49
80 50
80 51
80 53
80 54
80 58
80 59
80 60
80 61
80 62
80 65
80 66
80 67
80 70
80 78
