144 180 13178 66
1 4
1 6
1 7
1 8
1 9
1 10
1 15
1 17
1 19
1 21
1 22
1 23
1 24
1 25
1 26
1 30
1 31
1 32
1 34
1 36
1 40
1 42
1 43
1 44
1 46
1 50
1 52
1 53
1 55
1 56
1 57
1 60
1 62
1 63
1 65
1 67
1 68
1 69
1 70
1 71
1 72
1 73
1 75
1 79
1 87
1 88
1 89
1 92
1 94
1 95
1 96
1 100
1 101
1 102
1 108
1 110
1 113
1 114
1 119
1 122
1 123
1 124
1 125
1 126
1 127
1 128
1 129
1 130
1 132
1 133
1 134
1 137
1 140
1 141
1 143
1 145
1 146
1 147
1 148
1 150
1 152
1 154
1 155
1 157
1 161
1 162
1 163
1 164
1 168
1 169
1 171
1 173
1 175
1 176
1 178
1 179
2 1
2 2
2 4
2 5
2 9
2 11
2 13
2 18
2 21
2 22
2 24
2 25
2 27
2 28
2 29
2 30
2 31
2 37
2 39
2 40
2 41
2 43
2 50
2 51
2 52
2 53
2 55
2 58
2 61
2 63
2 64
2 69
2 70
2 71
2 73
2 75
2 78
2 79
2 84
2 85
2 86
2 89
2 90
2 92
2 93
2 95
2 99
2 100
2 101
2 104
2 105
2 108
2 109
2 114
2 116
2 117
2 121
2 123
2 127
2 128
2 130
2 132
2 133
2 134
2 136
2 138
2 139
2 140
2 144
2 145
2 146
2 147
2 152
2 154
2 155
2 157
2 160
2 162
2 166
2 169
2 171
2 173
2 174
2 175
2 177
2 179
3 3
3 4
3 6
3 8
3 9
3 15
3 17
3 21
3 23
3 24
3 25
3 26
3 27
3 28
3 30
3 31
3 34
3 35
3 36
3 38
3 39
3 41
3 42
3 45
3 46
3 48
3 50
3 52
3 53
3 54
3 64
3 67
3 69
3 70
3 71
3 72
3 73
3 75
3 77
3 78
3 79
3 83
3 85
3 87
3 89
3 90
3 94
3 97
3 99
3 100
3 103
3 104
3 106
3 107
3 108
3 109
3 110
3 111
3 112
3 117
3 118
3 119
3 120
3 121
3 123
3 124
3 125
3 127
3 131
3 132
3 133
3 137
3 144
3 145
3 147
3 149
3 152
3 153
3 156
3 159
3 160
3 162
3 164
3 165
3 166
3 170
3 171
3 172
3 176
3 177
3 180
4 1
4 3
4 4
4 5
4 6
4 8
4 9
4 10
4 12
4 14
4 15
4 17
4 21
4 22
4 23
4 25
4 27
4 28
4 31
4 32
4 33
4 34
4 37
4 41
4 42
4 43
4 45
4 47
4 49
4 50
4 52
4 53
4 59
4 62
4 65
4 66
4 69
4 74
4 75
4 79
4 80
4 81
4 82
4 84
4 85
4 86
4 87
4 92
4 95
4 96
4 97
4 102
4 105
4 106
4 110
4 114
4 117
4 118
4 120
4 122
4 123
4 124
4 125
4 126
4 128
4 130
4 131
4 132
4 134
4 135
4 136
4 138
4 139
4 140
4 143
4 144
4 148
4 149
4 151
4 152
4 153
4 154
4 155
4 160
4 161
4 164
4 168
4 169
4 174
4 175
4 177
4 179
5 2
5 3
5 5
5 10
5 11
5 14
5 16
5 19
5 21
5 23
5 28
5 31
5 32
5 33
5 35
5 38
5 40
5 47
5 51
5 54
5 55
5 58
5 60
5 62
5 64
5 67
5 69
5 73
5 75
5 76
5 79
5 80
5 82
5 83
5 85
5 86
5 87
5 89
5 90
5 94
5 95
5 99
5 101
5 103
5 105
5 107
5 108
5 109
5 112
5 113
5 114
5 116
5 117
5 119
5 120
5 121
5 122
5 125
5 126
5 127
5 130
5 131
5 132
5 133
5 134
5 135
5 136
5 137
5 140
5 143
5 145
5 147
5 148
5 152
5 155
5 157
5 158
5 160
5 165
5 166
5 167
5 168
5 169
5 170
5 171
5 175
5 176
5 177
5 178
5 180
6 2
6 3
6 4
6 5
6 6
6 7
6 8
6 10
6 13
6 15
6 16
6 17
6 18
6 19
6 20
6 21
6 22
6 24
6 29
6 30
6 31
6 33
6 34
6 38
6 39
6 40
6 45
6 46
6 47
6 49
6 51
6 53
6 57
6 60
6 61
6 62
6 67
6 68
6 70
6 71
6 72
6 73
6 77
6 78
6 79
6 81
6 82
6 85
6 86
6 89
6 91
6 93
6 94
6 95
6 97
6 100
6 101
6 102
6 105
6 106
6 109
6 118
6 119
6 120
6 122
6 125
6 126
6 127
6 128
6 130
6 132
6 133
6 135
6 138
6 139
6 142
6 145
6 147
6 148
6 150
6 151
6 152
6 155
6 156
6 157
6 158
6 161
6 164
6 168
6 171
6 172
6 173
6 174
6 175
6 176
6 177
7 1
7 6
7 7
7 8
7 10
7 13
7 15
7 20
7 22
7 23
7 24
7 29
7 36
7 38
7 40
7 41
7 43
7 53
7 55
7 56
7 59
7 60
7 61
7 63
7 64
7 66
7 67
7 69
7 70
7 75
7 76
7 78
7 79
7 83
7 86
7 89
7 91
7 92
7 95
7 96
7 97
7 98
7 100
7 101
7 102
7 104
7 106
7 107
7 108
7 112
7 113
7 114
7 117
7 118
7 120
7 122
7 126
7 127
7 130
7 132
7 134
7 135
7 136
7 139
7 143
7 144
7 145
7 147
7 148
7 149
7 151
7 152
7 153
7 154
7 156
7 162
7 164
7 167
7 170
7 172
7 179
8 1
8 3
8 4
8 6
8 9
8 10
8 12
8 13
8 14
8 15
8 16
8 17
8 22
8 23
8 24
8 25
8 26
8 27
8 28
8 29
8 30
8 32
8 33
8 34
8 36
8 37
8 38
8 41
8 42
8 44
8 45
8 46
8 47
8 48
8 50
8 52
8 53
8 54
8 56
8 58
8 60
8 65
8 66
8 70
8 71
8 72
8 75
8 81
8 82
8 85
8 86
8 87
8 89
8 91
8 92
8 94
8 96
8 97
8 99
8 100
8 101
8 102
8 103
8 107
8 110
8 114
8 115
8 118
8 121
8 122
8 127
8 128
8 129
8 130
8 132
8 134
8 139
8 141
8 142
8 144
8 145
8 146
8 147
8 148
8 150
8 151
8 152
8 155
8 156
8 157
8 159
8 160
8 161
8 162
8 163
8 164
8 167
8 169
8 173
8 174
8 175
8 179
9 3
9 6
9 7
9 8
9 9
9 11
9 12
9 14
9 15
9 16
9 17
9 18
9 19
9 21
9 22
9 24
9 26
9 29
9 34
9 35
9 36
9 37
9 39
9 41
9 42
9 48
9 49
9 52
9 53
9 55
9 56
9 57
9 58
9 59
9 60
9 61
9 63
9 64
9 66
9 68
9 73
9 74
9 76
9 77
9 79
9 80
9 82
9 83
9 85
9 88
9 95
9 97
9 98
9 99
9 100
9 102
9 103
9 104
9 105
9 106
9 108
9 112
9 113
9 115
9 116
9 117
9 118
9 122
9 123
9 127
9 131
9 133
9 139
9 141
9 142
9 145
9 147
9 150
9 152
9 154
9 156
9 159
9 162
9 165
9 166
9 171
9 172
9 174
9 175
9 176
9 178
10 1
10 2
10 3
10 5
10 7
10 9
10 10
10 14
10 15
10 17
10 19
10 21
10 26
10 33
10 34
10 37
10 41
10 45
10 46
10 47
10 49
10 53
10 54
10 55
10 56
10 57
10 59
10 61
10 64
10 66
10 67
10 69
10 70
10 71
10 72
10 74
10 75
10 76
10 78
10 80
10 83
10 85
10 87
10 90
10 92
10 93
10 94
10 95
10 96
10 98
10 99
10 100
10 102
10 107
10 109
10 111
10 112
10 113
10 114
10 116
10 120
10 121
10 124
10 125
10 126
10 128
10 130
10 131
10 132
10 134
10 137
10 139
10 141
10 142
10 145
10 146
10 148
10 150
10 151
10 152
10 153
10 154
10 156
10 157
10 158
10 160
10 162
10 163
10 164
10 165
10 166
10 168
10 169
10 174
10 176
10 177
10 179
11 2
11 3
11 5
11 7
11 10
11 12
11 13
11 17
11 19
11 21
11 25
11 26
11 27
11 28
11 31
11 33
11 34
11 36
11 37
11 38
11 40
11 41
11 45
11 47
11 49
11 50
11 53
11 54
11 57
11 60
11 61
11 64
11 66
11 69
11 77
11 78
11 80
11 83
11 84
11 85
11 91
11 92
11 93
11 96
11 99
11 101
11 102
11 104
11 107
11 110
11 111
11 116
11 118
11 119
11 121
11 125
11 126
11 130
11 131
11 136
11 138
11 139
11 141
11 143
11 144
11 145
11 146
11 147
11 148
11 150
11 151
11 152
11 153
11 158
11 162
11 163
11 164
11 165
11 168
11 169
11 170
11 173
11 175
11 176
11 177
11 179
12 2
12 3
12 6
12 7
12 9
12 10
12 13
12 14
12 16
12 17
12 19
12 26
12 27
12 37
12 40
12 42
12 44
12 45
12 46
12 48
12 49
12 52
12 53
12 54
12 56
12 58
12 59
12 64
12 68
12 71
12 74
12 75
12 76
12 77
12 81
12 82
12 84
12 87
12 88
12 90
12 93
12 94
12 95
12 98
12 99
12 104
12 106
12 110
12 111
12 121
12 124
12 125
12 133
12 137
12 141
12 142
12 143
12 145
12 146
12 150
12 152
12 156
12 157
12 159
12 160
12 161
12 163
12 167
12 168
12 169
12 170
12 172
12 173
12 174
12 178
12 179
12 180
13 1
13 3
13 4
13 5
13 6
13 7
13 8
13 10
13 11
13 13
13 14
13 15
13 16
13 17
13 18
13 19
13 20
13 24
13 25
13 28
13 29
13 30
13 36
13 37
13 42
13 46
13 48
13 49
13 50
13 57
13 58
13 59
13 61
13 62
13 63
13 64
13 65
13 68
13 70
13 71
13 72
13 74
13 75
13 78
13 80
13 83
13 85
13 89
13 90
13 93
13 95
13 97
13 98
13 99
13 100
13 105
13 108
13 110
13 111
13 113
13 117
13 118
13 122
13 125
13 127
13 129
13 131
13 135
13 137
13 138
13 140
13 141
13 143
13 144
13 145
13 146
13 148
13 150
13 153
13 155
13 158
13 159
13 160
13 161
13 163
13 164
13 165
13 169
13 170
13 171
13 174
13 175
13 176
13 178
13 179
14 1
14 3
14 4
14 6
14 8
14 9
14 14
14 15
14 16
14 20
14 22
14 26
14 27
14 29
14 31
14 32
14 33
14 34
14 36
14 37
14 41
14 45
14 50
14 51
14 54
14 57
14 60
14 61
14 62
14 64
14 65
14 67
14 70
14 71
14 75
14 78
14 80
14 81
14 82
14 83
14 90
14 91
14 93
14 95
14 97
14 98
14 99
14 100
14 102
14 104
14 105
14 106
14 107
14 110
14 113
14 114
14 116
14 120
14 121
14 122
14 125
14 126
14 127
14 128
14 129
14 132
14 135
14 136
14 140
14 141
14 142
14 143
14 144
14 148
14 151
14 152
14 153
14 154
14 155
14 156
14 160
14 162
14 166
14 167
14 169
14 174
14 175
14 176
14 177
14 179
15 1
15 4
15 5
15 6
15 8
15 11
15 12
15 13
15 17
15 19
15 21
15 22
15 23
15 25
15 26
15 27
15 28
15 32
15 36
15 37
15 38
15 41
15 42
15 45
15 46
15 49
15 53
15 54
15 59
15 61
15 62
15 65
15 66
15 67
15 68
15 69
15 70
15 72
15 73
15 75
15 76
15 77
15 82
15 84
15 85
15 86
15 87
15 88
15 89
15 94
15 95
15 97
15 98
15 101
15 103
15 104
15 105
15 107
15 108
15 114
15 116
15 117
15 118
15 119
15 123
15 126
15 127
15 128
15 129
15 130
15 133
15 134
15 136
15 137
15 138
15 140
15 142
15 143
15 145
15 146
15 147
15 148
15 149
15 153
15 154
15 156
15 157
15 158
15 160
15 162
15 165
15 169
15 170
15 172
15 173
15 179
15 180
16 2
16 4
16 7
16 9
16 14
16 15
16 16
16 18
16 27
16 28
16 29
16 30
16 31
16 32
16 34
16 35
16 36
16 38
16 39
16 41
16 42
16 45
16 46
16 47
16 48
16 49
16 50
16 51
16 54
16 58
16 60
16 63
16 64
16 65
16 67
16 68
16 70
16 71
16 72
16 75
16 77
16 83
16 85
16 88
16 90
16 91
16 92
16 93
16 94
16 96
16 97
16 100
16 102
16 103
16 104
16 107
16 108
16 109
16 110
16 113
16 115
16 116
16 120
16 122
16 124
16 125
16 126
16 129
16 132
16 133
16 136
16 137
16 138
16 140
16 145
16 148
16 153
16 155
16 158
16 159
16 160
16 161
16 162
16 163
16 166
16 167
16 168
16 169
16 170
16 171
16 172
16 173
16 175
16 177
16 178
16 180
17 1
17 2
17 3
17 7
17 9
17 12
17 13
17 14
17 17
17 18
17 19
17 21
17 22
17 25
17 26
17 27
17 32
17 33
17 35
17 39
17 41
17 44
17 45
17 46
17 47
17 50
17 52
17 53
17 54
17 56
17 58
17 60
17 61
17 66
17 67
17 68
17 71
17 73
17 76
17 78
17 79
17 80
17 88
17 90
17 92
17 93
17 94
17 96
17 97
17 98
17 99
17 100
17 102
17 103
17 105
17 110
17 112
17 113
17 115
17 117
17 121
17 123
17 126
17 127
17 128
17 130
17 131
17 134
17 135
17 140
17 142
17 143
17 144
17 145
17 147
17 148
17 150
17 151
17 155
17 157
17 161
17 162
17 164
17 165
17 167
17 168
17 171
17 172
17 173
17 177
17 178
17 180
18 1
18 4
18 5
18 8
18 9
18 10
18 11
18 12
18 16
18 17
18 19
18 21
18 22
18 24
18 27
18 29
18 31
18 33
18 34
18 35
18 36
18 39
18 42
18 43
18 44
18 45
18 53
18 55
18 56
18 62
18 64
18 69
18 70
18 72
18 73
18 79
18 80
18 81
18 82
18 86
18 87
18 88
18 89
18 90
18 91
18 98
18 101
18 103
18 105
18 106
18 107
18 114
18 118
18 123
18 124
18 127
18 128
18 129
18 132
18 133
18 134
18 135
18 137
18 138
18 139
18 140
18 141
18 143
18 144
18 146
18 149
18 150
18 151
18 152
18 153
18 154
18 158
18 160
18 161
18 163
18 165
18 166
18 167
18 169
18 173
18 176
18 177
18 178
19 4
19 5
19 10
19 12
19 13
19 14
19 17
19 25
19 26
19 29
19 32
19 33
19 34
19 35
19 36
19 37
19 38
19 40
19 42
19 43
19 45
19 46
19 47
19 48
19 49
19 51
19 59
19 61
19 62
19 63
19 64
19 66
19 67
19 69
19 70
19 72
19 73
19 75
19 77
19 78
19 79
19 81
19 83
19 84
19 85
19 89
19 90
19 91
19 96
19 97
19 99
19 103
19 104
19 105
19 107
19 108
19 110
19 114
19 115
19 116
19 117
19 123
19 127
19 128
19 129
19 131
19 133
19 134
19 135
19 136
19 137
19 138
19 140
19 145
19 147
19 150
19 152
19 155
19 158
19 165
19 166
19 167
19 168
19 170
19 171
19 172
19 175
19 176
19 178
19 179
19 180
20 1
20 8
20 11
20 12
20 16
20 17
20 19
20 20
20 21
20 26
20 29
20 30
20 31
20 34
20 40
20 42
20 43
20 46
20 47
20 50
20 51
20 52
20 53
20 58
20 59
20 66
20 68
20 69
20 70
20 71
20 72
20 73
20 77
20 78
20 79
20 80
20 81
20 83
20 84
20 86
20 87
20 88
20 89
20 92
20 93
20 94
20 95
20 103
20 107
20 108
20 109
20 110
20 112
20 113
20 116
20 117
20 119
20 120
20 121
20 126
20 127
20 130
20 131
20 133
20 134
20 135
20 136
20 137
20 138
20 139
20 140
20 141
20 142
20 143
20 146
20 149
20 152
20 160
20 161
20 164
20 166
20 169
20 170
20 171
20 173
20 175
20 176
20 177
20 178
20 180
21 1
21 5
21 6
21 7
21 8
21 10
21 11
21 12
21 13
21 14
21 15
21 18
21 22
21 23
21 27
21 30
21 31
21 33
21 35
21 36
21 39
21 42
21 46
21 47
21 49
21 50
21 51
21 56
21 57
21 58
21 59
21 60
21 61
21 63
21 64
21 66
21 67
21 70
21 73
21 75
21 76
21 79
21 81
21 85
21 86
21 89
21 91
21 92
21 95
21 97
21 98
21 99
21 100
21 101
21 102
21 105
21 106
21 107
21 108
21 110
21 112
21 113
21 115
21 118
21 119
21 120
21 121
21 123
21 124
21 128
21 129
21 130
21 131
21 132
21 134
21 138
21 140
21 141
21 151
21 153
21 154
21 155
21 157
21 158
21 159
21 165
21 166
21 168
21 169
21 170
21 172
21 173
21 174
21 175
21 177
21 178
21 180
22 3
22 4
22 9
22 10
22 11
22 14
22 15
22 16
22 19
22 22
22 23
22 27
22 28
22 31
22 32
22 34
22 35
22 36
22 37
22 38
22 39
22 42
22 43
22 44
22 45
22 47
22 49
22 51
22 53
22 54
22 55
22 57
22 58
22 61
22 63
22 64
22 65
22 66
22 67
22 69
22 70
22 72
22 74
22 75
22 76
22 78
22 83
22 84
22 87
22 88
22 91
22 93
22 95
22 97
22 98
22 99
22 102
22 103
22 110
22 111
22 112
22 113
22 114
22 115
22 116
22 117
22 118
22 119
22 121
22 124
22 125
22 126
22 128
22 129
22 134
22 135
22 136
22 138
22 140
22 146
22 147
22 148
22 149
22 150
22 154
22 155
22 157
22 159
22 160
22 162
22 163
22 164
22 165
22 166
22 167
22 168
22 169
22 172
22 174
22 175
22 178
22 180
23 2
23 3
23 6
23 7
23 8
23 9
23 10
23 12
23 17
23 18
23 21
23 22
23 23
23 26
23 29
23 30
23 35
23 36
23 39
23 40
23 41
23 42
23 44
23 45
23 46
23 47
23 48
23 51
23 52
23 53
23 55
23 58
23 61
23 62
23 65
23 66
23 67
23 69
23 71
23 72
23 74
23 75
23 76
23 79
23 80
23 83
23 84
23 87
23 88
23 89
23 90
23 94
23 95
23 97
23 99
23 100
23 104
23 105
23 106
23 109
23 110
23 111
23 112
23 116
23 117
23 119
23 120
23 123
23 124
23 125
23 129
23 132
23 135
23 136
23 140
23 141
23 143
23 145
23 147
23 150
23 153
23 154
23 157
23 158
23 159
23 162
23 165
23 168
23 169
23 172
23 173
23 174
23 178
23 179
24 2
24 4
24 6
24 7
24 10
24 11
24 12
24 14
24 17
24 18
24 20
24 21
24 22
24 27
24 29
24 33
24 34
24 36
24 37
24 39
24 40
24 41
24 43
24 44
24 46
24 47
24 51
24 55
24 56
24 57
24 58
24 59
24 60
24 63
24 64
24 65
24 66
24 67
24 69
24 71
24 76
24 77
24 82
24 83
24 84
24 85
24 86
24 87
24 91
24 101
24 102
24 104
24 105
24 106
24 107
24 111
24 112
24 115
24 120
24 122
24 125
24 126
24 129
24 130
24 133
24 134
24 138
24 139
24 140
24 141
24 146
24 147
24 148
24 151
24 152
24 153
24 155
24 156
24 159
24 162
24 164
24 165
24 166
24 169
24 171
24 175
24 176
24 177
24 178
24 179
25 1
25 2
25 5
25 6
25 7
25 12
25 14
25 15
25 16
25 17
25 19
25 22
25 26
25 27
25 28
25 29
25 31
25 33
25 34
25 35
25 37
25 40
25 43
25 44
25 48
25 49
25 51
25 53
25 54
25 55
25 56
25 59
25 61
25 62
25 63
25 65
25 66
25 67
25 68
25 69
25 74
25 75
25 79
25 80
25 83
25 88
25 90
25 91
25 94
25 95
25 97
25 99
25 100
25 103
25 110
25 114
25 117
25 118
25 120
25 122
25 123
25 124
25 125
25 126
25 127
25 128
25 132
25 135
25 136
25 137
25 140
25 142
25 145
25 146
25 148
25 149
25 150
25 153
25 155
25 157
25 158
25 164
25 166
25 167
25 168
25 170
25 175
25 176
25 179
26 2
26 3
26 4
26 6
26 7
26 9
26 11
26 12
26 14
26 16
26 17
26 18
26 20
26 21
26 22
26 27
26 30
26 33
26 34
26 35
26 36
26 37
26 39
26 40
26 42
26 44
26 45
26 48
26 49
26 52
26 53
26 57
26 58
26 60
26 63
26 65
26 68
26 71
26 73
26 74
26 77
26 78
26 79
26 80
26 88
26 90
26 92
26 94
26 95
26 98
26 100
26 104
26 110
26 112
26 113
26 114
26 118
26 120
26 122
26 123
26 124
26 128
26 135
26 136
26 141
26 145
26 149
26 151
26 153
26 156
26 160
26 161
26 163
26 165
26 167
26 169
26 172
26 173
26 176
26 177
26 179
26 180
27 2
27 5
27 7
27 12
27 15
27 16
27 18
27 19
27 20
27 22
27 29
27 32
27 39
27 42
27 43
27 44
27 46
27 49
27 53
27 55
27 56
27 57
27 58
27 59
27 60
27 63
27 65
27 66
27 67
27 69
27 72
27 73
27 75
27 76
27 77
27 79
27 80
27 81
27 86
27 88
27 91
27 97
27 98
27 99
27 104
27 105
27 110
27 111
27 113
27 114
27 115
27 117
27 118
27 119
27 120
27 121
27 125
27 126
27 127
27 130
27 137
27 138
27 139
27 141
27 142
27 143
27 145
27 147
27 148
27 150
27 153
27 155
27 157
27 158
27 163
27 164
27 166
27 167
27 168
27 169
27 171
27 173
27 175
27 177
27 178
28 1
28 2
28 3
28 5
28 6
28 9
28 10
28 11
28 12
28 15
28 17
28 19
28 21
28 22
28 23
28 24
28 26
28 27
28 35
28 39
28 40
28 41
28 42
28 47
28 49
28 50
28 51
28 52
28 53
28 54
28 63
28 64
28 65
28 67
28 68
28 72
28 73
28 74
28 76
28 78
28 81
28 83
28 84
28 87
28 89
28 90
28 97
28 98
28 101
28 105
28 106
28 107
28 110
28 111
28 112
28 114
28 115
28 117
28 119
28 120
28 121
28 123
28 125
28 126
28 127
28 129
28 132
28 133
28 134
28 138
28 142
28 143
28 144
28 145
28 148
28 149
28 153
28 155
28 160
28 161
28 162
28 163
28 165
28 167
28 169
28 173
28 175
28 177
28 179
29 2
29 4
29 6
29 9
29 12
29 14
29 15
29 19
29 21
29 22
29 23
29 24
29 26
29 29
29 30
29 31
29 33
29 34
29 35
29 36
29 37
29 38
29 40
29 41
29 43
29 44
29 49
29 50
29 51
29 55
29 57
29 59
29 60
29 63
29 64
29 67
29 68
29 70
29 72
29 75
29 76
29 77
29 78
29 82
29 84
29 85
29 86
29 89
29 90
29 91
29 92
29 96
29 97
29 100
29 101
29 103
29 105
29 107
29 108
29 109
29 112
29 115
29 118
29 120
29 122
29 123
29 125
29 126
29 130
29 132
29 133
29 134
29 135
29 136
29 138
29 143
29 145
29 148
29 149
29 150
29 152
29 154
29 156
29 160
29 161
29 163
29 164
29 166
29 167
29 168
29 169
29 170
29 171
29 172
29 178
30 1
30 2
30 6
30 7
30 8
30 9
30 14
30 15
30 18
30 20
30 21
30 25
30 26
30 28
30 31
30 37
30 38
30 39
30 40
30 43
30 44
30 46
30 47
30 51
30 52
30 53
30 58
30 59
30 60
30 62
30 64
30 67
30 69
30 72
30 74
30 76
30 77
30 78
30 81
30 82
30 83
30 84
30 85
30 88
30 89
30 90
30 95
30 98
30 103
30 106
30 107
30 108
30 110
30 111
30 114
30 115
30 117
30 120
30 121
30 122
30 123
30 125
30 126
30 127
30 128
30 130
30 131
30 132
30 134
30 141
30 143
30 145
30 147
30 148
30 151
30 152
30 154
30 156
30 157
30 161
30 164
30 165
30 167
30 168
30 169
30 170
30 171
30 177
30 178
30 180
31 1
31 2
31 3
31 6
31 8
31 9
31 15
31 16
31 20
31 21
31 22
31 23
31 24
31 26
31 27
31 28
31 33
31 35
31 36
31 44
31 47
31 48
31 49
31 50
31 52
31 53
31 55
31 57
31 59
31 61
31 63
31 67
31 68
31 69
31 70
31 74
31 76
31 78
31 80
31 81
31 82
31 84
31 88
31 89
31 90
31 91
31 92
31 94
31 95
31 97
31 101
31 103
31 105
31 106
31 107
31 108
31 109
31 110
31 111
31 113
31 114
31 115
31 117
31 119
31 120
31 121
31 122
31 123
31 126
31 132
31 133
31 134
31 136
31 138
31 139
31 140
31 141
31 142
31 144
31 145
31 146
31 147
31 148
31 152
31 155
31 157
31 158
31 160
31 161
31 163
31 164
31 165
31 167
31 168
31 169
31 170
31 172
31 176
31 177
32 1
32 3
32 4
32 8
32 9
32 11
32 12
32 14
32 16
32 19
32 20
32 21
32 24
32 27
32 29
32 30
32 32
32 33
32 35
32 36
32 37
32 39
32 42
32 44
32 47
32 49
32 52
32 55
32 58
32 64
32 65
32 66
32 67
32 70
32 71
32 73
32 75
32 76
32 80
32 81
32 83
32 85
32 91
32 92
32 94
32 96
32 101
32 102
32 103
32 104
32 106
32 108
32 109
32 111
32 114
32 115
32 117
32 118
32 119
32 120
32 125
32 126
32 129
32 144
32 147
32 148
32 149
32 151
32 153
32 156
32 157
32 158
32 161
32 163
32 164
32 165
32 167
32 170
32 171
32 173
32 179
32 180
33 3
33 4
33 6
33 8
33 11
33 13
33 15
33 17
33 19
33 23
33 24
33 28
33 30
33 31
33 43
33 44
33 45
33 47
33 49
33 52
33 53
33 55
33 57
33 59
33 60
33 63
33 65
33 66
33 68
33 69
33 71
33 72
33 74
33 75
33 76
33 77
33 79
33 81
33 84
33 89
33 90
33 91
33 93
33 97
33 99
33 100
33 101
33 104
33 105
33 108
33 110
33 113
33 115
33 119
33 122
33 123
33 124
33 127
33 129
33 131
33 133
33 135
33 136
33 137
33 139
33 140
33 141
33 142
33 144
33 145
33 147
33 148
33 150
33 151
33 152
33 155
33 158
33 159
33 161
33 164
33 166
33 170
33 171
33 173
33 174
33 175
33 177
33 179
34 1
34 2
34 3
34 4
34 6
34 9
34 11
34 12
34 14
34 15
34 16
34 17
34 18
34 19
34 20
34 21
34 23
34 24
34 26
34 27
34 28
34 30
34 33
34 35
34 36
34 40
34 41
34 42
34 43
34 47
34 48
34 49
34 50
34 51
34 52
34 53
34 59
34 60
34 64
34 65
34 66
34 67
34 69
34 72
34 73
34 74
34 77
34 78
34 79
34 81
34 82
34 84
34 85
34 88
34 89
34 91
34 92
34 93
34 94
34 96
34 97
34 98
34 99
34 101
34 102
34 103
34 104
34 105
34 110
34 112
34 114
34 120
34 121
34 122
34 123
34 124
34 126
34 129
34 130
34 131
34 137
34 138
34 140
34 143
34 144
34 145
34 146
34 151
34 153
34 154
34 156
34 157
34 158
34 162
34 165
34 169
34 173
34 174
34 178
34 180
35 4
35 5
35 7
35 8
35 12
35 15
35 16
35 17
35 19
35 20
35 21
35 22
35 23
35 25
35 27
35 29
35 31
35 32
35 33
35 35
35 36
35 38
35 39
35 40
35 41
35 42
35 43
35 44
35 46
35 47
35 51
35 52
35 58
35 60
35 61
35 62
35 67
35 70
35 71
35 73
35 76
35 78
35 79
35 82
35 86
35 87
35 89
35 90
35 91
35 92
35 93
35 95
35 97
35 98
35 100
35 102
35 108
35 112
35 113
35 114
35 116
35 120
35 122
35 124
35 126
35 131
35 133
35 136
35 138
35 139
35 148
35 150
35 153
35 154
35 155
35 156
35 158
35 159
35 162
35 165
35 166
35 168
35 172
35 173
35 174
35 175
35 177
35 178
35 179
35 180
36 4
36 5
36 6
36 8
36 11
36 12
36 13
36 14
36 15
36 16
36 18
36 20
36 21
36 26
36 27
36 28
36 33
36 34
36 42
36 43
36 47
36 49
36 50
36 52
36 54
36 55
36 57
36 58
36 59
36 60
36 62
36 63
36 64
36 65
36 66
36 67
36 68
36 70
36 72
36 74
36 75
36 76
36 77
36 78
36 84
36 90
36 91
36 92
36 93
36 94
36 95
36 97
36 98
36 100
36 101
36 102
36 103
36 107
36 109
36 111
36 115
36 118
36 119
36 120
36 121
36 123
36 124
36 125
36 129
36 130
36 133
36 136
36 140
36 141
36 142
36 144
36 146
36 148
36 149
36 150
36 151
36 154
36 155
36 156
36 158
36 160
36 161
36 162
36 164
36 168
36 169
36 170
36 174
36 177
36 179
36 180
37 5
37 9
37 11
37 12
37 13
37 14
37 15
37 18
37 19
37 21
37 23
37 24
37 25
37 26
37 27
37 28
37 29
37 30
37 33
37 37
37 38
37 40
37 42
37 44
37 47
37 49
37 50
37 54
37 56
37 58
37 61
37 63
37 64
37 65
37 66
37 67
37 68
37 69
37 71
37 73
37 75
37 77
37 78
37 80
37 82
37 85
37 86
37 87
37 88
37 90
37 91
37 93
37 100
37 101
37 105
37 108
37 110
37 113
37 114
37 118
37 122
37 123
37 125
37 132
37 133
37 134
37 137
37 140
37 144
37 147
37 149
37 150
37 151
37 152
37 153
37 155
37 158
37 160
37 164
37 166
37 169
37 170
37 172
37 175
37 176
37 179
37 180
38 2
38 5
38 6
38 8
38 11
38 15
38 18
38 19
38 20
38 22
38 24
38 27
38 28
38 30
38 31
38 34
38 35
38 38
38 39
38 40
38 42
38 43
38 46
38 48
38 49
38 51
38 52
38 56
38 62
38 63
38 64
38 67
38 68
38 69
38 70
38 72
38 75
38 77
38 80
38 82
38 83
38 85
38 88
38 90
38 93
38 96
38 97
38 98
38 99
38 101
38 104
38 106
38 107
38 108
38 109
38 110
38 111
38 112
38 113
38 115
38 116
38 119
38 120
38 128
38 131
38 132
38 133
38 135
38 139
38 140
38 141
38 143
38 144
38 146
38 147
38 148
38 149
38 151
38 153
38 156
38 158
38 160
38 161
38 162
38 164
38 166
38 167
38 168
38 171
38 174
38 177
38 178
38 179
38 180
39 2
39 3
39 6
39 7
39 9
39 13
39 15
39 18
39 20
39 21
39 26
39 27
39 30
39 31
39 34
39 35
39 36
39 37
39 38
39 41
39 42
39 43
39 45
39 49
39 51
39 61
39 66
39 67
39 69
39 70
39 71
39 72
39 73
39 75
39 80
39 86
39 87
39 89
39 91
39 92
39 94
39 95
39 96
39 97
39 98
39 101
39 102
39 103
39 105
39 106
39 108
39 110
39 111
39 112
39 113
39 116
39 117
39 120
39 121
39 122
39 123
39 124
39 126
39 127
39 129
39 130
39 131
39 132
39 133
39 134
39 136
39 137
39 138
39 139
39 140
39 141
39 142
39 144
39 146
39 149
39 150
39 152
39 154
39 155
39 159
39 160
39 162
39 166
39 167
39 168
39 171
39 172
39 175
39 176
39 178
39 180
40 1
40 2
40 11
40 17
40 20
40 21
40 23
40 24
40 25
40 28
40 29
40 31
40 33
40 35
40 36
40 37
40 38
40 40
40 43
40 45
40 46
40 48
40 53
40 54
40 56
40 57
40 58
40 60
40 62
40 66
40 67
40 70
40 72
40 73
40 74
40 76
40 77
40 78
40 88
40 90
40 94
40 95
40 96
40 98
40 103
40 106
40 107
40 109
40 116
40 119
40 120
40 121
40 127
40 128
40 130
40 131
40 133
40 134
40 136
40 139
40 140
40 144
40 145
40 147
40 148
40 150
40 151
40 152
40 153
40 155
40 156
40 157
40 158
40 159
40 160
40 165
40 166
40 168
40 169
40 173
40 174
40 175
40 176
41 1
41 2
41 3
41 8
41 9
41 12
41 13
41 14
41 18
41 21
41 22
41 27
41 32
41 33
41 39
41 40
41 42
41 43
41 44
41 45
41 47
41 48
41 49
41 50
41 51
41 53
41 54
41 56
41 59
41 62
41 63
41 64
41 65
41 67
41 68
41 69
41 74
41 76
41 78
41 80
41 82
41 84
41 85
41 87
41 89
41 94
41 101
41 103
41 106
41 107
41 111
41 113
41 114
41 115
41 116
41 117
41 118
41 120
41 121
41 125
41 127
41 130
41 131
41 132
41 135
41 136
41 137
41 138
41 141
41 142
41 144
41 145
41 146
41 147
41 149
41 153
41 154
41 155
41 158
41 159
41 161
41 163
41 166
41 167
41 171
41 173
41 175
41 176
41 179
41 180
42 2
42 3
42 4
42 5
42 8
42 13
42 14
42 15
42 16
42 17
42 18
42 22
42 24
42 25
42 26
42 27
42 28
42 31
42 33
42 35
42 36
42 37
42 38
42 39
42 40
42 41
42 45
42 46
42 48
42 49
42 50
42 51
42 52
42 54
42 55
42 57
42 60
42 62
42 63
42 65
42 68
42 71
42 74
42 75
42 80
42 83
42 85
42 90
42 91
42 93
42 94
42 95
42 97
42 98
42 99
42 103
42 104
42 105
42 106
42 107
42 108
42 109
42 110
42 111
42 113
42 114
42 115
42 116
42 117
42 118
42 122
42 127
42 132
42 135
42 136
42 140
42 141
42 142
42 144
42 145
42 146
42 147
42 148
42 149
42 151
42 152
42 155
42 161
42 164
42 165
42 168
42 170
42 174
42 175
42 177
42 180
43 2
43 3
43 4
43 7
43 9
43 10
43 11
43 13
43 14
43 15
43 18
43 19
43 20
43 21
43 25
43 29
43 30
43 31
43 33
43 37
43 39
43 41
43 45
43 51
43 52
43 53
43 56
43 57
43 58
43 59
43 63
43 65
43 66
43 69
43 71
43 72
43 73
43 75
43 77
43 79
43 80
43 83
43 85
43 86
43 88
43 91
43 94
43 96
43 97
43 100
43 101
43 102
43 105
43 106
43 109
43 111
43 113
43 116
43 118
43 119
43 121
43 122
43 124
43 125
43 126
43 127
43 128
43 130
43 131
43 134
43 135
43 139
43 140
43 141
43 144
43 147
43 149
43 151
43 152
43 153
43 154
43 156
43 157
43 158
43 160
43 161
43 162
43 163
43 164
43 165
43 166
43 167
43 171
43 172
43 173
43 174
43 175
43 176
43 177
43 178
43 179
44 3
44 6
44 7
44 8
44 9
44 12
44 17
44 18
44 19
44 20
44 21
44 22
44 23
44 25
44 26
44 31
44 37
44 38
44 40
44 41
44 42
44 45
44 48
44 49
44 51
44 52
44 53
44 54
44 55
44 56
44 59
44 68
44 69
44 70
44 72
44 75
44 76
44 78
44 81
44 82
44 83
44 85
44 86
44 87
44 89
44 90
44 91
44 92
44 93
44 94
44 95
44 97
44 100
44 101
44 103
44 105
44 106
44 107
44 108
44 110
44 111
44 113
44 114
44 115
44 119
44 121
44 123
44 124
44 126
44 128
44 130
44 131
44 132
44 133
44 135
44 136
44 137
44 138
44 141
44 142
44 143
44 145
44 146
44 147
44 149
44 152
44 155
44 157
44 159
44 160
44 166
44 170
44 171
44 176
44 177
44 178
44 180
45 1
45 2
45 4
45 7
45 11
45 13
45 16
45 18
45 19
45 21
45 24
45 25
45 28
45 29
45 30
45 35
45 39
45 41
45 43
45 47
45 48
45 50
45 52
45 54
45 55
45 56
45 57
45 58
45 60
45 63
45 65
45 66
45 70
45 74
45 77
45 79
45 81
45 82
45 86
45 87
45 91
45 92
45 93
45 96
45 97
45 98
45 100
45 103
45 104
45 105
45 106
45 107
45 108
45 109
45 110
45 112
45 114
45 115
45 116
45 117
45 119
45 120
45 121
45 122
45 126
45 127
45 136
45 138
45 139
45 142
45 144
45 147
45 148
45 149
45 154
45 156
45 158
45 159
45 162
45 164
45 165
45 166
45 168
45 169
45 171
45 172
45 177
45 179
45 180
46 3
46 4
46 5
46 7
46 13
46 14
46 15
46 16
46 17
46 18
46 20
46 22
46 23
46 25
46 28
46 30
46 31
46 32
46 33
46 37
46 38
46 41
46 44
46 45
46 46
46 49
46 50
46 53
46 55
46 56
46 57
46 58
46 59
46 63
46 64
46 67
46 69
46 70
46 72
46 76
46 78
46 79
46 83
46 85
46 87
46 89
46 98
46 101
46 102
46 104
46 106
46 109
46 110
46 111
46 112
46 113
46 114
46 115
46 125
46 127
46 128
46 129
46 131
46 134
46 135
46 137
46 139
46 140
46 142
46 144
46 145
46 146
46 147
46 148
46 149
46 155
46 156
46 158
46 161
46 162
46 164
46 166
46 168
46 170
46 171
46 172
46 174
46 178
46 180
47 1
47 4
47 5
47 6
47 7
47 10
47 12
47 13
47 15
47 18
47 20
47 21
47 23
47 24
47 26
47 27
47 29
47 30
47 31
47 34
47 36
47 37
47 40
47 43
47 44
47 45
47 46
47 47
47 51
47 52
47 53
47 54
47 55
47 57
47 58
47 61
47 65
47 70
47 71
47 72
47 73
47 74
47 75
47 78
47 79
47 80
47 81
47 83
47 85
47 87
47 89
47 90
47 91
47 95
47 97
47 100
47 101
47 106
47 107
47 108
47 109
47 110
47 112
47 113
47 114
47 118
47 121
47 122
47 123
47 124
47 125
47 126
47 127
47 129
47 130
47 131
47 133
47 134
47 135
47 140
47 142
47 143
47 146
47 147
47 149
47 152
47 153
47 156
47 160
47 162
47 164
47 167
47 169
47 171
47 172
47 173
47 174
47 177
48 4
48 5
48 6
48 8
48 9
48 11
48 12
48 13
48 14
48 17
48 19
48 20
48 21
48 22
48 23
48 27
48 31
48 36
48 38
48 39
48 41
48 42
48 43
48 47
48 48
48 49
48 50
48 53
48 54
48 56
48 59
48 61
48 63
48 67
48 68
48 70
48 71
48 72
48 74
48 77
48 78
48 83
48 84
48 85
48 88
48 89
48 90
48 91
48 92
48 93
48 94
48 95
48 97
48 100
48 101
48 102
48 103
48 104
48 105
48 108
48 109
48 110
48 111
48 114
48 115
48 116
48 118
48 121
48 123
48 124
48 126
48 127
48 131
48 133
48 134
48 136
48 137
48 139
48 141
48 143
48 144
48 145
48 150
48 155
48 156
48 158
48 163
48 164
48 170
48 171
48 174
48 176
48 177
48 178
48 180
49 1
49 3
49 6
49 7
49 8
49 9
49 12
49 15
49 16
49 17
49 18
49 22
49 24
49 25
49 28
49 29
49 32
49 33
49 34
49 35
49 36
49 37
49 38
49 39
49 40
49 44
49 45
49 46
49 47
49 48
49 50
49 52
49 54
49 56
49 60
49 61
49 63
49 69
49 70
49 71
49 74
49 76
49 77
49 79
49 81
49 85
49 86
49 87
49 89
49 90
49 91
49 96
49 97
49 98
49 99
49 101
49 102
49 104
49 106
49 107
49 108
49 111
49 112
49 118
49 119
49 120
49 124
49 127
49 128
49 132
49 133
49 134
49 135
49 138
49 140
49 141
49 145
49 146
49 147
49 148
49 149
49 151
49 152
49 153
49 154
49 156
49 159
49 160
49 161
49 162
49 166
49 169
49 170
49 171
49 175
49 179
50 1
50 2
50 4
50 5
50 8
50 10
50 12
50 13
50 15
50 17
50 20
50 21
50 25
50 29
50 30
50 34
50 35
50 37
50 38
50 42
50 43
50 49
50 50
50 51
50 52
50 55
50 56
50 57
50 58
50 59
50 61
50 62
50 67
50 71
50 73
50 75
50 80
50 82
50 83
50 86
50 89
50 91
50 93
50 95
50 97
50 99
50 100
50 102
50 103
50 106
50 110
50 111
50 112
50 113
50 116
50 117
50 118
50 119
50 121
50 122
50 126
50 130
50 131
50 133
50 135
50 136
50 141
50 142
50 144
50 147
50 148
50 150
50 152
50 153
50 156
50 157
50 159
50 160
50 162
50 163
50 164
50 167
50 168
50 169
50 170
50 171
50 172
50 174
50 175
50 177
50 178
50 179
50 180
51 2
51 3
51 6
51 7
51 10
51 12
51 13
51 15
51 16
51 17
51 21
51 22
51 25
51 29
51 30
51 32
51 34
51 37
51 38
51 39
51 40
51 43
51 44
51 45
51 46
51 47
51 48
51 50
51 53
51 54
51 57
51 64
51 67
51 73
51 74
51 76
51 80
51 83
51 84
51 85
51 86
51 87
51 90
51 92
51 93
51 94
51 97
51 98
51 99
51 100
51 101
51 104
51 105
51 108
51 111
51 112
51 113
51 116
51 117
51 119
51 120
51 121
51 123
51 126
51 127
51 131
51 133
51 136
51 138
51 139
51 140
51 141
51 142
51 145
51 147
51 148
51 150
51 152
51 156
51 157
51 165
51 166
51 167
51 169
51 172
51 173
51 174
51 175
51 177
51 178
52 2
52 3
52 5
52 6
52 7
52 8
52 9
52 10
52 17
52 19
52 20
52 21
52 22
52 23
52 25
52 26
52 27
52 28
52 29
52 34
52 37
52 38
52 40
52 42
52 43
52 45
52 47
52 50
52 55
52 61
52 62
52 69
52 72
52 76
52 82
52 83
52 84
52 85
52 87
52 88
52 89
52 90
52 95
52 99
52 100
52 101
52 102
52 103
52 108
52 109
52 110
52 111
52 112
52 113
52 114
52 118
52 120
52 121
52 122
52 124
52 125
52 129
52 130
52 131
52 136
52 137
52 138
52 142
52 145
52 147
52 148
52 149
52 151
52 158
52 161
52 162
52 163
52 164
52 165
52 166
52 168
52 172
52 173
52 177
52 179
53 1
53 4
53 5
53 7
53 8
53 10
53 11
53 12
53 13
53 14
53 15
53 16
53 18
53 20
53 21
53 22
53 25
53 26
53 29
53 30
53 32
53 33
53 34
53 36
53 38
53 40
53 41
53 42
53 43
53 46
53 47
53 48
53 49
53 52
53 54
53 56
53 57
53 59
53 60
53 62
53 64
53 67
53 68
53 72
53 74
53 77
53 80
53 84
53 85
53 87
53 88
53 89
53 90
53 91
53 92
53 93
53 94
53 96
53 97
53 98
53 99
53 100
53 106
53 108
53 110
53 112
53 115
53 118
53 119
53 120
53 121
53 122
53 123
53 124
53 125
53 127
53 128
53 130
53 132
53 134
53 137
53 139
53 142
53 143
53 145
53 146
53 147
53 151
53 152
53 153
53 154
53 157
53 160
53 164
53 166
53 167
53 168
53 173
53 177
53 179
53 180
54 1
54 2
54 5
54 6
54 7
54 9
54 10
54 12
54 13
54 14
54 15
54 16
54 18
54 21
54 25
54 26
54 27
54 29
54 34
54 36
54 38
54 39
54 40
54 42
54 43
54 44
54 45
54 46
54 47
54 48
54 50
54 52
54 53
54 55
54 59
54 60
54 61
54 65
54 66
54 68
54 69
54 73
54 74
54 81
54 82
54 83
54 85
54 86
54 90
54 91
54 100
54 102
54 103
54 104
54 105
54 107
54 108
54 109
54 110
54 112
54 113
54 114
54 115
54 118
54 119
54 123
54 125
54 127
54 130
54 135
54 136
54 140
54 146
54 148
54 149
54 150
54 151
54 152
54 154
54 156
54 158
54 159
54 160
54 163
54 165
54 170
54 172
54 174
54 176
54 178
54 179
55 1
55 5
55 6
55 7
55 11
55 12
55 13
55 16
55 18
55 19
55 22
55 24
55 27
55 29
55 32
55 33
55 34
55 36
55 40
55 41
55 43
55 47
55 48
55 49
55 50
55 53
55 54
55 56
55 57
55 58
55 61
55 62
55 65
55 66
55 68
55 69
55 72
55 73
55 75
55 77
55 79
55 81
55 82
55 83
55 84
55 85
55 86
55 87
55 90
55 92
55 94
55 96
55 97
55 102
55 105
55 107
55 108
55 109
55 111
55 112
55 114
55 115
55 116
55 117
55 118
55 122
55 127
55 129
55 130
55 131
55 132
55 133
55 135
55 136
55 139
55 141
55 143
55 148
55 152
55 153
55 159
55 160
55 166
55 169
55 173
55 174
55 176
55 177
55 178
55 179
55 180
56 1
56 3
56 5
56 7
56 10
56 11
56 13
56 14
56 15
56 19
56 22
56 25
56 26
56 29
56 30
56 32
56 34
56 35
56 37
56 38
56 39
56 40
56 41
56 42
56 44
56 48
56 49
56 50
56 52
56 53
56 55
56 58
56 62
56 63
56 64
56 67
56 70
56 75
56 77
56 80
56 81
56 82
56 83
56 86
56 88
56 89
56 98
56 99
56 100
56 101
56 104
56 105
56 109
56 112
56 115
56 116
56 117
56 119
56 121
56 122
56 124
56 125
56 126
56 127
56 129
56 130
56 132
56 135
56 139
56 140
56 141
56 144
56 145
56 147
56 148
56 155
56 159
56 164
56 166
56 169
56 170
56 173
56 174
56 176
56 179
56 180
57 1
57 2
57 4
57 9
57 10
57 11
57 13
57 14
57 17
57 19
57 20
57 21
57 26
57 30
57 32
57 33
57 36
57 37
57 38
57 42
57 44
57 46
57 49
57 51
57 54
57 55
57 58
57 59
57 60
57 62
57 63
57 64
57 65
57 66
57 68
57 69
57 71
57 72
57 74
57 77
57 79
57 81
57 85
57 88
57 90
57 92
57 94
57 97
57 98
57 99
57 101
57 103
57 104
57 105
57 106
57 109
57 111
57 112
57 113
57 114
57 115
57 116
57 117
57 118
57 120
57 122
57 123
57 126
57 127
57 128
57 130
57 131
57 134
57 135
57 136
57 138
57 141
57 142
57 143
57 146
57 147
57 149
57 150
57 151
57 153
57 155
57 156
57 159
57 161
57 165
57 167
57 170
57 173
57 174
57 179
57 180
58 1
58 2
58 3
58 5
58 6
58 8
58 10
58 11
58 13
58 14
58 15
58 17
58 18
58 21
58 22
58 23
58 24
58 25
58 27
58 31
58 34
58 35
58 38
58 39
58 42
58 43
58 45
58 46
58 47
58 48
58 49
58 50
58 52
58 53
58 55
58 57
58 58
58 62
58 64
58 68
58 69
58 71
58 73
58 74
58 76
58 82
58 83
58 84
58 85
58 86
58 89
58 90
58 91
58 92
58 93
58 94
58 96
58 97
58 100
58 102
58 103
58 104
58 108
58 109
58 113
58 116
58 120
58 121
58 123
58 129
58 130
58 134
58 140
58 141
58 142
58 144
58 145
58 146
58 147
58 151
58 154
58 155
58 156
58 157
58 158
58 161
58 166
58 168
58 170
58 172
58 174
58 176
58 177
58 180
59 4
59 5
59 6
59 8
59 9
59 10
59 11
59 12
59 13
59 15
59 18
59 20
59 21
59 24
59 25
59 27
59 28
59 30
59 32
59 34
59 36
59 37
59 39
59 42
59 45
59 46
59 47
59 48
59 52
59 57
59 59
59 60
59 61
59 62
59 63
59 68
59 69
59 71
59 73
59 76
59 78
59 79
59 80
59 81
59 83
59 85
59 88
59 90
59 91
59 92
59 93
59 96
59 98
59 101
59 102
59 104
59 107
59 111
59 113
59 116
59 118
59 119
59 120
59 122
59 128
59 129
59 132
59 133
59 135
59 136
59 137
59 139
59 140
59 141
59 144
59 145
59 147
59 148
59 150
59 151
59 153
59 156
59 157
59 159
59 160
59 164
59 172
59 173
59 175
59 178
60 2
60 5
60 9
60 11
60 14
60 15
60 16
60 18
60 19
60 20
60 25
60 28
60 31
60 33
60 34
60 36
60 39
60 43
60 44
60 45
60 46
60 48
60 50
60 53
60 55
60 57
60 58
60 62
60 63
60 65
60 68
60 69
60 71
60 76
60 78
60 79
60 82
60 84
60 85
60 88
60 89
60 90
60 91
60 94
60 95
60 98
60 100
60 102
60 103
60 107
60 110
60 111
60 114
60 115
60 116
60 117
60 122
60 123
60 124
60 125
60 127
60 128
60 129
60 130
60 131
60 134
60 135
60 139
60 140
60 141
60 145
60 148
60 149
60 150
60 151
60 152
60 153
60 155
60 157
60 159
60 160
60 161
60 164
60 165
60 167
60 168
60 169
60 171
60 172
60 174
60 175
60 176
60 179
61 1
61 4
61 5
61 6
61 8
61 11
61 16
61 25
61 26
61 29
61 32
61 33
61 38
61 39
61 40
61 44
61 46
61 47
61 48
61 49
61 50
61 52
61 54
61 55
61 57
61 60
61 61
61 64
61 65
61 66
61 67
61 69
61 70
61 72
61 76
61 78
61 83
61 84
61 85
61 86
61 87
61 88
61 89
61 91
61 93
61 95
61 96
61 99
61 100
61 102
61 103
61 104
61 105
61 106
61 108
61 113
61 114
61 115
61 116
61 117
61 119
61 120
61 122
61 125
61 129
61 130
61 131
61 133
61 134
61 135
61 136
61 137
61 139
61 140
61 144
61 145
61 146
61 149
61 150
61 152
61 156
61 157
61 158
61 159
61 160
61 162
61 163
61 164
61 166
61 167
61 168
61 169
61 170
61 171
61 172
61 174
61 175
61 177
61 178
61 179
61 180
62 2
62 3
62 7
62 13
62 15
62 16
62 21
62 24
62 25
62 26
62 27
62 28
62 29
62 30
62 32
62 34
62 37
62 38
62 39
62 40
62 41
62 45
62 46
62 47
62 49
62 50
62 51
62 52
62 59
62 60
62 61
62 62
62 64
62 66
62 68
62 72
62 73
62 75
62 76
62 77
62 78
62 80
62 81
62 82
62 83
62 85
62 90
62 96
62 98
62 103
62 104
62 106
62 107
62 108
62 109
62 110
62 116
62 118
62 119
62 120
62 125
62 127
62 129
62 133
62 134
62 135
62 141
62 143
62 144
62 145
62 148
62 149
62 152
62 153
62 154
62 155
62 156
62 160
62 163
62 165
62 168
62 173
62 174
62 177
62 178
63 1
63 2
63 7
63 9
63 11
63 13
63 14
63 15
63 16
63 18
63 21
63 22
63 24
63 26
63 27
63 28
63 30
63 31
63 32
63 34
63 36
63 37
63 40
63 42
63 43
63 45
63 48
63 50
63 51
63 52
63 53
63 54
63 61
63 68
63 69
63 77
63 78
63 79
63 80
63 81
63 84
63 90
63 93
63 94
63 96
63 97
63 98
63 100
63 101
63 103
63 105
63 107
63 109
63 111
63 113
63 115
63 119
63 121
63 122
63 123
63 124
63 125
63 127
63 128
63 129
63 131
63 132
63 134
63 135
63 136
63 137
63 138
63 139
63 140
63 142
63 144
63 149
63 150
63 152
63 156
63 157
63 159
63 160
63 166
63 178
64 1
64 2
64 4
64 6
64 7
64 8
64 9
64 10
64 11
64 12
64 15
64 17
64 19
64 20
64 21
64 22
64 24
64 26
64 27
64 28
64 31
64 32
64 33
64 35
64 37
64 39
64 41
64 42
64 43
64 45
64 47
64 49
64 51
64 53
64 59
64 60
64 62
64 65
64 67
64 68
64 70
64 71
64 72
64 76
64 77
64 79
64 81
64 82
64 83
64 84
64 87
64 88
64 90
64 91
64 92
64 95
64 97
64 99
64 100
64 101
64 102
64 103
64 105
64 110
64 112
64 113
64 116
64 117
64 118
64 119
64 123
64 126
64 127
64 130
64 131
64 139
64 142
64 144
64 146
64 148
64 149
64 152
64 153
64 154
64 155
64 156
64 157
64 159
64 161
64 164
64 170
64 172
64 173
64 174
64 176
64 178
64 180
65 1
65 3
65 4
65 7
65 8
65 11
65 12
65 14
65 15
65 19
65 21
65 22
65 25
65 26
65 29
65 30
65 31
65 32
65 34
65 35
65 36
65 37
65 38
65 39
65 40
65 43
65 47
65 51
65 53
65 54
65 56
65 57
65 58
65 59
65 61
65 62
65 63
65 64
65 71
65 72
65 73
65 75
65 76
65 79
65 81
65 83
65 84
65 85
65 90
65 91
65 92
65 95
65 98
65 99
65 101
65 103
65 105
65 107
65 110
65 112
65 113
65 114
65 118
65 121
65 122
65 125
65 126
65 128
65 129
65 130
65 131
65 132
65 135
65 136
65 137
65 138
65 140
65 141
65 142
65 146
65 147
65 149
65 151
65 152
65 153
65 154
65 156
65 157
65 159
65 164
65 166
65 167
65 170
65 171
65 172
65 173
65 176
65 177
65 178
66 1
66 2
66 4
66 6
66 7
66 9
66 10
66 12
66 13
66 15
66 22
66 24
66 25
66 26
66 27
66 29
66 30
66 32
66 33
66 34
66 36
66 37
66 39
66 40
66 42
66 43
66 45
66 49
66 50
66 51
66 52
66 53
66 55
66 57
66 63
66 64
66 66
66 68
66 69
66 71
66 73
66 74
66 76
66 77
66 78
66 79
66 84
66 86
66 88
66 89
66 90
66 92
66 94
66 95
66 97
66 100
66 106
66 108
66 109
66 111
66 115
66 118
66 119
66 120
66 127
66 128
66 129
66 131
66 132
66 134
66 136
66 137
66 140
66 142
66 143
66 148
66 153
66 157
66 158
66 161
66 167
66 170
66 172
66 174
66 175
66 176
66 179
66 180
67 1
67 2
67 5
67 11
67 12
67 14
67 15
67 18
67 19
67 25
67 26
67 27
67 29
67 30
67 32
67 33
67 34
67 37
67 38
67 39
67 41
67 50
67 52
67 53
67 54
67 56
67 58
67 59
67 60
67 64
67 65
67 70
67 71
67 72
67 73
67 75
67 76
67 78
67 79
67 80
67 81
67 82
67 84
67 85
67 86
67 88
67 93
67 95
67 105
67 106
67 108
67 110
67 111
67 112
67 113
67 117
67 121
67 122
67 124
67 125
67 127
67 128
67 132
67 133
67 146
67 147
67 148
67 153
67 155
67 157
67 159
67 160
67 161
67 163
67 164
67 165
67 169
67 171
67 176
67 177
67 178
67 179
68 1
68 4
68 5
68 6
68 9
68 10
68 11
68 13
68 14
68 15
68 16
68 17
68 18
68 19
68 20
68 21
68 22
68 25
68 26
68 30
68 34
68 36
68 37
68 38
68 39
68 41
68 42
68 44
68 45
68 47
68 50
68 55
68 56
68 58
68 59
68 60
68 63
68 65
68 66
68 67
68 68
68 70
68 72
68 73
68 74
68 75
68 76
68 77
68 78
68 79
68 80
68 81
68 82
68 83
68 84
68 87
68 89
68 93
68 95
68 99
68 100
68 103
68 104
68 106
68 107
68 110
68 111
68 113
68 116
68 118
68 120
68 122
68 123
68 128
68 130
68 131
68 135
68 138
68 139
68 140
68 141
68 142
68 143
68 144
68 145
68 146
68 147
68 149
68 150
68 153
68 154
68 157
68 158
68 166
68 167
68 168
68 169
68 170
68 172
68 175
68 176
68 178
69 1
69 2
69 3
69 9
69 11
69 12
69 14
69 15
69 17
69 22
69 23
69 27
69 29
69 30
69 35
69 37
69 40
69 41
69 42
69 43
69 47
69 48
69 49
69 52
69 55
69 56
69 57
69 59
69 62
69 63
69 64
69 66
69 67
69 68
69 69
69 71
69 73
69 83
69 84
69 93
69 95
69 96
69 97
69 100
69 102
69 107
69 108
69 112
69 115
69 116
69 119
69 123
69 126
69 132
69 133
69 136
69 137
69 140
69 142
69 143
69 144
69 148
69 149
69 152
69 153
69 154
69 155
69 156
69 157
69 158
69 160
69 166
69 168
69 169
69 170
69 171
69 175
69 176
69 180
70 2
70 3
70 4
70 5
70 8
70 9
70 11
70 12
70 15
70 29
70 30
70 31
70 32
70 33
70 34
70 35
70 37
70 38
70 40
70 42
70 44
70 46
70 47
70 48
70 49
70 50
70 54
70 58
70 61
70 62
70 66
70 69
70 71
70 73
70 74
70 75
70 76
70 80
70 82
70 83
70 84
70 85
70 90
70 92
70 96
70 98
70 99
70 106
70 107
70 108
70 109
70 110
70 112
70 113
70 114
70 117
70 118
70 119
70 121
70 123
70 125
70 126
70 127
70 128
70 129
70 133
70 135
70 137
70 138
70 140
70 143
70 147
70 148
70 149
70 150
70 152
70 153
70 154
70 156
70 158
70 159
70 160
70 161
70 162
70 165
70 166
70 167
70 168
70 169
70 172
70 173
70 176
70 177
70 179
71 1
71 2
71 3
71 6
71 8
71 9
71 10
71 11
71 13
71 15
71 17
71 18
71 21
71 23
71 24
71 29
71 33
71 34
71 35
71 36
71 37
71 38
71 41
71 42
71 44
71 49
71 51
71 53
71 56
71 57
71 59
71 60
71 61
71 63
71 64
71 65
71 68
71 69
71 70
71 74
71 75
71 76
71 77
71 78
71 79
71 80
71 81
71 82
71 84
71 85
71 86
71 87
71 92
71 94
71 95
71 97
71 98
71 99
71 102
71 103
71 107
71 110
71 113
71 117
71 120
71 121
71 122
71 127
71 129
71 130
71 132
71 133
71 134
71 135
71 137
71 140
71 146
71 149
71 150
71 151
71 152
71 154
71 157
71 158
71 160
71 161
71 162
71 164
71 165
71 166
71 169
71 171
71 173
71 175
71 176
71 179
72 2
72 3
72 4
72 5
72 7
72 8
72 10
72 12
72 13
72 14
72 15
72 16
72 18
72 19
72 22
72 23
72 25
72 28
72 29
72 33
72 34
72 35
72 36
72 37
72 38
72 39
72 40
72 41
72 43
72 44
72 45
72 46
72 47
72 48
72 51
72 53
72 54
72 55
72 56
72 57
72 60
72 61
72 62
72 63
72 68
72 70
72 71
72 72
72 73
72 74
72 77
72 78
72 79
72 80
72 82
72 84
72 88
72 92
72 93
72 95
72 96
72 99
72 100
72 101
72 102
72 103
72 104
72 106
72 108
72 114
72 116
72 117
72 119
72 120
72 121
72 122
72 126
72 128
72 129
72 131
72 132
72 134
72 136
72 137
72 138
72 139
72 140
72 141
72 142
72 145
72 146
72 147
72 148
72 150
72 151
72 153
72 155
72 156
72 159
72 160
72 161
72 164
72 166
72 168
72 171
72 173
72 175
72 177
72 178
72 179
73 2
73 3
73 5
73 7
73 8
73 11
73 12
73 13
73 14
73 17
73 19
73 22
73 23
73 24
73 26
73 27
73 29
73 31
73 35
73 41
73 42
73 44
73 45
73 46
73 47
73 52
73 56
73 58
73 59
73 66
73 67
73 68
73 71
73 73
73 74
73 75
73 76
73 77
73 80
73 82
73 85
73 86
73 87
73 89
73 91
73 94
73 96
73 97
73 98
73 99
73 101
73 103
73 105
73 107
73 112
73 113
73 114
73 115
73 117
73 118
73 119
73 121
73 122
73 123
73 127
73 128
73 129
73 130
73 135
73 138
73 139
73 140
73 141
73 144
73 145
73 146
73 147
73 148
73 149
73 150
73 152
73 153
73 154
73 160
73 161
73 162
73 163
73 167
73 168
73 170
73 171
73 177
73 179
74 2
74 8
74 9
74 10
74 12
74 14
74 16
74 17
74 18
74 20
74 25
74 27
74 28
74 30
74 32
74 35
74 39
74 40
74 41
74 46
74 47
74 49
74 51
74 55
74 58
74 60
74 61
74 62
74 63
74 64
74 65
74 66
74 68
74 70
74 73
74 77
74 78
74 81
74 82
74 84
74 85
74 87
74 89
74 90
74 91
74 93
74 95
74 96
74 98
74 102
74 103
74 104
74 106
74 107
74 108
74 109
74 110
74 112
74 113
74 114
74 115
74 116
74 120
74 121
74 123
74 128
74 130
74 132
74 134
74 135
74 142
74 143
74 145
74 146
74 148
74 157
74 158
74 164
74 167
74 168
74 169
74 172
74 173
74 178
74 179
75 3
75 7
75 8
75 13
75 14
75 16
75 17
75 19
75 20
75 22
75 27
75 30
75 32
75 35
75 36
75 38
75 40
75 42
75 46
75 51
75 52
75 53
75 55
75 58
75 60
75 61
75 63
75 70
75 71
75 72
75 73
75 74
75 75
75 77
75 78
75 79
75 82
75 83
75 84
75 88
75 92
75 99
75 101
75 102
75 103
75 106
75 107
75 112
75 113
75 115
75 116
75 120
75 121
75 122
75 128
75 129
75 133
75 134
75 135
75 138
75 139
75 140
75 141
75 143
75 144
75 145
75 146
75 147
75 149
75 154
75 156
75 158
75 160
75 161
75 162
75 164
75 166
75 170
75 171
75 175
75 176
75 178
75 179
75 180
76 1
76 3
76 4
76 5
76 8
76 15
76 16
76 17
76 20
76 25
76 26
76 27
76 28
76 32
76 33
76 34
76 35
76 36
76 37
76 41
76 42
76 44
76 45
76 46
76 47
76 49
76 53
76 55
76 56
76 58
76 60
76 62
76 64
76 65
76 66
76 70
76 71
76 72
76 73
76 75
76 76
76 78
76 80
76 81
76 82
76 83
76 84
76 87
76 89
76 90
76 91
76 95
76 96
76 97
76 98
76 101
76 102
76 103
76 104
76 108
76 110
76 111
76 112
76 114
76 115
76 116
76 117
76 118
76 121
76 123
76 126
76 128
76 130
76 133
76 136
76 138
76 140
76 141
76 145
76 146
76 150
76 154
76 155
76 156
76 157
76 159
76 164
76 165
76 166
76 167
76 170
76 172
76 173
76 175
76 177
76 178
76 179
77 3
77 6
77 10
77 11
77 13
77 15
77 16
77 18
77 19
77 22
77 25
77 27
77 28
77 31
77 33
77 37
77 39
77 40
77 42
77 47
77 49
77 50
77 51
77 52
77 56
77 57
77 59
77 60
77 62
77 64
77 66
77 67
77 72
77 75
77 76
77 83
77 86
77 87
77 88
77 90
77 95
77 100
77 101
77 103
77 104
77 107
77 109
77 114
77 117
77 118
77 122
77 123
77 124
77 127
77 128
77 130
77 134
77 135
77 137
77 140
77 143
77 144
77 147
77 150
77 151
77 155
77 157
77 158
77 159
77 161
77 164
77 166
77 167
77 170
77 173
77 174
77 177
78 1
78 2
78 5
78 7
78 8
78 11
78 12
78 15
78 17
78 18
78 19
78 21
78 23
78 25
78 27
78 28
78 29
78 31
78 32
78 33
78 34
78 35
78 37
78 39
78 44
78 46
78 47
78 50
78 51
78 53
78 56
78 58
78 59
78 61
78 62
78 67
78 68
78 71
78 72
78 73
78 74
78 75
78 77
78 79
78 80
78 82
78 84
78 85
78 87
78 94
78 97
78 98
78 100
78 106
78 107
78 108
78 109
78 111
78 112
78 113
78 114
78 115
78 117
78 119
78 125
78 126
78 129
78 133
78 134
78 136
78 137
78 138
78 139
78 140
78 141
78 144
78 146
78 147
78 148
78 149
78 150
78 152
78 153
78 154
78 155
78 160
78 161
78 165
78 166
78 167
78 168
78 169
78 171
78 173
78 174
78 179
78 180
79 1
79 2
79 3
79 4
79 6
79 7
79 14
79 17
79 18
79 19
79 21
79 27
79 28
79 34
79 35
79 36
79 38
79 39
79 41
79 42
79 43
79 45
79 46
79 48
79 50
79 53
79 54
79 55
79 56
79 57
79 60
79 61
79 62
79 63
79 64
79 65
79 69
79 74
79 75
79 77
79 80
79 82
79 85
79 88
79 91
79 93
79 96
79 97
79 99
79 101
79 102
79 103
79 104
79 105
79 108
79 110
79 114
79 119
79 120
79 121
79 123
79 124
79 126
79 127
79 128
79 130
79 131
79 132
79 133
79 134
79 135
79 138
79 139
79 141
79 146
79 149
79 151
79 152
79 154
79 156
79 158
79 159
79 160
79 163
79 164
79 165
79 167
79 174
79 175
79 176
79 178
79 179
79 180
80 2
80 4
80 5
80 9
80 10
80 11
80 12
80 13
80 15
80 16
80 17
80 18
80 20
80 23
80 26
80 28
80 29
80 31
80 32
80 34
80 35
80 36
80 39
80 43
80 44
80 48
80 49
80 51
80 54
80 55
80 56
80 58
80 59
80 60
80 62
80 67
80 69
80 70
80 73
80 75
80 77
80 81
80 82
80 83
80 85
80 86
80 87
80 88
80 89
80 90
80 91
80 96
80 98
80 99
80 101
80 104
80 107
80 108
80 110
80 113
80 114
80 120
80 122
80 124
80 126
80 127
80 128
80 129
80 134
80 136
80 138
80 140
80 141
80 144
80 146
80 148
80 149
80 151
80 153
80 155
80 157
80 158
80 160
80 163
80 165
80 168
80 169
80 175
80 176
80 177
80 178
80 179
80 180
81 2
81 3
81 4
81 5
81 6
81 7
81 10
81 13
81 16
81 19
81 20
81 21
81 22
81 23
81 25
81 26
81 27
81 29
81 30
81 31
81 32
81 33
81 36
81 38
81 39
81 43
81 45
81 46
81 52
81 54
81 55
81 56
81 57
81 58
81 59
81 60
81 62
81 63
81 64
81 65
81 66
81 68
81 69
81 71
81 73
81 75
81 76
81 79
81 85
81 86
81 87
81 88
81 91
81 92
81 94
81 95
81 98
81 99
81 101
81 102
81 103
81 104
81 108
81 109
81 111
81 113
81 114
81 115
81 116
81 119
81 121
81 122
81 123
81 124
81 125
81 126
81 128
81 129
81 130
81 131
81 133
81 136
81 137
81 142
81 145
81 151
81 153
81 154
81 155
81 157
81 159
81 160
81 164
81 166
81 169
81 170
81 171
81 172
81 173
81 176
81 177
82 1
82 4
82 5
82 6
82 7
82 8
82 17
82 22
82 25
82 27
82 29
82 30
82 31
82 32
82 34
82 36
82 37
82 39
82 40
82 44
82 45
82 53
82 54
82 55
82 56
82 57
82 59
82 63
82 64
82 65
82 69
82 71
82 72
82 74
82 75
82 76
82 78
82 80
82 81
82 82
82 84
82 86
82 92
82 93
82 96
82 98
82 102
82 103
82 105
82 106
82 108
82 110
82 111
82 114
82 116
82 118
82 119
82 122
82 124
82 125
82 126
82 128
82 129
82 131
82 132
82 133
82 134
82 137
82 139
82 140
82 141
82 142
82 143
82 146
82 149
82 151
82 153
82 155
82 161
82 163
82 165
82 166
82 167
82 172
82 174
82 176
82 179
82 180
83 2
83 3
83 4
83 5
83 6
83 7
83 8
83 13
83 14
83 16
83 19
83 22
83 23
83 25
83 26
83 27
83 28
83 29
83 30
83 34
83 38
83 39
83 40
83 42
83 43
83 47
83 50
83 53
83 54
83 57
83 58
83 61
83 65
83 67
83 68
83 69
83 72
83 74
83 76
83 79
83 82
83 84
83 86
83 87
83 89
83 91
83 92
83 93
83 95
83 96
83 100
83 101
83 102
83 105
83 107
83 108
83 109
83 112
83 114
83 117
83 120
83 122
83 123
83 125
83 128
83 130
83 133
83 135
83 136
83 137
83 145
83 146
83 149
83 151
83 153
83 154
83 155
83 157
83 159
83 161
83 162
83 168
83 169
83 176
83 177
83 179
83 180
84 1
84 4
84 5
84 8
84 9
84 12
84 16
84 20
84 25
84 27
84 28
84 29
84 30
84 31
84 33
84 35
84 36
84 41
84 43
84 45
84 47
84 48
84 50
84 58
84 59
84 60
84 61
84 64
84 65
84 67
84 68
84 70
84 72
84 75
84 77
84 81
84 85
84 86
84 87
84 89
84 90
84 91
84 92
84 93
84 94
84 96
84 97
84 98
84 99
84 103
84 104
84 106
84 108
84 109
84 110
84 111
84 112
84 113
84 114
84 121
84 123
84 125
84 126
84 128
84 132
84 134
84 135
84 137
84 139
84 140
84 141
84 142
84 143
84 144
84 146
84 147
84 157
84 158
84 162
84 163
84 169
84 173
84 174
84 176
84 177
84 179
85 1
85 2
85 3
85 4
85 5
85 10
85 11
85 12
85 15
85 16
85 17
85 18
85 22
85 25
85 29
85 30
85 34
85 36
85 37
85 40
85 41
85 44
85 46
85 50
85 51
85 55
85 56
85 57
85 58
85 60
85 62
85 64
85 66
85 69
85 70
85 71
85 73
85 75
85 76
85 77
85 78
85 79
85 80
85 81
85 84
85 85
85 91
85 92
85 95
85 97
85 98
85 99
85 104
85 108
85 112
85 114
85 119
85 120
85 121
85 122
85 124
85 125
85 127
85 128
85 130
85 131
85 132
85 133
85 134
85 139
85 141
85 142
85 143
85 144
85 145
85 146
85 148
85 149
85 150
85 153
85 155
85 158
85 159
85 160
85 163
85 167
85 168
85 170
85 172
85 173
85 174
85 176
85 177
85 178
85 179
86 6
86 8
86 10
86 16
86 22
86 24
86 31
86 34
86 36
86 37
86 38
86 39
86 42
86 44
86 45
86 46
86 51
86 52
86 54
86 56
86 59
86 63
86 64
86 66
86 67
86 68
86 71
86 72
86 76
86 79
86 83
86 84
86 85
86 89
86 91
86 92
86 94
86 98
86 100
86 101
86 103
86 104
86 107
86 111
86 114
86 117
86 119
86 120
86 121
86 124
86 125
86 126
86 128
86 129
86 130
86 131
86 132
86 133
86 136
86 137
86 140
86 141
86 144
86 146
86 148
86 152
86 153
86 156
86 157
86 163
86 166
86 168
86 172
86 174
86 178
86 180
87 4
87 5
87 6
87 8
87 12
87 15
87 19
87 22
87 23
87 27
87 30
87 32
87 33
87 34
87 35
87 36
87 42
87 44
87 48
87 51
87 53
87 54
87 57
87 59
87 60
87 61
87 62
87 63
87 65
87 66
87 67
87 71
87 72
87 73
87 74
87 78
87 85
87 88
87 89
87 90
87 93
87 96
87 97
87 99
87 100
87 101
87 102
87 106
87 109
87 113
87 114
87 116
87 117
87 118
87 119
87 120
87 121
87 123
87 125
87 126
87 128
87 135
87 136
87 137
87 138
87 144
87 146
87 147
87 149
87 151
87 153
87 155
87 156
87 157
87 158
87 160
87 162
87 163
87 165
87 166
87 167
87 168
87 173
87 175
87 178
87 180
88 2
88 5
88 7
88 9
88 10
88 11
88 12
88 13
88 14
88 16
88 18
88 19
88 21
88 24
88 25
88 26
88 27
88 28
88 29
88 30
88 31
88 34
88 35
88 41
88 43
88 44
88 45
88 48
88 49
88 50
88 51
88 52
88 54
88 57
88 59
88 61
88 62
88 64
88 65
88 67
88 68
88 69
88 70
88 71
88 72
88 75
88 78
88 82
88 84
88 86
88 87
88 88
88 89
88 91
88 92
88 95
88 96
88 97
88 98
88 99
88 100
88 101
88 102
88 103
88 105
88 108
88 112
88 113
88 114
88 116
88 118
88 119
88 120
88 122
88 126
88 127
88 128
88 131
88 133
88 134
88 136
88 138
88 139
88 140
88 141
88 144
88 147
88 148
88 149
88 150
88 154
88 155
88 156
88 157
88 158
88 159
88 161
88 162
88 167
88 169
88 170
88 171
88 172
88 174
88 176
88 178
88 179
88 180
89 2
89 3
89 4
89 5
89 8
89 9
89 13
89 21
89 22
89 23
89 26
89 29
89 30
89 31
89 34
89 39
89 41
89 44
89 46
89 49
89 50
89 52
89 53
89 54
89 55
89 56
89 59
89 60
89 65
89 66
89 69
89 71
89 73
89 75
89 80
89 81
89 83
89 85
89 87
89 90
89 93
89 97
89 105
89 108
89 112
89 115
89 116
89 118
89 119
89 121
89 122
89 123
89 125
89 126
89 129
89 131
89 133
89 137
89 139
89 141
89 146
89 149
89 153
89 154
89 159
89 160
89 162
89 163
89 172
89 175
89 176
89 179
90 1
90 5
90 9
90 10
90 12
90 13
90 15
90 16
90 18
90 19
90 23
90 24
90 25
90 30
90 32
90 33
90 34
90 36
90 38
90 39
90 40
90 41
90 44
90 45
90 46
90 49
90 50
90 55
90 56
90 58
90 60
90 62
90 63
90 65
90 66
90 72
90 75
90 77
90 82
90 85
90 86
90 87
90 93
90 95
90 96
90 99
90 101
90 102
90 103
90 105
90 107
90 111
90 112
90 114
90 115
90 117
90 118
90 119
90 121
90 122
90 123
90 124
90 126
90 127
90 128
90 129
90 130
90 131
90 132
90 134
90 136
90 137
90 141
90 144
90 148
90 151
90 157
90 158
90 161
90 166
90 177
90 179
91 4
91 5
91 6
91 7
91 10
91 11
91 12
91 14
91 15
91 16
91 17
91 22
91 23
91 25
91 27
91 31
91 32
91 33
91 35
91 36
91 39
91 40
91 43
91 45
91 46
91 48
91 51
91 55
91 57
91 58
91 61
91 63
91 64
91 65
91 66
91 68
91 69
91 71
91 72
91 76
91 77
91 81
91 84
91 85
91 86
91 89
91 90
91 91
91 94
91 100
91 101
91 102
91 109
91 110
91 115
91 116
91 118
91 120
91 124
91 125
91 127
91 128
91 129
91 130
91 131
91 132
91 134
91 135
91 136
91 138
91 141
91 143
91 149
91 152
91 154
91 156
91 157
91 160
91 162
91 170
91 171
91 173
91 174
91 176
91 178
91 180
92 2
92 4
92 5
92 6
92 7
92 8
92 13
92 15
92 18
92 20
92 21
92 22
92 24
92 28
92 29
92 30
92 31
92 33
92 35
92 37
92 43
92 44
92 45
92 46
92 50
92 52
92 53
92 54
92 55
92 59
92 63
92 65
92 66
92 67
92 69
92 70
92 74
92 75
92 77
92 78
92 81
92 83
92 84
92 85
92 86
92 88
92 89
92 91
92 92
92 93
92 96
92 97
92 98
92 99
92 100
92 101
92 103
92 106
92 107
92 109
92 111
92 113
92 114
92 116
92 117
92 118
92 120
92 121
92 123
92 127
92 128
92 130
92 131
92 135
92 136
92 139
92 141
92 142
92 146
92 148
92 149
92 150
92 154
92 157
92 159
92 161
92 162
92 163
92 167
92 168
92 172
92 173
92 174
92 175
92 176
92 179
93 2
93 3
93 7
93 8
93 9
93 14
93 16
93 17
93 22
93 25
93 26
93 27
93 28
93 32
93 36
93 40
93 41
93 45
93 48
93 50
93 51
93 54
93 58
93 59
93 63
93 66
93 67
93 69
93 70
93 72
93 73
93 76
93 77
93 79
93 83
93 87
93 90
93 96
93 98
93 99
93 100
93 104
93 105
93 107
93 108
93 109
93 110
93 111
93 114
93 115
93 117
93 118
93 119
93 120
93 121
93 122
93 124
93 125
93 126
93 128
93 130
93 136
93 137
93 138
93 141
93 143
93 145
93 148
93 151
93 153
93 154
93 157
93 158
93 160
93 163
93 164
93 170
93 171
93 176
93 178
93 179
93 180
94 1
94 2
94 3
94 7
94 8
94 10
94 12
94 13
94 14
94 15
94 17
94 21
94 23
94 24
94 25
94 26
94 29
94 30
94 32
94 34
94 35
94 36
94 38
94 42
94 43
94 44
94 46
94 47
94 49
94 50
94 51
94 54
94 55
94 56
94 59
94 60
94 61
94 63
94 66
94 67
94 71
94 72
94 74
94 80
94 88
94 90
94 92
94 96
94 97
94 98
94 99
94 100
94 101
94 102
94 103
94 105
94 109
94 115
94 116
94 117
94 118
94 119
94 120
94 121
94 122
94 126
94 127
94 128
94 133
94 135
94 138
94 139
94 142
94 143
94 145
94 148
94 149
94 150
94 153
94 156
94 157
94 160
94 165
94 166
94 167
94 169
94 172
94 173
94 177
94 179
95 3
95 4
95 5
95 9
95 11
95 12
95 14
95 15
95 18
95 20
95 22
95 24
95 27
95 29
95 30
95 33
95 34
95 35
95 36
95 39
95 42
95 43
95 47
95 51
95 53
95 54
95 55
95 56
95 57
95 58
95 61
95 62
95 64
95 65
95 66
95 71
95 72
95 73
95 75
95 76
95 78
95 79
95 80
95 81
95 83
95 85
95 86
95 90
95 91
95 93
95 98
95 99
95 104
95 105
95 106
95 109
95 112
95 114
95 115
95 116
95 117
95 118
95 120
95 121
95 122
95 127
95 128
95 129
95 131
95 132
95 134
95 135
95 139
95 140
95 141
95 142
95 144
95 146
95 148
95 150
95 151
95 155
95 161
95 164
95 165
95 166
95 167
95 170
95 172
95 174
95 175
95 177
95 180
96 2
96 4
96 8
96 9
96 10
96 12
96 14
96 15
96 16
96 19
96 20
96 21
96 23
96 24
96 26
96 29
96 30
96 31
96 34
96 35
96 36
96 40
96 43
96 45
96 48
96 49
96 54
96 57
96 60
96 63
96 65
96 66
96 67
96 68
96 69
96 73
96 74
96 76
96 77
96 84
96 87
96 90
96 91
96 92
96 94
96 97
96 99
96 101
96 104
96 107
96 108
96 109
96 112
96 113
96 115
96 117
96 118
96 120
96 122
96 124
96 126
96 129
96 130
96 131
96 133
96 134
96 135
96 136
96 138
96 140
96 142
96 143
96 144
96 148
96 150
96 151
96 152
96 154
96 156
96 157
96 161
96 162
96 164
96 167
96 169
96 171
96 172
96 173
96 175
96 177
96 180
97 3
97 4
97 5
97 7
97 10
97 11
97 12
97 13
97 15
97 19
97 20
97 23
97 25
97 26
97 28
97 29
97 33
97 35
97 36
97 38
97 39
97 40
97 41
97 43
97 45
97 46
97 51
97 55
97 56
97 58
97 59
97 60
97 61
97 63
97 64
97 66
97 67
97 70
97 72
97 73
97 74
97 75
97 77
97 80
97 84
97 86
97 87
97 88
97 89
97 91
97 92
97 93
97 95
97 99
97 101
97 104
97 105
97 107
97 109
97 112
97 114
97 115
97 116
97 117
97 121
97 122
97 124
97 127
97 128
97 131
97 132
97 134
97 138
97 140
97 141
97 144
97 145
97 147
97 153
97 154
97 157
97 158
97 160
97 166
97 167
97 170
97 173
97 174
97 177
97 179
98 1
98 3
98 4
98 5
98 6
98 8
98 9
98 12
98 13
98 16
98 17
98 20
98 21
98 23
98 25
98 26
98 28
98 29
98 30
98 32
98 34
98 35
98 38
98 39
98 40
98 42
98 43
98 44
98 45
98 46
98 48
98 49
98 50
98 53
98 54
98 55
98 57
98 62
98 63
98 64
98 66
98 68
98 69
98 70
98 72
98 73
98 74
98 75
98 76
98 77
98 78
98 80
98 81
98 84
98 88
98 89
98 90
98 93
98 94
98 95
98 96
98 98
98 100
98 102
98 103
98 105
98 106
98 110
98 111
98 120
98 124
98 127
98 128
98 130
98 131
98 135
98 137
98 139
98 140
98 141
98 143
98 145
98 146
98 149
98 151
98 152
98 155
98 157
98 158
98 159
98 160
98 163
98 164
98 167
98 169
98 170
98 174
98 175
98 176
98 178
98 179
99 2
99 7
99 8
99 9
99 10
99 12
99 15
99 18
99 22
99 24
99 27
99 29
99 30
99 31
99 32
99 33
99 35
99 37
99 38
99 39
99 41
99 42
99 43
99 46
99 48
99 49
99 50
99 51
99 54
99 55
99 57
99 58
99 60
99 62
99 63
99 64
99 67
99 69
99 71
99 74
99 76
99 77
99 79
99 81
99 82
99 88
99 89
99 90
99 91
99 92
99 94
99 96
99 97
99 98
99 101
99 103
99 104
99 106
99 109
99 110
99 114
99 117
99 118
99 119
99 120
99 121
99 124
99 126
99 127
99 128
99 129
99 130
99 131
99 133
99 134
99 135
99 137
99 143
99 146
99 148
99 150
99 151
99 152
99 154
99 155
99 156
99 158
99 159
99 162
99 163
99 164
99 165
99 171
99 172
99 174
99 176
99 177
99 178
99 180
100 1
100 3
100 4
100 6
100 7
100 8
100 9
100 15
100 16
100 17
100 19
100 24
100 25
100 27
100 28
100 29
100 30
100 31
100 32
100 35
100 36
100 37
100 41
100 45
100 46
100 48
100 53
100 56
100 58
100 59
100 62
100 64
100 69
100 70
100 71
100 72
100 75
100 77
100 80
100 81
100 82
100 85
100 92
100 95
100 96
100 97
100 98
100 99
100 101
100 104
100 109
100 110
100 112
100 113
100 115
100 116
100 117
100 118
100 120
100 123
100 125
100 129
100 131
100 132
100 133
100 135
100 136
100 139
100 141
100 147
100 152
100 155
100 158
100 159
100 160
100 161
100 162
100 163
100 165
100 167
100 169
100 175
100 178
100 179
101 1
101 7
101 8
101 10
101 11
101 15
101 16
101 19
101 20
101 21
101 28
101 29
101 34
101 35
101 36
101 37
101 38
101 39
101 41
101 44
101 48
101 51
101 52
101 53
101 54
101 57
101 58
101 61
101 63
101 64
101 65
101 68
101 71
101 72
101 74
101 76
101 81
101 84
101 85
101 86
101 88
101 90
101 91
101 92
101 94
101 95
101 96
101 98
101 99
101 100
101 104
101 105
101 106
101 107
101 111
101 113
101 114
101 116
101 118
101 119
101 121
101 122
101 123
101 126
101 128
101 129
101 130
101 131
101 132
101 133
101 134
101 135
101 136
101 137
101 140
101 141
101 142
101 143
101 145
101 146
101 147
101 150
101 151
101 152
101 157
101 158
101 159
101 164
101 167
101 168
101 173
101 175
101 177
101 178
101 179
101 180
102 1
102 2
102 3
102 5
102 6
102 8
102 9
102 11
102 15
102 18
102 22
102 23
102 24
102 26
102 30
102 32
102 33
102 34
102 38
102 42
102 43
102 47
102 48
102 49
102 51
102 52
102 56
102 57
102 58
102 60
102 63
102 64
102 66
102 67
102 68
102 69
102 76
102 77
102 78
102 85
102 87
102 88
102 89
102 93
102 94
102 95
102 100
102 101
102 103
102 104
102 105
102 106
102 112
102 114
102 115
102 117
102 120
102 122
102 123
102 124
102 126
102 127
102 129
102 130
102 132
102 135
102 136
102 138
102 139
102 140
102 142
102 145
102 146
102 150
102 151
102 153
102 156
102 158
102 162
102 164
102 165
102 167
102 168
102 169
102 172
102 173
102 177
102 180
103 1
103 2
103 4
103 7
103 8
103 11
103 12
103 13
103 16
103 18
103 22
103 23
103 24
103 26
103 27
103 30
103 31
103 33
103 35
103 36
103 38
103 40
103 43
103 48
103 49
103 50
103 52
103 53
103 54
103 56
103 57
103 58
103 59
103 62
103 63
103 64
103 66
103 68
103 75
103 78
103 79
103 80
103 81
103 82
103 85
103 86
103 87
103 91
103 97
103 99
103 101
103 103
103 104
103 105
103 106
103 107
103 109
103 112
103 114
103 117
103 119
103 120
103 123
103 124
103 128
103 131
103 132
103 134
103 135
103 137
103 138
103 139
103 142
103 143
103 145
103 146
103 148
103 150
103 153
103 156
103 158
103 159
103 160
103 164
103 165
103 166
103 168
103 169
103 170
103 172
103 173
103 174
103 177
103 179
103 180
104 4
104 6
104 8
104 9
104 10
104 11
104 14
104 20
104 25
104 26
104 28
104 30
104 31
104 33
104 34
104 35
104 36
104 37
104 38
104 39
104 45
104 46
104 49
104 50
104 51
104 52
104 53
104 54
104 57
104 58
104 60
104 63
104 64
104 65
104 66
104 67
104 70
104 71
104 78
104 79
104 80
104 83
104 84
104 86
104 88
104 90
104 92
104 95
104 96
104 97
104 99
104 102
104 106
104 107
104 108
104 109
104 111
104 114
104 117
104 120
104 121
104 122
104 123
104 125
104 126
104 127
104 128
104 129
104 130
104 131
104 132
104 133
104 134
104 135
104 136
104 138
104 141
104 143
104 144
104 145
104 146
104 147
104 148
104 149
104 150
104 152
104 153
104 154
104 160
104 162
104 163
104 165
104 166
104 169
104 170
104 171
104 172
104 174
104 175
104 178
104 180
105 1
105 2
105 3
105 4
105 5
105 7
105 8
105 9
105 10
105 11
105 13
105 14
105 16
105 17
105 18
105 19
105 20
105 21
105 23
105 24
105 25
105 26
105 33
105 36
105 39
105 42
105 46
105 48
105 54
105 55
105 57
105 58
105 60
105 61
105 63
105 66
105 67
105 69
105 70
105 72
105 73
105 74
105 75
105 79
105 81
105 84
105 86
105 87
105 89
105 93
105 95
105 96
105 97
105 98
105 99
105 102
105 104
105 106
105 108
105 110
105 112
105 114
105 115
105 119
105 120
105 122
105 123
105 124
105 126
105 127
105 129
105 130
105 131
105 132
105 133
105 135
105 141
105 145
105 149
105 153
105 154
105 157
105 159
105 160
105 164
105 166
105 167
105 169
105 170
105 171
105 172
105 173
105 175
105 176
105 179
106 3
106 6
106 7
106 8
106 9
106 10
106 11
106 12
106 13
106 14
106 15
106 16
106 17
106 18
106 20
106 21
106 24
106 26
106 27
106 28
106 29
106 30
106 32
106 33
106 34
106 35
106 36
106 37
106 42
106 43
106 44
106 47
106 48
106 50
106 56
106 57
106 63
106 65
106 66
106 67
106 68
106 71
106 74
106 76
106 77
106 78
106 85
106 86
106 90
106 92
106 94
106 96
106 97
106 98
106 101
106 105
106 106
106 108
106 109
106 111
106 114
106 115
106 116
106 118
106 120
106 122
106 123
106 125
106 126
106 127
106 129
106 130
106 131
106 132
106 135
106 136
106 138
106 141
106 143
106 144
106 145
106 151
106 155
106 156
106 157
106 159
106 162
106 163
106 164
106 165
106 166
106 171
106 172
106 177
106 178
106 180
107 2
107 3
107 4
107 5
107 6
107 7
107 9
107 10
107 26
107 27
107 28
107 29
107 30
107 31
107 32
107 34
107 36
107 39
107 41
107 49
107 50
107 53
107 54
107 56
107 58
107 59
107 60
107 62
107 70
107 74
107 75
107 78
107 80
107 81
107 84
107 85
107 90
107 93
107 95
107 97
107 99
107 100
107 105
107 106
107 107
107 108
107 110
107 111
107 112
107 114
107 115
107 116
107 117
107 119
107 120
107 122
107 124
107 125
107 126
107 127
107 128
107 129
107 136
107 144
107 145
107 148
107 149
107 150
107 153
107 155
107 156
107 158
107 164
107 165
107 168
107 169
107 174
107 175
107 177
108 2
108 3
108 7
108 8
108 11
108 12
108 14
108 16
108 17
108 18
108 19
108 23
108 24
108 26
108 28
108 29
108 30
108 32
108 33
108 35
108 38
108 41
108 43
108 47
108 49
108 51
108 53
108 55
108 56
108 57
108 58
108 59
108 61
108 64
108 65
108 67
108 69
108 70
108 74
108 79
108 80
108 81
108 83
108 86
108 87
108 90
108 94
108 95
108 96
108 101
108 106
108 107
108 108
108 111
108 113
108 114
108 116
108 120
108 123
108 124
108 126
108 127
108 128
108 129
108 132
108 139
108 140
108 144
108 147
108 148
108 149
108 154
108 160
108 162
108 165
108 167
108 169
108 170
108 171
108 173
108 174
108 175
108 176
108 177
108 178
109 6
109 7
109 9
109 10
109 21
109 23
109 24
109 26
109 27
109 28
109 31
109 32
109 34
109 36
109 41
109 43
109 44
109 48
109 49
109 50
109 53
109 54
109 56
109 57
109 58
109 59
109 60
109 62
109 63
109 66
109 68
109 70
109 72
109 73
109 74
109 75
109 76
109 78
109 81
109 82
109 83
109 85
109 89
109 91
109 94
109 96
109 100
109 103
109 105
109 106
109 109
109 110
109 115
109 116
109 117
109 119
109 122
109 127
109 128
109 130
109 131
109 133
109 134
109 135
109 136
109 138
109 139
109 144
109 151
109 153
109 156
109 157
109 158
109 162
109 163
109 164
109 166
109 167
109 168
109 169
109 170
109 172
109 174
109 176
109 177
109 179
110 3
110 4
110 5
110 8
110 9
110 10
110 12
110 13
110 17
110 19
110 22
110 25
110 26
110 28
110 29
110 30
110 32
110 35
110 36
110 37
110 38
110 39
110 43
110 44
110 45
110 46
110 48
110 49
110 52
110 53
110 54
110 55
110 57
110 60
110 62
110 65
110 66
110 68
110 69
110 70
110 72
110 73
110 75
110 78
110 81
110 82
110 83
110 84
110 85
110 86
110 89
110 90
110 92
110 94
110 95
110 98
110 99
110 100
110 101
110 105
110 109
110 112
110 113
110 114
110 116
110 117
110 118
110 119
110 121
110 125
110 129
110 130
110 131
110 132
110 133
110 136
110 137
110 139
110 140
110 142
110 144
110 149
110 150
110 152
110 153
110 157
110 160
110 161
110 163
110 164
110 166
110 167
110 169
110 170
110 172
110 173
110 174
110 175
110 176
110 178
111 1
111 2
111 4
111 6
111 9
111 11
111 12
111 14
111 15
111 17
111 19
111 20
111 21
111 22
111 23
111 24
111 25
111 26
111 29
111 32
111 33
111 36
111 37
111 38
111 40
111 42
111 43
111 47
111 49
111 50
111 54
111 57
111 59
111 60
111 64
111 65
111 66
111 72
111 76
111 77
111 78
111 81
111 83
111 85
111 86
111 87
111 89
111 90
111 91
111 94
111 95
111 99
111 105
111 106
111 108
111 110
111 113
111 116
111 117
111 119
111 120
111 122
111 129
111 131
111 134
111 135
111 136
111 137
111 138
111 141
111 144
111 145
111 150
111 151
111 152
111 154
111 156
111 157
111 158
111 161
111 165
111 167
111 169
111 170
111 171
111 175
111 176
111 179
112 1
112 2
112 4
112 6
112 7
112 8
112 12
112 15
112 18
112 21
112 23
112 24
112 26
112 28
112 29
112 31
112 33
112 35
112 36
112 37
112 38
112 39
112 40
112 42
112 43
112 44
112 45
112 47
112 50
112 53
112 55
112 56
112 57
112 60
112 61
112 62
112 63
112 64
112 67
112 70
112 71
112 76
112 78
112 79
112 80
112 82
112 83
112 86
112 89
112 92
112 94
112 100
112 101
112 102
112 105
112 106
112 107
112 109
112 112
112 114
112 120
112 122
112 124
112 129
112 130
112 131
112 132
112 133
112 135
112 137
112 138
112 139
112 140
112 141
112 142
112 144
112 145
112 147
112 150
112 151
112 152
112 153
112 154
112 156
112 157
112 168
112 172
112 173
112 174
112 175
112 176
112 178
112 180
113 1
113 2
113 5
113 6
113 7
113 8
113 19
113 20
113 22
113 24
113 25
113 30
113 31
113 35
113 36
113 38
113 39
113 40
113 42
113 43
113 45
113 46
113 49
113 51
113 52
113 53
113 56
113 57
113 58
113 65
113 66
113 67
113 73
113 74
113 77
113 79
113 80
113 81
113 82
113 83
113 87
113 88
113 90
113 92
113 93
113 95
113 96
113 97
113 98
113 101
113 103
113 104
113 106
113 107
113 111
113 113
113 114
113 118
113 119
113 120
113 121
113 122
113 124
113 125
113 126
113 127
113 129
113 130
113 131
113 133
113 135
113 136
113 140
113 141
113 142
113 144
113 149
113 150
113 151
113 153
113 154
113 155
113 160
113 161
113 164
113 165
113 166
113 167
113 169
113 171
113 173
113 176
113 178
114 2
114 4
114 6
114 7
114 14
114 17
114 19
114 22
114 23
114 25
114 27
114 28
114 29
114 30
114 31
114 33
114 35
114 41
114 44
114 46
114 48
114 49
114 50
114 51
114 52
114 53
114 54
114 55
114 56
114 58
114 62
114 63
114 65
114 66
114 67
114 68
114 72
114 74
114 75
114 76
114 77
114 78
114 79
114 80
114 81
114 82
114 84
114 85
114 87
114 88
114 89
114 92
114 94
114 104
114 110
114 112
114 113
114 114
114 115
114 116
114 118
114 121
114 123
114 125
114 126
114 129
114 130
114 133
114 134
114 137
114 139
114 141
114 142
114 146
114 147
114 148
114 150
114 152
114 154
114 157
114 158
114 159
114 160
114 163
114 165
114 169
114 171
114 172
114 173
114 175
114 177
114 179
114 180
115 1
115 4
115 5
115 6
115 9
115 11
115 12
115 13
115 15
115 16
115 17
115 19
115 21
115 22
115 23
115 24
115 25
115 26
115 27
115 28
115 30
115 34
115 38
115 39
115 40
115 43
115 44
115 46
115 47
115 48
115 50
115 53
115 54
115 55
115 56
115 58
115 63
115 67
115 68
115 71
115 74
115 78
115 79
115 80
115 81
115 82
115 83
115 84
115 86
115 91
115 92
115 93
115 94
115 95
115 96
115 100
115 101
115 103
115 104
115 106
115 108
115 109
115 110
115 111
115 114
115 115
115 118
115 121
115 122
115 123
115 124
115 125
115 131
115 132
115 135
115 137
115 140
115 142
115 143
115 144
115 147
115 148
115 149
115 150
115 151
115 152
115 153
115 155
115 159
115 162
115 165
115 166
115 167
115 171
115 173
115 175
115 176
115 178
116 5
116 7
116 10
116 12
116 14
116 17
116 19
116 21
116 23
116 24
116 26
116 28
116 31
116 32
116 33
116 34
116 37
116 40
116 41
116 46
116 47
116 48
116 49
116 51
116 52
116 53
116 54
116 56
116 62
116 64
116 68
116 69
116 70
116 72
116 74
116 75
116 77
116 80
116 84
116 86
116 88
116 90
116 91
116 92
116 95
116 96
116 100
116 101
116 102
116 103
116 105
116 106
116 107
116 109
116 111
116 113
116 114
116 118
116 119
116 123
116 129
116 133
116 134
116 135
116 137
116 139
116 142
116 143
116 145
116 147
116 148
116 149
116 150
116 155
116 156
116 158
116 160
116 161
116 162
116 164
116 166
116 169
116 172
116 173
116 177
116 179
117 1
117 2
117 3
117 4
117 5
117 6
117 7
117 9
117 10
117 11
117 13
117 15
117 16
117 17
117 18
117 21
117 23
117 24
117 25
117 26
117 27
117 28
117 29
117 30
117 31
117 34
117 37
117 38
117 42
117 43
117 46
117 47
117 52
117 54
117 57
117 60
117 61
117 62
117 66
117 68
117 69
117 70
117 73
117 75
117 77
117 79
117 81
117 82
117 83
117 84
117 85
117 89
117 96
117 97
117 98
117 99
117 101
117 107
117 111
117 113
117 115
117 118
117 119
117 120
117 121
117 126
117 127
117 133
117 135
117 139
117 140
117 141
117 142
117 145
117 149
117 150
117 153
117 155
117 160
117 162
117 164
117 165
117 166
117 167
117 169
117 171
117 172
117 174
117 177
117 180
118 3
118 4
118 9
118 11
118 13
118 14
118 16
118 17
118 21
118 22
118 23
118 24
118 25
118 26
118 30
118 31
118 32
118 34
118 35
118 37
118 40
118 43
118 44
118 47
118 49
118 54
118 55
118 56
118 58
118 59
118 63
118 66
118 67
118 68
118 70
118 74
118 76
118 77
118 79
118 80
118 82
118 83
118 86
118 87
118 92
118 95
118 97
118 98
118 99
118 100
118 103
118 105
118 106
118 107
118 108
118 109
118 110
118 114
118 116
118 117
118 123
118 125
118 126
118 128
118 131
118 132
118 133
118 134
118 135
118 139
118 141
118 142
118 143
118 144
118 146
118 147
118 148
118 149
118 150
118 154
118 155
118 160
118 163
118 164
118 166
118 168
118 169
118 172
118 175
118 176
118 178
118 180
119 1
119 2
119 4
119 6
119 7
119 8
119 9
119 11
119 14
119 17
119 19
119 24
119 31
119 33
119 35
119 40
119 42
119 45
119 46
119 48
119 50
119 53
119 55
119 57
119 60
119 61
119 63
119 65
119 66
119 69
119 70
119 71
119 73
119 77
119 79
119 80
119 81
119 82
119 86
119 88
119 91
119 92
119 94
119 96
119 97
119 98
119 106
119 108
119 109
119 112
119 113
119 115
119 117
119 118
119 119
119 123
119 124
119 125
119 126
119 128
119 131
119 136
119 139
119 141
119 142
119 143
119 144
119 145
119 146
119 147
119 151
119 152
119 156
119 157
119 158
119 159
119 161
119 165
119 166
119 167
119 168
119 172
119 176
119 177
119 178
119 179
119 180
120 1
120 2
120 3
120 5
120 8
120 9
120 10
120 11
120 12
120 13
120 15
120 16
120 19
120 21
120 23
120 25
120 27
120 29
120 30
120 32
120 34
120 35
120 38
120 40
120 45
120 46
120 49
120 52
120 53
120 54
120 59
120 60
120 65
120 66
120 68
120 69
120 71
120 72
120 74
120 82
120 83
120 84
120 85
120 86
120 88
120 89
120 91
120 92
120 93
120 96
120 97
120 98
120 100
120 102
120 103
120 105
120 107
120 109
120 111
120 112
120 115
120 117
120 120
120 121
120 123
120 124
120 128
120 130
120 133
120 138
120 139
120 143
120 144
120 147
120 150
120 151
120 152
120 154
120 156
120 157
120 162
120 164
120 166
120 167
120 169
120 173
120 175
120 176
120 177
120 178
120 179
120 180
121 3
121 4
121 6
121 7
121 12
121 14
121 15
121 16
121 18
121 19
121 24
121 26
121 27
121 30
121 31
121 34
121 35
121 36
121 37
121 38
121 40
121 43
121 44
121 46
121 47
121 49
121 50
121 51
121 52
121 53
121 59
121 61
121 64
121 65
121 66
121 67
121 68
121 73
121 75
121 77
121 78
121 79
121 80
121 82
121 84
121 85
121 87
121 88
121 90
121 93
121 97
121 98
121 99
121 101
121 102
121 105
121 106
121 107
121 109
121 115
121 117
121 121
121 123
121 124
121 125
121 126
121 127
121 129
121 130
121 136
121 137
121 140
121 141
121 144
121 145
121 146
121 147
121 153
121 155
121 156
121 157
121 163
121 164
121 165
121 166
121 167
121 168
121 169
121 170
121 171
121 174
121 175
121 176
121 177
121 178
121 179
122 1
122 3
122 9
122 11
122 12
122 17
122 18
122 22
122 23
122 26
122 28
122 29
122 33
122 35
122 37
122 38
122 39
122 40
122 42
122 44
122 51
122 52
122 53
122 55
122 56
122 57
122 58
122 59
122 62
122 65
122 66
122 67
122 69
122 72
122 74
122 76
122 78
122 81
122 83
122 84
122 86
122 87
122 90
122 91
122 92
122 98
122 99
122 101
122 103
122 107
122 108
122 109
122 110
122 111
122 113
122 114
122 120
122 121
122 127
122 128
122 129
122 130
122 131
122 132
122 133
122 134
122 140
122 141
122 142
122 145
122 150
122 153
122 158
122 159
122 161
122 162
122 163
122 164
122 165
122 170
122 174
122 175
122 176
122 179
123 2
123 4
123 5
123 6
123 9
123 12
123 14
123 15
123 17
123 20
123 22
123 23
123 24
123 25
123 28
123 29
123 30
123 31
123 33
123 34
123 37
123 38
123 43
123 45
123 46
123 47
123 51
123 52
123 53
123 54
123 59
123 60
123 62
123 63
123 64
123 65
123 66
123 67
123 70
123 73
123 75
123 76
123 79
123 80
123 81
123 84
123 85
123 86
123 87
123 89
123 91
123 93
123 96
123 104
123 105
123 108
123 110
123 111
123 112
123 113
123 115
123 116
123 117
123 118
123 120
123 127
123 128
123 129
123 130
123 131
123 133
123 137
123 139
123 141
123 144
123 145
123 146
123 148
123 149
123 151
123 153
123 154
123 157
123 159
123 163
123 164
123 165
123 167
123 168
123 171
123 173
123 174
123 176
123 177
123 178
124 6
124 7
124 8
124 14
124 15
124 17
124 18
124 19
124 25
124 27
124 31
124 33
124 34
124 36
124 37
124 38
124 40
124 41
124 44
124 45
124 49
124 52
124 53
124 54
124 58
124 60
124 61
124 62
124 65
124 66
124 71
124 73
124 75
124 79
124 81
124 82
124 85
124 87
124 90
124 92
124 94
124 99
124 101
124 103
124 104
124 106
124 107
124 108
124 109
124 110
124 113
124 115
124 118
124 120
124 123
124 124
124 130
124 134
124 136
124 137
124 142
124 143
124 146
124 149
124 151
124 154
124 156
124 158
124 159
124 163
124 165
124 168
124 173
124 174
124 175
124 176
125 4
125 5
125 6
125 7
125 8
125 9
125 11
125 18
125 21
125 22
125 24
125 25
125 28
125 30
125 31
125 32
125 33
125 34
125 36
125 39
125 41
125 42
125 45
125 47
125 48
125 49
125 50
125 56
125 57
125 60
125 65
125 68
125 73
125 74
125 76
125 77
125 79
125 80
125 82
125 87
125 90
125 94
125 95
125 97
125 99
125 100
125 102
125 103
125 104
125 105
125 107
125 109
125 111
125 114
125 115
125 116
125 117
125 119
125 121
125 123
125 124
125 126
125 127
125 128
125 131
125 132
125 135
125 136
125 141
125 143
125 144
125 145
125 146
125 147
125 150
125 152
125 153
125 156
125 159
125 160
125 161
125 162
125 165
125 166
125 167
125 168
125 169
125 171
125 173
125 174
125 178
125 179
126 3
126 6
126 10
126 12
126 16
126 19
126 20
126 23
126 24
126 26
126 27
126 28
126 29
126 30
126 31
126 37
126 38
126 39
126 40
126 41
126 42
126 44
126 45
126 46
126 48
126 50
126 51
126 57
126 60
126 61
126 62
126 64
126 66
126 67
126 68
126 69
126 70
126 71
126 72
126 73
126 77
126 78
126 82
126 83
126 88
126 89
126 90
126 91
126 92
126 96
126 97
126 98
126 100
126 103
126 105
126 106
126 107
126 108
126 110
126 111
126 113
126 115
126 117
126 118
126 119
126 122
126 123
126 125
126 126
126 128
126 130
126 131
126 132
126 133
126 135
126 136
126 137
126 138
126 139
126 140
126 141
126 144
126 148
126 150
126 152
126 155
126 156
126 157
126 159
126 161
126 163
126 164
126 166
126 167
126 169
126 170
126 172
126 173
126 174
126 175
126 176
126 177
126 179
126 180
127 3
127 5
127 8
127 9
127 13
127 15
127 16
127 17
127 20
127 26
127 27
127 28
127 30
127 32
127 37
127 38
127 39
127 40
127 42
127 43
127 47
127 48
127 50
127 51
127 52
127 57
127 58
127 59
127 60
127 61
127 62
127 63
127 65
127 66
127 67
127 71
127 72
127 73
127 74
127 75
127 78
127 80
127 82
127 86
127 89
127 91
127 92
127 93
127 95
127 97
127 98
127 99
127 102
127 103
127 107
127 109
127 114
127 116
127 119
127 122
127 125
127 126
127 127
127 128
127 130
127 131
127 134
127 136
127 137
127 139
127 140
127 141
127 142
127 143
127 144
127 145
127 147
127 149
127 151
127 153
127 154
127 157
127 158
127 160
127 163
127 164
127 169
127 171
127 172
127 173
127 176
127 178
127 180
128 1
128 2
128 4
128 7
128 9
128 10
128 11
128 12
128 14
128 16
128 17
128 18
128 19
128 20
128 22
128 23
128 27
128 28
128 30
128 31
128 32
128 34
128 40
128 42
128 43
128 44
128 49
128 52
128 54
128 56
128 57
128 66
128 67
128 68
128 71
128 72
128 78
128 79
128 80
128 84
128 85
128 87
128 90
128 93
128 94
128 95
128 96
128 98
128 100
128 101
128 104
128 108
128 111
128 115
128 118
128 119
128 121
128 124
128 128
128 131
128 134
128 136
128 138
128 139
128 140
128 141
128 142
128 145
128 146
128 148
128 149
128 150
128 153
128 159
128 161
128 162
128 163
128 164
128 167
128 169
128 170
128 171
128 172
128 173
128 174
128 176
128 177
128 178
129 2
129 3
129 5
129 8
129 10
129 11
129 13
129 14
129 15
129 18
129 24
129 26
129 27
129 29
129 30
129 31
129 32
129 33
129 34
129 37
129 38
129 40
129 41
129 43
129 44
129 45
129 47
129 48
129 49
129 52
129 53
129 56
129 57
129 58
129 61
129 63
129 66
129 67
129 69
129 70
129 72
129 73
129 74
129 75
129 76
129 79
129 80
129 86
129 87
129 88
129 89
129 90
129 95
129 96
129 97
129 98
129 101
129 102
129 107
129 109
129 110
129 112
129 113
129 117
129 119
129 120
129 122
129 124
129 125
129 127
129 128
129 132
129 133
129 134
129 138
129 143
129 145
129 146
129 148
129 149
129 153
129 154
129 155
129 158
129 161
129 163
129 165
129 166
129 167
129 168
129 170
129 173
129 174
129 175
129 176
129 177
129 178
129 180
130 1
130 3
130 4
130 5
130 6
130 7
130 15
130 16
130 17
130 18
130 19
130 20
130 24
130 28
130 30
130 31
130 32
130 33
130 34
130 35
130 37
130 38
130 40
130 41
130 42
130 44
130 49
130 51
130 52
130 53
130 54
130 55
130 60
130 62
130 63
130 64
130 66
130 67
130 68
130 70
130 71
130 72
130 73
130 76
130 77
130 79
130 80
130 82
130 83
130 85
130 86
130 87
130 88
130 91
130 92
130 94
130 95
130 96
130 102
130 105
130 107
130 108
130 109
130 110
130 112
130 114
130 115
130 117
130 119
130 120
130 122
130 124
130 125
130 126
130 127
130 128
130 129
130 134
130 135
130 136
130 137
130 138
130 140
130 143
130 144
130 145
130 146
130 147
130 148
130 149
130 151
130 152
130 153
130 156
130 157
130 158
130 160
130 162
130 163
130 164
130 165
130 166
130 169
130 170
130 171
130 174
130 176
130 177
131 2
131 3
131 6
131 8
131 9
131 11
131 14
131 16
131 19
131 20
131 22
131 25
131 29
131 30
131 31
131 33
131 34
131 38
131 39
131 41
131 45
131 46
131 48
131 50
131 51
131 52
131 53
131 56
131 58
131 61
131 62
131 63
131 65
131 66
131 68
131 69
131 71
131 72
131 73
131 74
131 76
131 80
131 81
131 83
131 84
131 85
131 86
131 90
131 94
131 96
131 98
131 101
131 103
131 104
131 107
131 108
131 109
131 110
131 112
131 115
131 117
131 118
131 122
131 124
131 125
131 128
131 129
131 131
131 133
131 137
131 139
131 140
131 143
131 144
131 145
131 146
131 149
131 150
131 151
131 152
131 153
131 155
131 156
131 158
131 166
131 167
131 168
131 170
131 172
131 174
131 175
131 177
131 178
132 1
132 3
132 4
132 5
132 6
132 9
132 12
132 13
132 14
132 15
132 16
132 17
132 18
132 20
132 23
132 27
132 32
132 36
132 41
132 42
132 43
132 44
132 47
132 48
132 49
132 53
132 56
132 57
132 59
132 61
132 62
132 64
132 66
132 67
132 69
132 70
132 72
132 73
132 74
132 75
132 77
132 78
132 79
132 81
132 82
132 83
132 84
132 85
132 86
132 88
132 90
132 92
132 93
132 94
132 95
132 98
132 100
132 107
132 109
132 110
132 115
132 116
132 118
132 119
132 120
132 121
132 123
132 124
132 128
132 129
132 130
132 131
132 132
132 135
132 136
132 137
132 138
132 139
132 140
132 144
132 145
132 146
132 147
132 149
132 150
132 151
132 153
132 156
132 157
132 159
132 160
132 161
132 162
132 165
132 169
132 170
132 171
132 173
132 175
132 178
132 179
132 180
133 1
133 2
133 5
133 6
133 7
133 8
133 10
133 11
133 14
133 18
133 19
133 23
133 25
133 29
133 30
133 34
133 36
133 37
133 40
133 42
133 43
133 45
133 46
133 50
133 51
133 52
133 55
133 56
133 57
133 58
133 59
133 63
133 65
133 66
133 68
133 69
133 71
133 73
133 74
133 75
133 76
133 79
133 82
133 89
133 90
133 91
133 92
133 94
133 95
133 98
133 99
133 100
133 102
133 103
133 104
133 105
133 106
133 107
133 109
133 115
133 117
133 118
133 120
133 123
133 127
133 130
133 131
133 133
133 134
133 136
133 139
133 140
133 141
133 145
133 146
133 147
133 148
133 149
133 152
133 156
133 158
133 159
133 162
133 163
133 165
133 166
133 169
133 171
133 172
133 174
133 175
133 177
133 178
134 1
134 2
134 3
134 4
134 5
134 7
134 11
134 13
134 14
134 15
134 17
134 19
134 20
134 22
134 23
134 25
134 26
134 28
134 29
134 30
134 31
134 33
134 34
134 37
134 38
134 39
134 41
134 42
134 43
134 45
134 48
134 50
134 51
134 53
134 55
134 58
134 59
134 60
134 61
134 62
134 63
134 64
134 66
134 68
134 73
134 74
134 76
134 77
134 78
134 81
134 83
134 85
134 86
134 88
134 89
134 90
134 92
134 93
134 97
134 98
134 100
134 102
134 103
134 107
134 108
134 111
134 113
134 115
134 117
134 118
134 120
134 122
134 123
134 124
134 125
134 126
134 127
134 129
134 131
134 133
134 134
134 135
134 136
134 138
134 141
134 144
134 150
134 151
134 153
134 154
134 155
134 156
134 158
134 161
134 163
134 164
134 167
134 169
134 170
134 172
134 175
134 176
134 179
134 180
135 3
135 7
135 8
135 12
135 13
135 16
135 19
135 21
135 24
135 26
135 28
135 31
135 32
135 33
135 35
135 36
135 38
135 39
135 41
135 47
135 50
135 57
135 58
135 61
135 66
135 72
135 73
135 74
135 75
135 78
135 79
135 81
135 82
135 85
135 86
135 87
135 92
135 96
135 97
135 99
135 100
135 103
135 104
135 105
135 106
135 109
135 110
135 113
135 120
135 122
135 123
135 124
135 125
135 127
135 129
135 131
135 132
135 133
135 137
135 139
135 140
135 143
135 144
135 149
135 151
135 156
135 159
135 162
135 163
135 164
135 168
135 169
135 170
135 171
135 174
135 175
135 179
135 180
136 1
136 2
136 4
136 6
136 19
136 20
136 21
136 23
136 27
136 29
136 30
136 34
136 37
136 40
136 41
136 43
136 44
136 46
136 48
136 49
136 50
136 51
136 52
136 56
136 60
136 62
136 65
136 68
136 69
136 71
136 72
136 73
136 76
136 77
136 79
136 80
136 82
136 83
136 84
136 85
136 87
136 88
136 89
136 90
136 91
136 92
136 93
136 96
136 97
136 100
136 102
136 103
136 104
136 105
136 107
136 108
136 109
136 114
136 119
136 122
136 129
136 133
136 139
136 141
136 142
136 143
136 148
136 151
136 155
136 157
136 158
136 159
136 160
136 162
136 165
136 171
136 173
136 174
136 179
137 2
137 4
137 5
137 8
137 9
137 11
137 12
137 13
137 16
137 17
137 19
137 21
137 23
137 24
137 28
137 29
137 30
137 31
137 33
137 34
137 37
137 39
137 40
137 41
137 42
137 44
137 48
137 50
137 51
137 53
137 54
137 56
137 57
137 58
137 59
137 61
137 63
137 66
137 68
137 71
137 74
137 76
137 78
137 79
137 80
137 81
137 84
137 85
137 86
137 88
137 91
137 95
137 97
137 99
137 106
137 109
137 110
137 111
137 112
137 116
137 120
137 121
137 123
137 127
137 128
137 129
137 131
137 135
137 136
137 137
137 139
137 140
137 141
137 142
137 143
137 144
137 150
137 152
137 155
137 156
137 157
137 158
137 161
137 163
137 164
137 165
137 166
137 175
137 176
138 1
138 3
138 5
138 6
138 8
138 10
138 11
138 13
138 15
138 17
138 18
138 20
138 21
138 23
138 25
138 26
138 27
138 29
138 30
138 31
138 35
138 36
138 37
138 40
138 42
138 43
138 44
138 45
138 49
138 50
138 52
138 57
138 58
138 60
138 61
138 65
138 70
138 71
138 74
138 75
138 76
138 77
138 78
138 79
138 80
138 84
138 85
138 87
138 89
138 90
138 91
138 92
138 93
138 95
138 96
138 100
138 101
138 106
138 109
138 110
138 111
138 112
138 114
138 115
138 116
138 117
138 120
138 121
138 125
138 126
138 129
138 130
138 132
138 140
138 142
138 144
138 147
138 148
138 149
138 150
138 152
138 153
138 154
138 156
138 157
138 161
138 162
138 164
138 171
138 172
138 174
138 176
138 177
138 178
138 179
139 2
139 6
139 7
139 8
139 9
139 10
139 14
139 16
139 19
139 21
139 24
139 25
139 27
139 28
139 32
139 34
139 36
139 38
139 39
139 40
139 47
139 49
139 50
139 52
139 53
139 58
139 60
139 62
139 64
139 67
139 68
139 73
139 74
139 76
139 77
139 78
139 79
139 80
139 82
139 94
139 96
139 97
139 98
139 99
139 100
139 102
139 103
139 105
139 110
139 112
139 114
139 115
139 117
139 119
139 121
139 122
139 123
139 125
139 127
139 129
139 131
139 135
139 137
139 139
139 140
139 143
139 147
139 148
139 149
139 150
139 151
139 153
139 154
139 155
139 156
139 157
139 158
139 159
139 160
139 161
139 163
139 166
139 167
139 168
139 169
139 172
139 174
139 177
139 178
139 180
140 1
140 5
140 7
140 9
140 12
140 13
140 20
140 22
140 23
140 24
140 26
140 27
140 32
140 36
140 37
140 41
140 42
140 44
140 48
140 49
140 51
140 52
140 53
140 54
140 56
140 58
140 63
140 67
140 68
140 70
140 72
140 73
140 74
140 75
140 77
140 78
140 79
140 80
140 84
140 87
140 89
140 90
140 91
140 93
140 95
140 102
140 104
140 106
140 107
140 109
140 112
140 114
140 119
140 120
140 124
140 127
140 129
140 130
140 131
140 133
140 134
140 135
140 136
140 137
140 139
140 141
140 142
140 143
140 145
140 146
140 150
140 151
140 153
140 155
140 157
140 158
140 163
140 164
140 166
140 168
140 169
140 170
140 173
140 175
140 176
140 179
141 1
141 2
141 8
141 9
141 11
141 14
141 20
141 22
141 27
141 28
141 29
141 32
141 33
141 38
141 40
141 41
141 44
141 45
141 46
141 48
141 52
141 53
141 54
141 56
141 57
141 59
141 60
141 61
141 62
141 63
141 64
141 65
141 67
141 69
141 71
141 72
141 74
141 77
141 78
141 81
141 82
141 83
141 85
141 87
141 88
141 90
141 92
141 93
141 94
141 96
141 97
141 100
141 101
141 102
141 103
141 108
141 109
141 111
141 112
141 113
141 114
141 116
141 118
141 119
141 123
141 125
141 127
141 129
141 130
141 131
141 132
141 134
141 136
141 138
141 142
141 146
141 147
141 148
141 149
141 150
141 151
141 152
141 153
141 155
141 156
141 160
141 162
141 163
141 165
141 167
141 168
141 169
141 175
141 178
141 179
141 180
142 3
142 4
142 7
142 10
142 11
142 12
142 15
142 17
142 20
142 24
142 25
142 26
142 27
142 29
142 31
142 32
142 33
142 34
142 35
142 36
142 37
142 38
142 39
142 40
142 41
142 44
142 46
142 47
142 48
142 50
142 51
142 52
142 53
142 54
142 56
142 58
142 60
142 62
142 64
142 66
142 67
142 69
142 71
142 73
142 74
142 76
142 77
142 78
142 80
142 87
142 88
142 90
142 91
142 93
142 95
142 97
142 98
142 101
142 102
142 103
142 104
142 109
142 110
142 111
142 112
142 114
142 115
142 116
142 119
142 123
142 124
142 126
142 132
142 138
142 141
142 143
142 144
142 147
142 148
142 153
142 154
142 155
142 157
142 159
142 162
142 163
142 164
142 167
142 168
142 169
142 171
142 173
142 174
142 176
142 180
143 1
143 2
143 3
143 4
143 6
143 8
143 9
143 10
143 12
143 13
143 14
143 15
143 19
143 20
143 21
143 23
143 24
143 28
143 32
143 34
143 36
143 38
143 44
143 46
143 50
143 52
143 55
143 60
143 61
143 63
143 68
143 70
143 71
143 73
143 76
143 77
143 81
143 84
143 88
143 89
143 93
143 94
143 95
143 96
143 98
143 100
143 102
143 103
143 104
143 105
143 109
143 110
143 111
143 113
143 114
143 116
143 117
143 118
143 119
143 122
143 123
143 124
143 127
143 128
143 130
143 131
143 136
143 138
143 140
143 142
143 145
143 149
143 151
143 153
143 154
143 157
143 158
143 159
143 163
143 164
143 167
143 168
143 171
143 174
143 175
143 177
144 1
144 2
144 7
144 16
144 18
144 20
144 21
144 22
144 24
144 25
144 28
144 30
144 31
144 33
144 35
144 37
144 38
144 40
144 43
144 44
144 45
144 46
144 47
144 49
144 50
144 51
144 52
144 53
144 54
144 55
144 56
144 57
144 59
144 63
144 69
144 70
144 75
144 76
144 77
144 80
144 82
144 83
144 84
144 85
144 87
144 89
144 90
144 91
144 92
144 98
144 100
144 104
144 108
144 111
144 115
144 119
144 122
144 123
144 124
144 125
144 127
144 129
144 131
144 132
144 133
144 134
144 135
144 136
144 141
144 151
144 153
144 154
144 156
144 157
144 159
144 163
144 165
144 166
144 171
144 173
144 176
144 179
