32 40 656 15
1 4
1 6
1 8
1 9
1 10
1 13
1 17
1 18
1 19
1 22
1 23
1 26
1 28
1 29
1 30
1 31
1 32
1 33
1 35
1 39
2 1
2 2
2 3
2 4
2 7
2 10
2 11
2 12
2 13
2 15
2 16
2 17
2 18
2 22
2 23
2 24
2 26
2 27
2 28
2 29
2 31
2 32
2 35
2 39
2 40
3 2
3 5
3 7
3 8
3 9
3 10
3 11
3 12
3 15
3 16
3 20
3 23
3 28
3 30
3 33
3 34
3 35
3 36
3 38
4 1
4 2
4 3
4 4
4 5
4 6
4 8
4 9
4 12
4 15
4 19
4 20
4 21
4 22
4 23
4 26
4 27
4 28
4 30
4 31
4 37
4 38
4 40
5 1
5 2
5 3
5 4
5 8
5 9
5 11
5 13
5 15
5 16
5 18
5 19
5 24
5 25
5 27
5 28
5 29
5 31
5 33
5 38
6 1
6 2
6 4
6 5
6 6
6 7
6 9
6 10
6 11
6 18
6 20
6 21
6 23
6 31
6 32
6 35
6 38
6 39
7 1
7 2
7 3
7 4
7 6
7 10
7 11
7 12
7 13
7 14
7 15
7 16
7 17
7 19
7 24
7 25
7 27
7 29
7 30
7 31
7 32
7 33
7 40
8 1
8 2
8 3
8 4
8 5
8 6
8 7
8 8
8 9
8 11
8 13
8 14
8 15
8 16
8 17
8 23
8 28
8 31
8 32
8 33
8 36
8 37
8 39
8 40
9 4
9 5
9 6
9 9
9 10
9 12
9 17
9 19
9 20
9 21
9 24
9 29
9 32
9 33
9 34
9 35
9 36
9 39
9 40
10 2
10 3
10 4
10 5
10 6
10 8
10 9
10 12
10 15
10 16
10 17
10 18
10 21
10 22
10 23
10 24
10 25
10 27
10 28
10 29
10 31
10 34
10 35
10 38
10 39
11 1
11 2
11 5
11 8
11 9
11 10
11 13
11 19
11 21
11 24
11 25
11 27
11 29
11 30
11 33
11 35
11 37
11 39
12 1
12 5
12 7
12 9
12 10
12 11
12 14
12 23
12 24
12 26
12 27
12 32
12 33
12 35
12 37
12 38
12 40
13 1
13 3
13 4
13 7
13 11
13 12
13 13
13 17
13 20
13 21
13 23
13 24
13 27
13 32
13 34
13 39
13 40
14 1
14 2
14 10
14 12
14 16
14 18
14 19
14 20
14 23
14 24
14 25
14 26
14 28
14 30
14 32
14 34
14 35
14 36
14 37
15 1
15 2
15 3
15 5
15 6
15 8
15 11
15 12
15 14
15 17
15 19
15 20
15 21
15 22
15 26
15 29
15 32
15 36
15 39
15 40
16 1
16 2
16 5
16 7
16 11
16 13
16 15
16 16
16 17
16 18
16 20
16 21
16 22
16 24
16 25
16 26
16 28
16 29
16 37
16 40
17 2
17 3
17 5
17 7
17 10
17 16
17 17
17 18
17 19
17 20
17 22
17 24
17 25
17 26
17 28
17 30
17 31
17 36
17 38
17 40
18 1
18 2
18 3
18 4
18 7
18 9
18 11
18 12
18 13
18 14
18 15
18 16
18 21
18 24
18 26
18 28
18 29
18 34
18 39
19 3
19 5
19 8
19 10
19 11
19 15
19 16
19 21
19 25
19 28
19 31
19 32
19 33
19 35
19 38
19 39
19 40
20 1
20 4
20 5
20 6
20 7
20 9
20 11
20 13
20 19
20 20
20 23
20 24
20 25
20 27
20 30
20 32
20 34
20 36
20 39
20 40
21 2
21 3
21 5
21 6
21 7
21 10
21 13
21 14
21 15
21 16
21 23
21 25
21 27
21 28
21 29
21 33
21 34
21 36
21 37
21 39
21 40
22 1
22 5
22 6
22 7
22 10
22 12
22 13
22 14
22 15
22 16
22 20
22 24
22 28
22 32
22 37
22 40
23 4
23 6
23 7
23 8
23 9
23 11
23 13
23 14
23 15
23 16
23 17
23 19
23 20
23 22
23 23
23 24
23 27
23 28
23 29
23 33
23 35
23 36
23 37
23 38
23 39
24 1
24 2
24 4
24 7
24 8
24 9
24 10
24 11
24 13
24 18
24 19
24 20
24 22
24 25
24 26
24 27
24 31
24 32
24 35
24 36
24 37
24 39
24 40
25 2
25 6
25 8
25 13
25 15
25 17
25 18
25 21
25 22
25 25
25 27
25 28
25 29
25 31
25 32
25 33
25 34
25 37
25 40
26 1
26 2
26 4
26 5
26 6
26 8
26 15
26 18
26 19
26 21
26 22
26 24
26 25
26 26
26 29
26 30
26 32
26 33
26 38
27 1
27 2
27 4
27 5
27 6
27 7
27 8
27 11
27 12
27 15
27 16
27 17
27 18
27 19
27 20
27 21
27 27
27 28
27 29
27 30
27 31
27 32
27 33
27 34
27 35
27 36
27 37
27 40
28 1
28 4
28 6
28 7
28 10
28 11
28 12
28 15
28 16
28 20
28 22
28 23
28 24
28 30
28 31
28 33
28 36
28 38
28 39
28 40
29 2
29 3
29 10
29 12
29 13
29 15
29 18
29 19
29 21
29 23
29 24
29 25
29 27
29 28
29 29
29 30
29 32
29 35
29 38
29 39
29 40
30 3
30 6
30 7
30 9
30 10
30 11
30 12
30 13
30 16
30 17
30 18
30 20
30 22
30 24
30 26
30 28
30 32
30 33
30 34
30 36
30 38
30 40
31 2
31 3
31 6
31 8
31 10
31 11
31 12
31 14
31 19
31 21
31 23
31 24
31 25
31 26
31 27
31 28
31 30
31 31
31 32
31 34
31 36
31 38
32 2
32 4
32 9
32 10
32 11
32 12
32 19
32 23
32 24
32 26
32 27
32 30
32 32
32 33
32 34
32 37
32 40
