64 80 2607 13
1 2
1 3
1 5
1 7
1 9
1 15
1 16
1 17
1 19
1 20
1 21
1 22
1 23
1 25
1 27
1 28
1 29
1 30
1 32
1 33
1 35
1 37
1 43
1 45
1 46
1 47
1 49
1 51
1 52
1 53
1 57
1 59
1 60
1 61
1 62
1 63
1 65
1 66
1 67
1 68
1 70
1 71
1 72
1 73
1 74
1 75
1 76
1 78
1 79
1 80
2 3
2 5
2 6
2 7
2 10
2 12
2 13
2 16
2 18
2 19
2 23
2 24
2 25
2 27
2 29
2 31
2 32
2 33
2 34
2 35
2 38
2 39
2 41
2 42
2 43
2 44
2 46
2 47
2 51
2 53
2 58
2 60
2 61
2 62
2 65
2 66
2 68
2 73
2 75
2 77
2 78
2 79
2 80
3 1
3 5
3 6
3 9
3 11
3 14
3 16
3 17
3 18
3 23
3 24
3 27
3 28
3 30
3 43
3 44
3 48
3 50
3 51
3 52
3 54
3 55
3 58
3 59
3 61
3 62
3 63
3 64
3 66
3 71
3 74
3 75
4 1
4 2
4 4
4 5
4 7
4 9
4 10
4 11
4 15
4 16
4 17
4 18
4 19
4 24
4 27
4 29
4 30
4 31
4 33
4 38
4 39
4 40
4 43
4 47
4 49
4 50
4 51
4 52
4 54
4 55
4 56
4 58
4 59
4 61
4 64
4 68
4 69
4 70
4 71
4 73
4 80
5 1
5 5
5 6
5 9
5 11
5 12
5 14
5 17
5 18
5 20
5 21
5 23
5 24
5 26
5 27
5 28
5 30
5 33
5 34
5 35
5 40
5 41
5 47
5 48
5 53
5 58
5 62
5 63
5 65
5 67
5 68
5 69
5 73
5 77
6 3
6 6
6 7
6 9
6 10
6 11
6 12
6 14
6 21
6 22
6 24
6 27
6 28
6 30
6 31
6 32
6 35
6 37
6 42
6 45
6 46
6 49
6 50
6 52
6 53
6 55
6 57
6 59
6 61
6 64
6 65
6 71
6 73
6 74
7 2
7 3
7 6
7 7
7 8
7 10
7 11
7 12
7 13
7 18
7 19
7 21
7 22
7 26
7 27
7 28
7 30
7 33
7 34
7 35
7 36
7 37
7 40
7 41
7 42
7 44
7 45
7 47
7 49
7 50
7 51
7 56
7 57
7 58
7 59
7 61
7 62
7 65
7 67
7 70
7 74
7 76
7 77
7 79
7 80
8 1
8 2
8 5
8 6
8 7
8 8
8 9
8 10
8 11
8 13
8 16
8 17
8 18
8 19
8 20
8 21
8 22
8 24
8 25
8 29
8 30
8 32
8 33
8 34
8 35
8 40
8 42
8 51
8 53
8 57
8 59
8 61
8 63
8 66
8 67
8 68
8 70
8 72
8 73
8 74
8 75
8 76
8 77
8 79
9 1
9 2
9 3
9 4
9 5
9 7
9 8
9 10
9 11
9 16
9 19
9 20
9 21
9 22
9 23
9 26
9 29
9 32
9 34
9 36
9 40
9 42
9 43
9 45
9 55
9 56
9 61
9 65
9 70
9 71
9 74
9 77
9 79
9 80
10 1
10 2
10 3
10 4
10 6
10 8
10 9
10 10
10 11
10 15
10 18
10 20
10 22
10 25
10 26
10 27
10 28
10 29
10 31
10 32
10 33
10 38
10 40
10 41
10 44
10 45
10 47
10 48
10 50
10 52
10 53
10 54
10 60
10 61
10 62
10 63
10 65
10 66
10 67
10 69
10 70
10 71
10 72
10 77
10 78
11 1
11 3
11 4
11 6
11 11
11 12
11 13
11 18
11 19
11 20
11 22
11 25
11 26
11 30
11 31
11 32
11 33
11 34
11 35
11 38
11 40
11 46
11 47
11 51
11 53
11 54
11 55
11 56
11 61
11 63
11 65
11 66
11 69
11 71
11 72
11 74
11 76
11 79
12 2
12 3
12 4
12 6
12 7
12 9
12 10
12 11
12 16
12 18
12 19
12 20
12 21
12 24
12 27
12 29
12 32
12 34
12 38
12 42
12 43
12 45
12 46
12 48
12 50
12 52
12 53
12 55
12 57
12 58
12 61
12 62
12 63
12 64
12 65
12 68
12 69
12 70
12 74
12 75
12 77
12 78
12 80
13 1
13 2
13 5
13 7
13 8
13 9
13 11
13 16
13 18
13 19
13 20
13 21
13 22
13 23
13 25
13 26
13 27
13 28
13 29
13 32
13 33
13 38
13 39
13 41
13 42
13 50
13 51
13 52
13 53
13 55
13 56
13 58
13 59
13 60
13 63
13 65
13 66
13 67
13 69
13 70
13 71
13 72
13 73
13 74
13 75
13 78
13 79
13 80
14 2
14 6
14 7
14 9
14 11
14 12
14 14
14 15
14 17
14 18
14 19
14 23
14 26
14 28
14 30
14 31
14 32
14 33
14 38
14 39
14 40
14 41
14 44
14 47
14 51
14 52
14 53
14 56
14 57
14 58
14 59
14 61
14 64
14 66
14 68
14 69
14 70
14 72
14 74
14 79
14 80
15 1
15 4
15 5
15 7
15 8
15 10
15 11
15 12
15 14
15 15
15 16
15 18
15 20
15 23
15 24
15 25
15 27
15 28
15 29
15 31
15 32
15 33
15 34
15 35
15 36
15 38
15 39
15 40
15 41
15 42
15 43
15 44
15 47
15 52
15 53
15 56
15 57
15 58
15 61
15 62
15 66
15 69
15 70
15 71
15 74
15 75
15 80
16 1
16 2
16 3
16 7
16 11
16 14
16 18
16 19
16 22
16 23
16 24
16 25
16 26
16 27
16 28
16 30
16 31
16 33
16 38
16 40
16 42
16 43
16 45
16 46
16 47
16 49
16 50
16 52
16 54
16 58
16 61
16 62
16 64
16 66
16 67
16 68
16 69
16 71
16 73
17 4
17 8
17 10
17 12
17 13
17 16
17 18
17 20
17 21
17 22
17 26
17 27
17 29
17 30
17 31
17 34
17 35
17 36
17 42
17 45
17 48
17 51
17 52
17 53
17 56
17 57
17 61
17 62
17 63
17 64
17 65
17 69
17 72
17 73
17 75
17 77
17 79
18 2
18 3
18 4
18 5
18 8
18 9
18 11
18 12
18 13
18 16
18 18
18 21
18 25
18 26
18 27
18 28
18 29
18 31
18 32
18 36
18 39
18 43
18 45
18 46
18 48
18 49
18 51
18 56
18 57
18 59
18 60
18 61
18 64
18 66
18 67
18 68
18 69
18 70
18 71
18 75
18 76
18 77
18 78
19 1
19 4
19 6
19 9
19 10
19 11
19 12
19 14
19 15
19 16
19 22
19 23
19 24
19 25
19 28
19 30
19 31
19 35
19 36
19 41
19 42
19 46
19 49
19 52
19 56
19 58
19 59
19 61
19 63
19 66
19 69
19 70
19 71
19 72
19 75
19 78
19 80
20 2
20 3
20 5
20 7
20 8
20 10
20 14
20 15
20 16
20 17
20 20
20 21
20 29
20 31
20 33
20 35
20 36
20 38
20 39
20 40
20 41
20 42
20 43
20 44
20 45
20 46
20 47
20 49
20 52
20 54
20 56
20 57
20 60
20 62
20 63
20 64
20 65
20 68
20 69
20 70
20 73
20 74
20 77
20 78
20 80
21 1
21 5
21 6
21 7
21 8
21 10
21 11
21 12
21 14
21 15
21 16
21 18
21 19
21 21
21 22
21 24
21 25
21 27
21 28
21 31
21 32
21 36
21 38
21 39
21 40
21 41
21 43
21 44
21 45
21 48
21 49
21 50
21 52
21 54
21 56
21 58
21 59
21 60
21 61
21 67
21 70
21 73
21 76
21 77
21 80
22 1
22 2
22 5
22 7
22 9
22 12
22 15
22 16
22 18
22 19
22 24
22 27
22 28
22 30
22 31
22 32
22 33
22 36
22 42
22 43
22 44
22 48
22 49
22 53
22 54
22 55
22 59
22 65
22 66
22 68
22 72
22 73
22 74
22 75
22 76
22 78
22 79
23 1
23 4
23 16
23 17
23 18
23 19
23 20
23 21
23 22
23 23
23 24
23 25
23 26
23 30
23 31
23 32
23 34
23 35
23 36
23 37
23 41
23 43
23 44
23 46
23 47
23 49
23 50
23 53
23 55
23 56
23 57
23 59
23 62
23 63
23 68
23 69
23 70
23 71
23 78
24 1
24 10
24 11
24 14
24 15
24 17
24 18
24 21
24 23
24 24
24 25
24 26
24 28
24 34
24 38
24 40
24 41
24 43
24 56
24 58
24 61
24 62
24 63
24 65
24 66
24 68
24 70
24 76
24 78
25 1
25 2
25 3
25 4
25 5
25 6
25 7
25 8
25 10
25 11
25 16
25 18
25 22
25 24
25 25
25 26
25 27
25 28
25 30
25 34
25 39
25 42
25 45
25 46
25 47
25 48
25 54
25 56
25 57
25 59
25 61
25 63
25 64
25 65
25 66
25 69
25 72
25 73
25 76
25 78
25 79
25 80
26 1
26 2
26 6
26 7
26 12
26 13
26 16
26 19
26 26
26 27
26 28
26 29
26 31
26 32
26 35
26 37
26 38
26 41
26 46
26 49
26 50
26 52
26 56
26 57
26 59
26 61
26 63
26 64
26 65
26 66
26 67
26 68
26 70
26 71
26 73
26 74
26 76
26 78
26 79
26 80
27 2
27 5
27 7
27 9
27 11
27 16
27 19
27 22
27 24
27 27
27 29
27 30
27 33
27 34
27 36
27 40
27 41
27 43
27 48
27 53
27 54
27 61
27 63
27 67
27 69
27 70
27 71
27 74
27 75
27 80
28 1
28 3
28 5
28 6
28 7
28 8
28 12
28 15
28 18
28 22
28 24
28 27
28 30
28 31
28 32
28 33
28 38
28 39
28 40
28 41
28 42
28 44
28 45
28 47
28 48
28 49
28 50
28 51
28 52
28 54
28 57
28 58
28 60
28 64
28 65
28 66
28 68
28 73
28 78
29 1
29 2
29 3
29 9
29 11
29 14
29 17
29 20
29 23
29 25
29 26
29 27
29 28
29 29
29 35
29 36
29 37
29 38
29 41
29 42
29 43
29 46
29 47
29 48
29 49
29 50
29 51
29 54
29 55
29 56
29 57
29 58
29 61
29 63
29 64
29 66
29 67
29 68
29 69
29 70
29 73
29 74
29 75
29 77
29 80
30 3
30 5
30 7
30 8
30 12
30 13
30 15
30 16
30 17
30 18
30 19
30 29
30 30
30 31
30 32
30 34
30 37
30 40
30 41
30 42
30 45
30 46
30 48
30 49
30 50
30 52
30 53
30 55
30 56
30 58
30 60
30 62
30 63
30 65
30 66
30 67
30 68
30 71
30 72
30 76
30 77
30 78
31 1
31 8
31 12
31 13
31 14
31 15
31 16
31 18
31 19
31 20
31 21
31 23
31 27
31 31
31 38
31 40
31 41
31 44
31 45
31 46
31 48
31 49
31 50
31 53
31 55
31 58
31 59
31 60
31 61
31 62
31 63
31 65
31 66
31 67
31 70
31 71
31 73
31 78
31 79
32 1
32 2
32 3
32 6
32 8
32 10
32 15
32 17
32 18
32 19
32 20
32 21
32 24
32 25
32 26
32 27
32 29
32 30
32 36
32 37
32 38
32 40
32 41
32 43
32 46
32 48
32 49
32 50
32 54
32 57
32 59
32 65
32 66
32 67
32 68
32 72
32 74
32 76
32 77
32 78
32 80
33 1
33 2
33 3
33 4
33 6
33 9
33 10
33 11
33 12
33 14
33 15
33 16
33 19
33 22
33 25
33 26
33 27
33 31
33 33
33 35
33 36
33 48
33 49
33 52
33 54
33 58
33 59
33 61
33 66
33 67
33 68
33 69
33 70
33 71
33 73
33 74
33 75
33 76
33 78
33 80
34 1
34 4
34 5
34 7
34 8
34 9
34 10
34 11
34 12
34 13
34 17
34 18
34 20
34 24
34 25
34 27
34 28
34 31
34 32
34 35
34 43
34 45
34 46
34 48
34 50
34 51
34 52
34 53
34 56
34 58
34 63
34 64
34 65
34 66
34 71
34 72
34 75
34 77
34 78
34 79
35 1
35 5
35 7
35 8
35 9
35 11
35 13
35 14
35 19
35 20
35 24
35 27
35 28
35 34
35 40
35 44
35 46
35 47
35 48
35 50
35 53
35 54
35 55
35 56
35 57
35 60
35 61
35 62
35 63
35 64
35 67
35 68
35 70
35 73
35 74
35 76
35 79
36 1
36 2
36 4
36 6
36 10
36 12
36 13
36 16
36 21
36 23
36 28
36 29
36 30
36 33
36 34
36 35
36 36
36 43
36 44
36 50
36 56
36 57
36 58
36 59
36 60
36 63
36 65
36 66
36 72
36 73
36 74
36 75
36 78
36 79
36 80
37 1
37 2
37 5
37 13
37 14
37 17
37 22
37 24
37 25
37 26
37 28
37 33
37 34
37 35
37 36
37 37
37 38
37 41
37 42
37 43
37 46
37 47
37 48
37 53
37 56
37 57
37 62
37 65
37 66
37 67
37 68
37 70
37 71
37 73
37 76
37 79
38 6
38 7
38 8
38 11
38 14
38 15
38 16
38 18
38 21
38 22
38 23
38 30
38 32
38 34
38 35
38 36
38 37
38 39
38 40
38 41
38 42
38 43
38 45
38 46
38 48
38 50
38 51
38 55
38 56
38 57
38 58
38 61
38 64
38 66
38 68
38 73
38 74
38 76
38 77
38 78
38 79
39 1
39 2
39 3
39 10
39 11
39 13
39 14
39 15
39 16
39 18
39 20
39 21
39 23
39 24
39 25
39 26
39 27
39 28
39 29
39 30
39 31
39 32
39 34
39 35
39 37
39 38
39 41
39 42
39 43
39 45
39 46
39 47
39 48
39 49
39 53
39 54
39 55
39 58
39 59
39 60
39 62
39 65
39 66
39 70
39 71
39 72
39 73
39 75
39 76
39 77
39 79
40 1
40 2
40 3
40 4
40 5
40 6
40 10
40 11
40 12
40 13
40 15
40 16
40 18
40 19
40 23
40 24
40 26
40 27
40 28
40 30
40 32
40 33
40 36
40 37
40 38
40 39
40 44
40 46
40 48
40 51
40 52
40 54
40 57
40 59
40 60
40 62
40 63
40 65
40 66
40 71
40 74
40 75
40 76
40 77
40 79
40 80
41 2
41 5
41 6
41 10
41 16
41 17
41 18
41 19
41 21
41 23
41 24
41 25
41 26
41 27
41 28
41 29
41 30
41 34
41 35
41 36
41 37
41 40
41 42
41 44
41 47
41 48
41 50
41 51
41 52
41 54
41 55
41 57
41 59
41 60
41 62
41 64
41 65
41 66
41 67
41 68
41 72
41 73
41 76
41 77
41 78
41 79
41 80
42 1
42 2
42 3
42 5
42 7
42 8
42 12
42 13
42 15
42 17
42 19
42 21
42 24
42 25
42 27
42 31
42 33
42 35
42 36
42 37
42 38
42 39
42 40
42 43
42 44
42 45
42 46
42 48
42 50
42 51
42 52
42 53
42 54
42 55
42 58
42 59
42 60
42 63
42 67
42 68
42 70
42 71
42 72
42 74
42 75
42 78
42 79
43 1
43 2
43 3
43 4
43 8
43 9
43 10
43 12
43 13
43 14
43 15
43 19
43 20
43 21
43 22
43 23
43 26
43 28
43 31
43 32
43 33
43 35
43 36
43 37
43 38
43 39
43 40
43 41
43 43
43 44
43 45
43 47
43 48
43 52
43 53
43 54
43 56
43 57
43 60
43 62
43 63
43 64
43 65
43 66
43 67
43 69
43 70
43 71
43 73
43 74
43 78
43 80
44 3
44 11
44 12
44 17
44 18
44 19
44 21
44 23
44 24
44 26
44 28
44 29
44 30
44 32
44 36
44 37
44 38
44 40
44 41
44 46
44 49
44 50
44 51
44 54
44 55
44 57
44 58
44 59
44 60
44 62
44 63
44 64
44 66
44 67
44 69
44 70
44 72
44 77
44 78
44 79
45 2
45 4
45 5
45 7
45 10
45 11
45 13
45 18
45 24
45 26
45 28
45 30
45 36
45 39
45 42
45 43
45 45
45 46
45 47
45 49
45 50
45 51
45 53
45 54
45 55
45 56
45 58
45 60
45 61
45 63
45 64
45 68
45 69
45 70
45 73
45 75
45 76
45 78
45 79
46 1
46 3
46 4
46 6
46 7
46 8
46 9
46 12
46 13
46 14
46 16
46 17
46 18
46 19
46 22
46 23
46 25
46 26
46 27
46 29
46 30
46 37
46 38
46 39
46 40
46 41
46 42
46 43
46 45
46 46
46 47
46 48
46 50
46 55
46 57
46 58
46 60
46 64
46 67
46 68
46 69
46 70
46 71
46 73
46 74
46 75
46 77
46 79
47 1
47 7
47 8
47 9
47 10
47 15
47 19
47 21
47 23
47 25
47 26
47 29
47 30
47 31
47 32
47 36
47 38
47 43
47 47
47 48
47 49
47 51
47 52
47 53
47 54
47 55
47 58
47 63
47 64
47 65
47 67
47 70
47 71
47 75
48 3
48 4
48 6
48 7
48 8
48 9
48 14
48 15
48 16
48 20
48 21
48 22
48 25
48 27
48 28
48 29
48 31
48 33
48 36
48 37
48 38
48 41
48 42
48 44
48 45
48 48
48 49
48 52
48 54
48 59
48 62
48 65
48 66
48 67
48 68
48 69
48 70
48 71
48 73
48 74
48 75
48 77
48 78
48 80
49 1
49 2
49 7
49 9
49 12
49 13
49 14
49 15
49 16
49 17
49 18
49 22
49 25
49 26
49 28
49 31
49 32
49 33
49 34
49 35
49 40
49 41
49 42
49 43
49 46
49 48
49 49
49 52
49 57
49 59
49 61
49 63
49 66
49 67
49 68
49 69
49 71
49 76
49 77
49 79
49 80
50 4
50 6
50 10
50 12
50 17
50 18
50 20
50 22
50 25
50 27
50 30
50 31
50 32
50 33
50 35
50 36
50 39
50 40
50 42
50 44
50 46
50 47
50 50
50 52
50 54
50 55
50 57
50 58
50 63
50 64
50 66
50 68
50 69
50 71
50 72
50 73
50 75
50 78
50 80
51 1
51 3
51 4
51 5
51 6
51 10
51 11
51 12
51 14
51 17
51 19
51 20
51 21
51 22
51 23
51 26
51 30
51 32
51 33
51 35
51 36
51 40
51 41
51 42
51 50
51 55
51 56
51 57
51 58
51 59
51 60
51 61
51 62
51 67
51 69
51 76
51 79
51 80
52 1
52 3
52 5
52 8
52 10
52 12
52 15
52 16
52 21
52 22
52 25
52 29
52 31
52 33
52 36
52 37
52 38
52 39
52 40
52 43
52 44
52 46
52 49
52 53
52 54
52 55
52 57
52 58
52 62
52 64
52 67
52 71
52 72
52 73
52 77
52 79
52 80
53 3
53 4
53 6
53 10
53 11
53 12
53 13
53 15
53 17
53 19
53 21
53 22
53 23
53 24
53 25
53 26
53 27
53 29
53 30
53 31
53 33
53 35
53 38
53 39
53 40
53 41
53 42
53 44
53 45
53 49
53 50
53 53
53 55
53 60
53 63
53 64
53 65
53 66
53 68
53 69
53 70
53 71
53 72
53 74
53 75
53 78
53 80
54 5
54 6
54 7
54 13
54 14
54 17
54 25
54 28
54 34
54 36
54 37
54 43
54 44
54 45
54 48
54 50
54 51
54 52
54 53
54 54
54 57
54 58
54 59
54 62
54 63
54 68
54 75
54 76
54 77
54 78
54 79
55 1
55 3
55 4
55 5
55 6
55 9
55 11
55 13
55 16
55 20
55 22
55 24
55 25
55 26
55 29
55 31
55 33
55 39
55 41
55 42
55 43
55 48
55 49
55 50
55 53
55 54
55 55
55 58
55 61
55 62
55 64
55 66
55 71
55 72
55 73
55 75
55 78
55 80
56 3
56 5
56 7
56 8
56 10
56 11
56 15
56 16
56 17
56 20
56 21
56 23
56 24
56 28
56 30
56 31
56 33
56 35
56 37
56 39
56 41
56 42
56 44
56 51
56 55
56 57
56 58
56 59
56 63
56 64
56 68
56 72
56 74
56 75
56 76
56 78
57 5
57 6
57 8
57 10
57 11
57 12
57 13
57 15
57 16
57 17
57 19
57 20
57 27
57 29
57 33
57 34
57 40
57 41
57 42
57 45
57 48
57 49
57 50
57 52
57 54
57 55
57 56
57 57
57 58
57 59
57 61
57 62
57 63
57 66
57 68
57 70
57 72
57 75
57 77
57 78
58 2
58 6
58 10
58 11
58 13
58 17
58 18
58 19
58 22
58 24
58 26
58 30
58 31
58 32
58 34
58 38
58 39
58 40
58 44
58 45
58 47
58 48
58 50
58 52
58 56
58 59
58 64
58 65
58 66
58 67
58 71
58 72
58 73
58 74
58 75
58 77
58 78
58 79
58 80
59 1
59 2
59 4
59 5
59 6
59 8
59 9
59 12
59 13
59 15
59 16
59 17
59 19
59 22
59 23
59 28
59 29
59 30
59 33
59 34
59 35
59 37
59 39
59 41
59 42
59 43
59 46
59 47
59 48
59 49
59 50
59 53
59 54
59 56
59 58
59 59
59 60
59 63
59 64
59 68
59 69
59 71
59 74
59 75
59 76
59 77
59 79
60 4
60 5
60 8
60 10
60 12
60 14
60 15
60 16
60 17
60 18
60 19
60 21
60 22
60 23
60 25
60 27
60 28
60 31
60 32
60 40
60 43
60 44
60 45
60 47
60 49
60 50
60 52
60 53
60 58
60 62
60 64
60 67
60 68
60 69
60 73
60 74
60 75
60 77
60 78
60 79
60 80
61 1
61 5
61 9
61 10
61 13
61 14
61 15
61 16
61 17
61 18
61 19
61 20
61 21
61 24
61 25
61 27
61 29
61 31
61 32
61 36
61 37
61 38
61 39
61 42
61 44
61 46
61 47
61 48
61 49
61 52
61 54
61 55
61 56
61 57
61 58
61 60
61 61
61 63
61 68
61 70
61 73
61 75
61 78
61 80
62 2
62 3
62 8
62 11
62 12
62 16
62 18
62 20
62 23
62 24
62 30
62 31
62 33
62 34
62 35
62 36
62 38
62 39
62 42
62 44
62 45
62 47
62 49
62 51
62 52
62 54
62 55
62 56
62 57
62 58
62 59
62 63
62 64
62 66
62 67
62 68
62 69
62 70
62 72
62 73
62 75
62 77
62 80
63 2
63 3
63 5
63 9
63 11
63 14
63 16
63 18
63 22
63 23
63 24
63 26
63 27
63 31
63 33
63 35
63 36
63 37
63 38
63 39
63 43
63 44
63 45
63 46
63 47
63 49
63 52
63 55
63 58
63 59
63 60
63 61
63 62
63 66
63 69
63 72
63 74
63 77
63 78
63 79
63 80
64 1
64 4
64 6
64 10
64 11
64 13
64 14
64 16
64 17
64 19
64 21
64 22
64 23
64 24
64 25
64 28
64 29
64 32
64 33
64 34
64 35
64 36
64 44
64 48
64 49
64 51
64 52
64 53
64 58
64 59
64 62
64 63
64 64
64 70
64 72
64 74
64 76
64 77
64 79
64 80
