32 40 648 10
1 5
1 6
1 7
1 11
1 12
1 15
1 16
1 17
1 18
1 19
1 20
1 22
1 27
1 28
1 30
1 32
1 33
1 34
1 37
2 3
2 5
2 6
2 7
2 9
2 14
2 16
2 17
2 19
2 22
2 24
2 25
2 26
2 30
2 31
2 32
2 34
2 35
2 37
2 38
2 39
2 40
3 2
3 3
3 5
3 6
3 7
3 12
3 13
3 18
3 21
3 23
3 24
3 25
3 28
3 29
3 30
3 31
3 32
3 34
3 35
3 38
4 2
4 4
4 5
4 6
4 10
4 13
4 16
4 22
4 25
4 26
4 27
4 28
4 29
4 33
4 35
4 37
4 38
4 39
4 40
5 1
5 3
5 5
5 6
5 8
5 9
5 11
5 13
5 16
5 17
5 18
5 23
5 24
5 27
5 28
5 29
5 30
5 40
6 3
6 4
6 8
6 10
6 11
6 12
6 14
6 15
6 16
6 19
6 20
6 21
6 23
6 24
6 25
6 26
6 27
6 28
6 31
6 32
6 33
6 36
7 1
7 4
7 5
7 6
7 7
7 11
7 17
7 18
7 19
7 23
7 24
7 27
7 30
7 31
7 35
7 38
7 40
8 3
8 5
8 10
8 12
8 14
8 15
8 16
8 17
8 18
8 21
8 23
8 30
8 31
8 32
8 33
8 37
8 38
8 40
9 9
9 11
9 12
9 13
9 14
9 15
9 17
9 21
9 23
9 24
9 26
9 28
9 30
9 31
9 34
9 35
10 1
10 3
10 4
10 7
10 8
10 13
10 15
10 17
10 18
10 20
10 21
10 22
10 23
10 25
10 27
10 29
10 30
10 37
11 3
11 6
11 8
11 9
11 11
11 12
11 14
11 17
11 19
11 21
11 24
11 27
11 30
11 31
12 1
12 2
12 5
12 7
12 9
12 10
12 12
12 14
12 15
12 16
12 17
12 19
12 21
12 24
12 25
12 31
12 34
12 38
13 2
13 3
13 4
13 6
13 7
13 8
13 9
13 10
13 12
13 13
13 16
13 18
13 20
13 21
13 22
13 25
13 27
13 28
13 33
13 34
13 35
13 36
13 37
14 1
14 2
14 4
14 5
14 7
14 9
14 10
14 11
14 12
14 16
14 17
14 19
14 20
14 21
14 23
14 24
14 25
14 27
14 30
14 34
14 36
14 37
14 38
15 1
15 2
15 5
15 6
15 7
15 8
15 10
15 13
15 16
15 17
15 18
15 19
15 21
15 22
15 23
15 24
15 25
15 27
15 31
15 32
15 33
15 34
15 36
15 39
15 40
16 2
16 3
16 4
16 5
16 8
16 13
16 17
16 19
16 21
16 22
16 26
16 27
16 28
16 29
16 30
16 33
16 34
16 35
16 36
16 37
16 39
17 2
17 3
17 4
17 5
17 6
17 8
17 10
17 11
17 13
17 15
17 16
17 18
17 20
17 23
17 24
17 26
17 29
17 32
17 34
17 36
18 3
18 5
18 11
18 13
18 14
18 15
18 16
18 17
18 30
18 31
18 33
18 34
18 36
18 37
18 38
18 39
18 40
19 2
19 3
19 4
19 6
19 8
19 9
19 11
19 14
19 15
19 17
19 22
19 23
19 25
19 26
19 28
19 29
19 30
19 31
19 32
19 33
19 36
19 38
19 40
20 1
20 3
20 4
20 5
20 8
20 9
20 10
20 12
20 13
20 14
20 15
20 16
20 17
20 18
20 19
20 21
20 22
20 23
20 24
20 25
20 29
20 30
20 31
20 32
20 33
20 35
20 36
20 38
20 40
21 1
21 3
21 5
21 9
21 10
21 11
21 13
21 14
21 15
21 18
21 19
21 20
21 24
21 25
21 30
21 31
21 32
21 33
21 34
21 38
21 40
22 6
22 7
22 13
22 14
22 15
22 16
22 17
22 21
22 23
22 25
22 26
22 32
22 33
22 34
22 36
22 40
23 1
23 3
23 4
23 6
23 7
23 8
23 10
23 11
23 13
23 15
23 16
23 18
23 19
23 24
23 29
23 30
23 33
23 37
23 38
23 39
24 2
24 3
24 5
24 6
24 7
24 8
24 10
24 12
24 13
24 15
24 17
24 18
24 24
24 25
24 29
24 32
24 35
24 38
24 40
25 1
25 7
25 8
25 11
25 13
25 14
25 16
25 17
25 18
25 19
25 20
25 21
25 23
25 25
25 26
25 27
25 28
25 29
25 32
25 33
25 36
25 38
25 39
26 2
26 6
26 8
26 12
26 13
26 14
26 15
26 19
26 23
26 25
26 26
26 29
26 30
26 31
26 32
26 33
26 34
26 35
26 37
26 39
26 40
27 2
27 3
27 6
27 7
27 8
27 14
27 15
27 17
27 18
27 19
27 20
27 25
27 28
27 29
27 31
27 33
27 35
27 38
27 39
27 40
28 1
28 3
28 7
28 8
28 11
28 12
28 13
28 15
28 18
28 19
28 20
28 23
28 24
28 25
28 30
28 32
28 39
28 40
29 1
29 4
29 5
29 10
29 12
29 14
29 15
29 18
29 20
29 21
29 23
29 24
29 28
29 29
29 30
29 31
29 32
29 37
29 38
29 39
30 1
30 2
30 3
30 4
30 5
30 7
30 8
30 11
30 12
30 13
30 15
30 17
30 19
30 20
30 21
30 24
30 26
30 27
30 29
30 31
30 33
30 34
30 35
30 39
30 40
31 1
31 2
31 3
31 5
31 7
31 8
31 14
31 19
31 23
31 24
31 25
31 26
31 27
31 31
31 33
31 37
31 39
31 40
32 2
32 3
32 6
32 8
32 9
32 10
32 11
32 12
32 13
32 14
32 15
32 16
32 18
32 19
32 21
32 22
32 27
32 28
32 29
32 31
32 32
32 33
32 34
32 35
32 38
