112 140 8023 53
1 1
1 2
1 4
1 6
1 8
1 9
1 10
1 16
1 17
1 19
1 20
1 22
1 23
1 26
1 28
1 30
1 31
1 32
1 34
1 35
1 37
1 39
1 43
1 44
1 45
1 50
1 52
1 53
1 55
1 56
1 57
1 60
1 62
1 63
1 67
1 68
1 71
1 72
1 74
1 77
1 80
1 86
1 88
1 89
1 90
1 91
1 93
1 95
1 100
1 102
1 104
1 106
1 107
1 108
1 110
1 111
1 112
1 113
1 114
1 118
1 123
1 124
1 125
1 126
1 128
1 129
1 130
1 137
1 140
2 2
2 3
2 5
2 6
2 7
2 8
2 10
2 12
2 13
2 17
2 20
2 21
2 22
2 23
2 24
2 25
2 27
2 28
2 30
2 32
2 33
2 34
2 35
2 36
2 37
2 38
2 39
2 40
2 42
2 45
2 46
2 48
2 49
2 51
2 53
2 58
2 60
2 61
2 62
2 63
2 64
2 65
2 67
2 68
2 70
2 73
2 74
2 80
2 81
2 83
2 84
2 88
2 90
2 91
2 92
2 94
2 95
2 97
2 98
2 101
2 103
2 108
2 109
2 111
2 114
2 115
2 116
2 117
2 119
2 122
2 124
2 125
2 126
2 129
2 130
2 131
2 132
2 133
2 134
2 137
2 140
3 1
3 3
3 4
3 5
3 8
3 9
3 10
3 11
3 14
3 16
3 17
3 19
3 20
3 23
3 24
3 25
3 27
3 28
3 29
3 32
3 33
3 36
3 39
3 42
3 44
3 45
3 46
3 47
3 52
3 56
3 57
3 60
3 63
3 65
3 69
3 71
3 75
3 76
3 79
3 80
3 83
3 86
3 87
3 88
3 89
3 92
3 95
3 97
3 99
3 100
3 101
3 103
3 104
3 105
3 107
3 108
3 111
3 114
3 115
3 118
3 119
3 121
3 122
3 123
3 124
3 125
3 128
3 129
3 130
3 132
3 136
3 138
4 2
4 3
4 4
4 7
4 9
4 10
4 11
4 13
4 15
4 16
4 17
4 20
4 24
4 25
4 26
4 28
4 29
4 30
4 31
4 34
4 40
4 43
4 44
4 46
4 50
4 51
4 55
4 57
4 58
4 60
4 63
4 64
4 69
4 71
4 72
4 73
4 77
4 79
4 84
4 87
4 92
4 93
4 94
4 96
4 97
4 98
4 99
4 100
4 102
4 103
4 104
4 109
4 110
4 111
4 112
4 115
4 116
4 118
4 119
4 120
4 123
4 124
4 125
4 126
4 127
4 128
4 130
4 132
4 134
4 135
4 140
5 1
5 2
5 3
5 5
5 8
5 10
5 11
5 12
5 14
5 16
5 17
5 21
5 22
5 24
5 25
5 29
5 32
5 36
5 38
5 39
5 42
5 45
5 47
5 49
5 51
5 52
5 54
5 55
5 56
5 57
5 59
5 60
5 61
5 62
5 64
5 65
5 66
5 68
5 70
5 73
5 77
5 79
5 82
5 83
5 85
5 88
5 89
5 90
5 92
5 97
5 98
5 99
5 100
5 104
5 105
5 106
5 108
5 110
5 111
5 118
5 120
5 121
5 123
5 124
5 129
5 131
5 132
5 133
5 134
5 135
5 138
6 1
6 2
6 3
6 4
6 8
6 9
6 10
6 12
6 14
6 15
6 16
6 19
6 23
6 25
6 28
6 30
6 36
6 40
6 41
6 43
6 45
6 48
6 50
6 52
6 53
6 55
6 58
6 59
6 60
6 67
6 71
6 77
6 82
6 83
6 84
6 87
6 90
6 94
6 95
6 96
6 99
6 100
6 102
6 103
6 104
6 105
6 106
6 107
6 110
6 112
6 113
6 114
6 115
6 120
6 121
6 122
6 123
6 125
6 126
6 127
6 128
6 129
6 132
6 133
6 134
6 136
6 137
6 139
7 1
7 5
7 6
7 7
7 10
7 12
7 13
7 15
7 16
7 17
7 19
7 20
7 24
7 27
7 28
7 32
7 35
7 37
7 39
7 40
7 41
7 46
7 47
7 48
7 49
7 51
7 55
7 56
7 57
7 58
7 59
7 60
7 61
7 62
7 63
7 64
7 67
7 68
7 72
7 73
7 75
7 76
7 77
7 78
7 79
7 80
7 81
7 82
7 84
7 85
7 89
7 90
7 91
7 96
7 98
7 99
7 100
7 105
7 106
7 107
7 110
7 111
7 112
7 114
7 117
7 120
7 122
7 124
7 128
7 133
7 135
7 136
7 137
7 139
8 2
8 4
8 5
8 8
8 9
8 11
8 13
8 14
8 15
8 17
8 20
8 21
8 22
8 24
8 25
8 26
8 31
8 38
8 39
8 42
8 43
8 44
8 50
8 52
8 53
8 54
8 58
8 65
8 67
8 68
8 71
8 75
8 76
8 77
8 78
8 81
8 86
8 87
8 88
8 89
8 91
8 92
8 94
8 95
8 96
8 97
8 99
8 101
8 102
8 106
8 107
8 110
8 112
8 115
8 118
8 120
8 121
8 123
8 124
8 131
8 132
8 133
8 135
8 136
8 138
8 139
8 140
9 2
9 8
9 9
9 11
9 12
9 13
9 15
9 16
9 17
9 18
9 19
9 21
9 22
9 23
9 24
9 26
9 27
9 29
9 33
9 35
9 39
9 40
9 43
9 46
9 49
9 51
9 52
9 53
9 56
9 57
9 58
9 60
9 62
9 64
9 65
9 66
9 68
9 72
9 73
9 74
9 75
9 80
9 82
9 83
9 86
9 90
9 91
9 92
9 94
9 96
9 98
9 99
9 102
9 103
9 104
9 106
9 107
9 108
9 111
9 112
9 114
9 116
9 118
9 122
9 123
9 124
9 126
9 127
9 129
9 130
9 132
9 133
9 139
10 1
10 4
10 6
10 10
10 12
10 13
10 14
10 22
10 24
10 25
10 27
10 28
10 29
10 30
10 32
10 34
10 38
10 41
10 44
10 45
10 46
10 47
10 48
10 50
10 53
10 54
10 55
10 58
10 60
10 62
10 65
10 66
10 69
10 70
10 71
10 72
10 74
10 75
10 81
10 82
10 85
10 86
10 90
10 94
10 97
10 98
10 99
10 100
10 101
10 105
10 107
10 108
10 110
10 111
10 114
10 115
10 116
10 125
10 126
10 127
10 128
10 129
10 133
10 134
10 138
10 139
11 1
11 2
11 4
11 7
11 8
11 12
11 14
11 16
11 17
11 19
11 20
11 21
11 22
11 24
11 25
11 27
11 29
11 33
11 35
11 37
11 41
11 43
11 44
11 47
11 48
11 52
11 53
11 54
11 55
11 56
11 58
11 59
11 66
11 70
11 72
11 75
11 76
11 77
11 78
11 79
11 81
11 83
11 84
11 90
11 91
11 92
11 93
11 95
11 96
11 97
11 98
11 99
11 100
11 101
11 102
11 104
11 106
11 108
11 112
11 113
11 114
11 116
11 117
11 119
11 120
11 121
11 123
11 125
11 129
11 131
11 132
11 134
11 137
11 138
11 139
11 140
12 1
12 2
12 4
12 5
12 8
12 12
12 13
12 14
12 15
12 16
12 17
12 18
12 20
12 22
12 25
12 27
12 29
12 30
12 31
12 40
12 41
12 42
12 46
12 47
12 48
12 52
12 54
12 55
12 56
12 57
12 62
12 63
12 65
12 66
12 68
12 71
12 74
12 76
12 77
12 79
12 80
12 81
12 82
12 83
12 85
12 89
12 90
12 91
12 92
12 94
12 97
12 101
12 107
12 113
12 114
12 117
12 121
12 123
12 125
12 127
12 129
12 133
12 134
12 136
13 1
13 4
13 6
13 9
13 10
13 12
13 15
13 18
13 20
13 21
13 23
13 25
13 29
13 31
13 32
13 33
13 34
13 35
13 36
13 37
13 38
13 41
13 42
13 44
13 48
13 49
13 51
13 53
13 54
13 56
13 58
13 62
13 63
13 64
13 65
13 67
13 68
13 71
13 72
13 74
13 75
13 77
13 80
13 82
13 86
13 87
13 88
13 90
13 94
13 95
13 98
13 100
13 106
13 107
13 108
13 110
13 113
13 114
13 116
13 117
13 119
13 122
13 123
13 127
13 130
13 132
13 133
13 138
13 140
14 1
14 3
14 6
14 7
14 8
14 9
14 10
14 11
14 14
14 16
14 18
14 20
14 22
14 23
14 24
14 26
14 29
14 30
14 37
14 38
14 39
14 41
14 44
14 46
14 48
14 49
14 57
14 58
14 59
14 60
14 61
14 62
14 63
14 64
14 65
14 66
14 73
14 75
14 76
14 79
14 80
14 81
14 82
14 87
14 88
14 89
14 90
14 91
14 93
14 94
14 96
14 98
14 99
14 105
14 106
14 107
14 108
14 110
14 115
14 118
14 123
14 124
14 125
14 126
14 127
14 128
14 129
14 130
14 131
14 132
14 133
14 134
14 136
14 139
15 2
15 3
15 4
15 6
15 8
15 9
15 16
15 18
15 19
15 23
15 26
15 27
15 29
15 30
15 33
15 34
15 35
15 36
15 37
15 38
15 40
15 41
15 42
15 45
15 46
15 47
15 49
15 51
15 52
15 53
15 55
15 57
15 59
15 60
15 61
15 64
15 65
15 71
15 72
15 73
15 74
15 79
15 88
15 89
15 96
15 97
15 99
15 100
15 101
15 102
15 106
15 107
15 108
15 109
15 110
15 112
15 114
15 115
15 116
15 117
15 118
15 126
15 128
15 130
15 131
15 132
15 135
15 137
16 1
16 2
16 4
16 5
16 10
16 13
16 15
16 19
16 20
16 21
16 22
16 23
16 25
16 26
16 30
16 32
16 33
16 34
16 37
16 38
16 39
16 40
16 43
16 48
16 50
16 53
16 54
16 56
16 58
16 59
16 61
16 63
16 64
16 65
16 67
16 68
16 70
16 71
16 73
16 75
16 77
16 78
16 79
16 80
16 83
16 84
16 85
16 86
16 88
16 89
16 90
16 93
16 96
16 101
16 102
16 106
16 109
16 110
16 113
16 117
16 118
16 119
16 121
16 122
16 123
16 124
16 125
16 131
16 132
16 133
16 135
16 136
16 138
17 5
17 6
17 10
17 12
17 13
17 15
17 16
17 17
17 18
17 19
17 20
17 22
17 23
17 28
17 29
17 30
17 31
17 32
17 33
17 35
17 36
17 40
17 44
17 46
17 47
17 49
17 51
17 55
17 57
17 60
17 61
17 62
17 63
17 64
17 65
17 66
17 67
17 69
17 70
17 71
17 72
17 77
17 79
17 80
17 81
17 83
17 89
17 90
17 91
17 92
17 94
17 95
17 96
17 97
17 98
17 101
17 103
17 104
17 107
17 108
17 109
17 114
17 116
17 120
17 122
17 124
17 126
17 127
17 128
17 129
17 133
17 134
17 136
17 137
18 5
18 8
18 10
18 11
18 14
18 17
18 20
18 21
18 23
18 24
18 25
18 27
18 28
18 30
18 31
18 32
18 33
18 35
18 36
18 37
18 38
18 39
18 40
18 42
18 43
18 47
18 49
18 50
18 53
18 54
18 55
18 56
18 59
18 60
18 62
18 63
18 64
18 65
18 66
18 67
18 68
18 69
18 70
18 80
18 81
18 82
18 83
18 85
18 86
18 87
18 89
18 92
18 95
18 96
18 100
18 101
18 102
18 103
18 104
18 108
18 109
18 112
18 113
18 114
18 115
18 116
18 123
18 125
18 126
18 128
18 129
18 130
18 131
18 134
18 135
18 136
18 139
18 140
19 1
19 4
19 5
19 6
19 8
19 9
19 11
19 12
19 13
19 19
19 21
19 22
19 23
19 24
19 25
19 27
19 28
19 31
19 32
19 33
19 36
19 37
19 38
19 41
19 42
19 43
19 44
19 45
19 46
19 48
19 49
19 53
19 54
19 56
19 58
19 59
19 62
19 63
19 64
19 66
19 68
19 70
19 71
19 72
19 75
19 76
19 77
19 79
19 82
19 84
19 86
19 87
19 88
19 94
19 95
19 101
19 103
19 105
19 107
19 108
19 112
19 118
19 122
19 123
19 125
19 126
19 127
19 136
19 137
19 140
20 2
20 5
20 6
20 7
20 8
20 9
20 13
20 14
20 16
20 17
20 19
20 25
20 27
20 29
20 30
20 31
20 32
20 33
20 38
20 39
20 40
20 42
20 44
20 46
20 47
20 49
20 50
20 53
20 54
20 55
20 56
20 58
20 61
20 63
20 67
20 68
20 70
20 71
20 72
20 75
20 76
20 80
20 82
20 85
20 86
20 87
20 88
20 89
20 90
20 93
20 99
20 100
20 101
20 103
20 104
20 105
20 106
20 107
20 108
20 109
20 110
20 111
20 113
20 114
20 115
20 117
20 121
20 123
20 124
20 126
20 128
20 130
20 131
20 132
20 133
20 136
20 137
20 140
21 2
21 7
21 8
21 10
21 11
21 13
21 16
21 22
21 25
21 26
21 32
21 33
21 36
21 38
21 44
21 45
21 48
21 50
21 52
21 53
21 58
21 59
21 61
21 62
21 63
21 64
21 66
21 67
21 71
21 72
21 73
21 75
21 77
21 78
21 79
21 80
21 82
21 83
21 86
21 87
21 91
21 93
21 94
21 97
21 101
21 105
21 106
21 109
21 110
21 112
21 113
21 114
21 119
21 121
21 123
21 124
21 125
21 126
21 127
21 130
21 132
21 133
21 134
21 137
21 138
21 140
22 1
22 2
22 8
22 11
22 12
22 13
22 17
22 18
22 22
22 24
22 25
22 28
22 30
22 32
22 33
22 35
22 36
22 37
22 38
22 40
22 42
22 43
22 44
22 45
22 46
22 50
22 52
22 55
22 60
22 61
22 63
22 64
22 66
22 67
22 70
22 72
22 73
22 74
22 76
22 78
22 80
22 82
22 83
22 85
22 86
22 87
22 88
22 90
22 95
22 99
22 100
22 101
22 102
22 104
22 105
22 107
22 108
22 111
22 112
22 115
22 117
22 118
22 120
22 121
22 124
22 125
22 126
22 128
22 130
22 131
22 132
22 134
22 137
23 1
23 4
23 5
23 9
23 11
23 12
23 13
23 14
23 15
23 16
23 18
23 19
23 21
23 22
23 23
23 24
23 27
23 29
23 33
23 34
23 35
23 36
23 39
23 41
23 42
23 44
23 47
23 49
23 52
23 53
23 55
23 59
23 61
23 62
23 63
23 66
23 68
23 69
23 70
23 71
23 76
23 77
23 78
23 81
23 83
23 85
23 86
23 87
23 95
23 98
23 99
23 103
23 105
23 106
23 107
23 108
23 109
23 112
23 113
23 114
23 115
23 117
23 118
23 119
23 120
23 121
23 123
23 124
23 126
23 129
23 134
23 135
23 136
23 138
23 140
24 1
24 3
24 4
24 5
24 6
24 7
24 9
24 10
24 13
24 15
24 17
24 18
24 21
24 24
24 28
24 30
24 32
24 33
24 34
24 37
24 42
24 45
24 46
24 52
24 53
24 55
24 56
24 57
24 58
24 61
24 62
24 63
24 65
24 66
24 69
24 70
24 71
24 74
24 77
24 78
24 81
24 82
24 83
24 84
24 88
24 89
24 90
24 92
24 97
24 98
24 99
24 101
24 103
24 104
24 108
24 109
24 110
24 112
24 116
24 119
24 120
24 122
24 124
24 125
24 127
24 128
24 130
24 135
24 136
24 138
25 1
25 3
25 5
25 7
25 8
25 9
25 10
25 11
25 13
25 14
25 15
25 19
25 20
25 23
25 25
25 30
25 32
25 33
25 35
25 36
25 38
25 39
25 41
25 47
25 48
25 50
25 51
25 55
25 58
25 59
25 60
25 61
25 65
25 66
25 68
25 69
25 70
25 71
25 72
25 73
25 76
25 79
25 86
25 87
25 88
25 89
25 90
25 91
25 94
25 96
25 97
25 100
25 102
25 105
25 106
25 107
25 109
25 110
25 112
25 113
25 114
25 118
25 119
25 123
25 124
25 126
25 127
25 129
25 130
25 133
25 137
25 138
25 139
25 140
26 1
26 2
26 4
26 8
26 11
26 12
26 13
26 15
26 23
26 25
26 28
26 32
26 33
26 34
26 36
26 37
26 39
26 40
26 41
26 45
26 46
26 49
26 50
26 53
26 54
26 55
26 56
26 57
26 58
26 59
26 60
26 61
26 62
26 63
26 64
26 66
26 67
26 68
26 69
26 74
26 78
26 81
26 82
26 84
26 86
26 88
26 89
26 93
26 96
26 97
26 98
26 101
26 106
26 107
26 110
26 113
26 114
26 115
26 117
26 118
26 122
26 123
26 127
26 128
26 130
26 131
26 132
26 133
26 136
26 137
26 139
27 2
27 6
27 7
27 10
27 17
27 18
27 19
27 20
27 21
27 24
27 26
27 27
27 31
27 33
27 35
27 36
27 40
27 41
27 43
27 46
27 49
27 50
27 51
27 52
27 53
27 57
27 58
27 60
27 61
27 62
27 64
27 65
27 66
27 67
27 68
27 69
27 72
27 73
27 74
27 75
27 76
27 79
27 83
27 86
27 88
27 90
27 96
27 97
27 98
27 103
27 104
27 108
27 111
27 112
27 114
27 116
27 118
27 119
27 123
27 127
27 128
27 129
27 130
27 133
27 135
27 138
28 4
28 6
28 8
28 9
28 10
28 11
28 13
28 14
28 15
28 16
28 17
28 22
28 23
28 25
28 26
28 27
28 28
28 30
28 31
28 34
28 35
28 39
28 42
28 43
28 44
28 45
28 47
28 48
28 49
28 53
28 54
28 55
28 57
28 59
28 61
28 63
28 64
28 65
28 66
28 69
28 71
28 72
28 74
28 75
28 76
28 78
28 82
28 85
28 93
28 96
28 97
28 98
28 99
28 101
28 102
28 103
28 113
28 114
28 117
28 118
28 119
28 121
28 124
28 126
28 128
28 129
28 131
28 132
28 134
28 135
28 136
28 137
28 138
28 139
28 140
29 2
29 3
29 6
29 8
29 9
29 11
29 16
29 17
29 19
29 20
29 22
29 24
29 25
29 26
29 27
29 29
29 30
29 32
29 33
29 34
29 35
29 37
29 38
29 40
29 41
29 43
29 44
29 45
29 47
29 52
29 54
29 57
29 58
29 59
29 61
29 62
29 66
29 67
29 70
29 75
29 76
29 80
29 81
29 82
29 84
29 87
29 88
29 89
29 91
29 93
29 95
29 97
29 98
29 102
29 103
29 105
29 107
29 109
29 111
29 112
29 113
29 114
29 115
29 119
29 120
29 123
29 124
29 127
29 129
29 130
29 137
29 139
30 2
30 5
30 6
30 9
30 10
30 11
30 12
30 16
30 18
30 20
30 21
30 24
30 25
30 28
30 29
30 30
30 32
30 34
30 35
30 36
30 41
30 43
30 45
30 50
30 54
30 56
30 57
30 58
30 59
30 62
30 69
30 71
30 73
30 74
30 75
30 78
30 79
30 81
30 84
30 89
30 90
30 91
30 93
30 97
30 99
30 100
30 101
30 102
30 105
30 107
30 112
30 114
30 116
30 117
30 118
30 119
30 122
30 123
30 124
30 128
30 129
30 131
30 135
30 136
30 137
30 138
30 139
31 3
31 4
31 5
31 6
31 8
31 9
31 12
31 16
31 22
31 24
31 25
31 27
31 32
31 36
31 37
31 41
31 42
31 44
31 45
31 46
31 47
31 49
31 51
31 55
31 60
31 61
31 62
31 69
31 71
31 73
31 76
31 80
31 81
31 82
31 83
31 85
31 86
31 87
31 89
31 91
31 92
31 95
31 99
31 100
31 101
31 102
31 104
31 105
31 106
31 111
31 114
31 117
31 119
31 122
31 124
31 125
31 126
31 132
31 134
31 135
31 137
31 138
31 139
32 2
32 3
32 5
32 6
32 7
32 8
32 9
32 12
32 13
32 16
32 17
32 19
32 23
32 25
32 26
32 27
32 28
32 31
32 34
32 39
32 41
32 43
32 45
32 46
32 47
32 49
32 51
32 52
32 53
32 54
32 56
32 59
32 60
32 63
32 66
32 68
32 70
32 75
32 76
32 77
32 79
32 80
32 83
32 84
32 89
32 90
32 95
32 96
32 97
32 98
32 99
32 100
32 105
32 106
32 111
32 113
32 116
32 117
32 119
32 120
32 121
32 126
32 128
32 129
32 130
32 133
32 137
32 139
32 140
33 6
33 8
33 9
33 13
33 15
33 16
33 19
33 23
33 26
33 27
33 29
33 31
33 32
33 35
33 36
33 37
33 38
33 40
33 43
33 45
33 46
33 47
33 48
33 50
33 51
33 52
33 53
33 54
33 55
33 56
33 57
33 59
33 60
33 62
33 64
33 65
33 68
33 69
33 70
33 72
33 77
33 78
33 80
33 81
33 85
33 87
33 88
33 91
33 92
33 93
33 94
33 99
33 100
33 102
33 103
33 105
33 106
33 108
33 110
33 112
33 113
33 114
33 115
33 116
33 117
33 118
33 124
33 126
33 130
33 133
33 135
33 137
33 138
33 139
34 1
34 2
34 8
34 11
34 13
34 14
34 15
34 16
34 19
34 20
34 21
34 25
34 28
34 33
34 35
34 36
34 37
34 39
34 40
34 41
34 42
34 45
34 47
34 49
34 52
34 53
34 55
34 57
34 59
34 62
34 64
34 65
34 66
34 68
34 72
34 74
34 75
34 76
34 79
34 80
34 85
34 86
34 89
34 94
34 99
34 102
34 103
34 104
34 106
34 109
34 110
34 111
34 114
34 115
34 116
34 117
34 119
34 126
34 129
34 130
34 131
34 132
34 133
34 135
34 136
34 137
34 139
34 140
35 1
35 2
35 3
35 9
35 10
35 12
35 14
35 16
35 18
35 19
35 20
35 22
35 24
35 25
35 28
35 29
35 30
35 35
35 37
35 41
35 42
35 46
35 47
35 53
35 55
35 57
35 58
35 59
35 61
35 63
35 64
35 66
35 67
35 70
35 75
35 77
35 79
35 80
35 83
35 84
35 88
35 89
35 91
35 92
35 93
35 94
35 95
35 97
35 98
35 102
35 103
35 106
35 108
35 109
35 111
35 112
35 116
35 117
35 119
35 121
35 122
35 123
35 124
35 126
35 127
35 133
35 134
35 137
35 139
35 140
36 1
36 2
36 5
36 7
36 10
36 11
36 12
36 13
36 14
36 15
36 16
36 17
36 19
36 20
36 22
36 23
36 25
36 27
36 28
36 32
36 33
36 34
36 36
36 38
36 39
36 42
36 43
36 44
36 47
36 49
36 50
36 51
36 53
36 58
36 62
36 65
36 66
36 70
36 72
36 74
36 75
36 77
36 79
36 80
36 83
36 85
36 86
36 87
36 102
36 103
36 104
36 105
36 108
36 109
36 110
36 117
36 120
36 121
36 123
36 124
36 126
36 127
36 129
36 132
36 133
36 136
36 137
36 140
37 6
37 8
37 11
37 13
37 14
37 15
37 19
37 21
37 22
37 23
37 26
37 29
37 30
37 31
37 33
37 34
37 35
37 36
37 38
37 39
37 40
37 41
37 42
37 43
37 44
37 45
37 50
37 51
37 55
37 59
37 61
37 63
37 64
37 67
37 69
37 70
37 72
37 75
37 77
37 78
37 79
37 82
37 83
37 84
37 85
37 89
37 90
37 91
37 92
37 96
37 97
37 106
37 107
37 110
37 112
37 114
37 115
37 116
37 118
37 120
37 121
37 122
37 123
37 125
37 128
37 129
37 131
37 132
37 133
37 135
37 136
37 138
37 139
38 3
38 4
38 9
38 10
38 12
38 14
38 15
38 20
38 21
38 23
38 24
38 27
38 29
38 30
38 31
38 32
38 33
38 37
38 38
38 41
38 42
38 43
38 44
38 46
38 48
38 50
38 51
38 53
38 54
38 57
38 58
38 60
38 61
38 63
38 65
38 66
38 68
38 75
38 76
38 77
38 79
38 80
38 83
38 84
38 85
38 87
38 91
38 92
38 93
38 97
38 100
38 102
38 103
38 104
38 105
38 107
38 108
38 109
38 112
38 116
38 118
38 121
38 122
38 123
38 124
38 125
38 128
38 130
38 135
38 138
39 3
39 6
39 7
39 8
39 11
39 15
39 17
39 19
39 21
39 22
39 25
39 26
39 27
39 28
39 29
39 30
39 31
39 32
39 35
39 38
39 41
39 42
39 43
39 45
39 46
39 48
39 49
39 51
39 52
39 54
39 56
39 63
39 64
39 67
39 68
39 69
39 71
39 74
39 77
39 78
39 80
39 81
39 86
39 88
39 89
39 93
39 94
39 96
39 97
39 98
39 100
39 102
39 103
39 104
39 105
39 108
39 111
39 113
39 115
39 116
39 117
39 127
39 128
39 129
39 130
39 132
39 133
39 134
39 135
39 139
40 1
40 2
40 3
40 5
40 7
40 8
40 10
40 12
40 14
40 16
40 18
40 20
40 21
40 22
40 25
40 26
40 29
40 30
40 31
40 32
40 34
40 35
40 38
40 40
40 42
40 43
40 45
40 46
40 47
40 50
40 53
40 54
40 55
40 56
40 57
40 59
40 61
40 62
40 63
40 64
40 65
40 71
40 73
40 74
40 75
40 80
40 81
40 82
40 84
40 85
40 86
40 88
40 92
40 95
40 97
40 98
40 99
40 103
40 104
40 105
40 107
40 108
40 109
40 112
40 115
40 116
40 118
40 120
40 121
40 123
40 124
40 125
40 128
40 131
40 132
40 133
40 134
40 138
40 139
40 140
41 1
41 3
41 7
41 8
41 9
41 10
41 12
41 13
41 15
41 19
41 23
41 24
41 27
41 28
41 29
41 31
41 32
41 35
41 37
41 38
41 39
41 43
41 46
41 47
41 51
41 53
41 54
41 55
41 56
41 57
41 58
41 61
41 62
41 65
41 66
41 67
41 71
41 74
41 75
41 77
41 78
41 79
41 81
41 82
41 84
41 86
41 88
41 89
41 94
41 95
41 97
41 98
41 101
41 102
41 105
41 106
41 109
41 110
41 114
41 119
41 120
41 121
41 122
41 123
41 124
41 126
41 127
41 129
41 131
41 132
41 133
41 136
41 137
41 138
42 1
42 2
42 3
42 4
42 7
42 10
42 16
42 17
42 19
42 20
42 22
42 23
42 24
42 26
42 28
42 30
42 31
42 32
42 33
42 35
42 39
42 42
42 43
42 44
42 46
42 48
42 50
42 56
42 57
42 60
42 61
42 62
42 63
42 64
42 67
42 70
42 72
42 73
42 74
42 75
42 76
42 77
42 78
42 80
42 84
42 88
42 89
42 91
42 92
42 93
42 94
42 96
42 97
42 99
42 104
42 106
42 109
42 111
42 113
42 120
42 121
42 122
42 123
42 124
42 126
42 128
42 131
42 133
42 134
42 135
42 137
42 139
43 2
43 3
43 4
43 8
43 9
43 11
43 16
43 17
43 18
43 19
43 21
43 22
43 23
43 24
43 26
43 28
43 30
43 37
43 39
43 40
43 42
43 44
43 46
43 47
43 49
43 50
43 52
43 53
43 54
43 55
43 57
43 61
43 62
43 63
43 64
43 66
43 69
43 71
43 74
43 75
43 76
43 77
43 79
43 80
43 81
43 83
43 84
43 85
43 88
43 90
43 91
43 93
43 94
43 95
43 98
43 99
43 101
43 102
43 105
43 107
43 110
43 111
43 113
43 119
43 120
43 121
43 125
43 126
43 127
43 129
43 130
43 132
43 133
43 134
43 139
44 1
44 2
44 4
44 5
44 8
44 11
44 13
44 14
44 16
44 17
44 18
44 19
44 22
44 24
44 25
44 26
44 28
44 32
44 37
44 40
44 43
44 44
44 46
44 49
44 50
44 51
44 57
44 58
44 59
44 60
44 63
44 64
44 65
44 68
44 69
44 73
44 74
44 76
44 77
44 78
44 79
44 84
44 85
44 89
44 90
44 91
44 93
44 94
44 98
44 100
44 101
44 102
44 104
44 105
44 107
44 108
44 109
44 112
44 116
44 117
44 119
44 120
44 121
44 122
44 123
44 125
44 127
44 130
44 131
44 132
44 135
44 137
44 138
44 139
44 140
45 1
45 2
45 4
45 6
45 11
45 15
45 18
45 19
45 20
45 21
45 22
45 23
45 27
45 31
45 32
45 34
45 37
45 38
45 39
45 41
45 42
45 45
45 46
45 47
45 49
45 51
45 52
45 53
45 60
45 62
45 67
45 68
45 72
45 73
45 74
45 76
45 77
45 80
45 82
45 84
45 87
45 88
45 95
45 96
45 97
45 98
45 99
45 106
45 107
45 108
45 110
45 113
45 115
45 116
45 117
45 120
45 122
45 123
45 128
45 130
45 133
45 134
45 135
45 137
45 138
45 139
46 4
46 5
46 10
46 11
46 13
46 14
46 15
46 18
46 20
46 21
46 22
46 26
46 28
46 29
46 33
46 34
46 41
46 42
46 43
46 44
46 47
46 49
46 50
46 54
46 55
46 57
46 58
46 59
46 62
46 63
46 64
46 65
46 66
46 67
46 70
46 71
46 72
46 73
46 74
46 75
46 76
46 77
46 78
46 82
46 84
46 85
46 88
46 89
46 90
46 93
46 94
46 95
46 96
46 97
46 98
46 100
46 101
46 102
46 103
46 104
46 107
46 109
46 111
46 113
46 115
46 119
46 120
46 121
46 123
46 125
46 128
46 129
46 130
46 132
46 133
46 134
46 136
46 140
47 1
47 2
47 3
47 4
47 6
47 8
47 9
47 10
47 11
47 14
47 15
47 16
47 18
47 22
47 24
47 26
47 29
47 34
47 40
47 44
47 47
47 49
47 50
47 51
47 52
47 53
47 54
47 56
47 57
47 58
47 59
47 61
47 63
47 64
47 65
47 66
47 67
47 68
47 71
47 73
47 75
47 77
47 78
47 82
47 86
47 87
47 88
47 89
47 92
47 94
47 96
47 99
47 102
47 103
47 105
47 106
47 107
47 108
47 109
47 110
47 112
47 115
47 117
47 120
47 122
47 123
47 126
47 127
47 129
47 130
47 131
47 135
47 136
47 137
47 140
48 5
48 7
48 12
48 14
48 15
48 18
48 20
48 22
48 23
48 24
48 25
48 32
48 33
48 34
48 38
48 40
48 41
48 42
48 45
48 49
48 50
48 51
48 52
48 53
48 58
48 63
48 64
48 66
48 69
48 70
48 71
48 76
48 77
48 79
48 80
48 82
48 83
48 85
48 87
48 91
48 92
48 93
48 94
48 95
48 98
48 100
48 102
48 104
48 106
48 107
48 110
48 114
48 118
48 119
48 120
48 121
48 122
48 126
48 130
48 132
48 134
48 136
48 140
49 2
49 6
49 9
49 10
49 17
49 18
49 19
49 20
49 23
49 25
49 29
49 30
49 32
49 36
49 37
49 39
49 44
49 48
49 49
49 50
49 51
49 52
49 55
49 57
49 64
49 65
49 66
49 67
49 71
49 76
49 77
49 78
49 79
49 80
49 81
49 82
49 83
49 84
49 86
49 87
49 88
49 89
49 91
49 92
49 93
49 94
49 96
49 98
49 100
49 101
49 103
49 104
49 106
49 108
49 114
49 115
49 123
49 126
49 127
49 133
49 135
49 137
49 138
50 1
50 4
50 5
50 6
50 7
50 8
50 10
50 11
50 14
50 15
50 17
50 18
50 19
50 21
50 22
50 23
50 29
50 30
50 31
50 32
50 34
50 37
50 39
50 41
50 42
50 44
50 45
50 46
50 47
50 49
50 50
50 51
50 52
50 53
50 56
50 59
50 60
50 61
50 62
50 67
50 71
50 72
50 73
50 74
50 75
50 77
50 78
50 80
50 81
50 83
50 85
50 86
50 87
50 90
50 91
50 92
50 93
50 95
50 96
50 98
50 100
50 101
50 102
50 104
50 106
50 111
50 112
50 113
50 114
50 116
50 117
50 119
50 120
50 121
50 122
50 126
50 127
50 128
50 129
50 130
50 131
50 134
50 135
50 136
50 137
50 139
50 140
51 1
51 2
51 4
51 7
51 11
51 17
51 22
51 29
51 33
51 35
51 36
51 37
51 41
51 43
51 44
51 45
51 46
51 50
51 53
51 54
51 56
51 57
51 59
51 60
51 62
51 63
51 64
51 65
51 66
51 68
51 69
51 70
51 73
51 74
51 76
51 78
51 80
51 81
51 84
51 86
51 87
51 94
51 97
51 98
51 103
51 104
51 108
51 110
51 115
51 116
51 118
51 119
51 120
51 121
51 123
51 125
51 128
51 130
51 132
51 138
51 139
51 140
52 3
52 7
52 8
52 10
52 11
52 13
52 14
52 15
52 16
52 17
52 19
52 23
52 24
52 28
52 30
52 33
52 34
52 36
52 38
52 39
52 40
52 41
52 42
52 43
52 44
52 45
52 48
52 49
52 51
52 53
52 54
52 55
52 56
52 57
52 59
52 61
52 62
52 63
52 64
52 67
52 69
52 71
52 72
52 73
52 75
52 80
52 82
52 88
52 89
52 91
52 92
52 93
52 94
52 95
52 99
52 102
52 104
52 105
52 108
52 111
52 113
52 114
52 116
52 119
52 123
52 124
52 125
52 128
52 134
52 137
52 139
52 140
53 2
53 4
53 9
53 11
53 14
53 15
53 16
53 18
53 19
53 21
53 22
53 24
53 25
53 26
53 27
53 31
53 34
53 35
53 36
53 37
53 38
53 39
53 45
53 46
53 50
53 51
53 54
53 55
53 56
53 57
53 58
53 60
53 61
53 62
53 64
53 65
53 66
53 69
53 70
53 72
53 73
53 74
53 75
53 79
53 81
53 83
53 87
53 88
53 93
53 95
53 98
53 99
53 101
53 102
53 103
53 104
53 105
53 106
53 107
53 113
53 115
53 117
53 119
53 120
53 122
53 125
53 126
53 127
53 130
53 131
53 133
53 135
53 137
53 138
53 139
53 140
54 5
54 6
54 9
54 10
54 11
54 12
54 14
54 15
54 20
54 23
54 24
54 25
54 28
54 31
54 33
54 34
54 35
54 36
54 39
54 42
54 43
54 44
54 50
54 51
54 52
54 53
54 55
54 56
54 57
54 58
54 59
54 63
54 64
54 65
54 66
54 67
54 71
54 73
54 75
54 76
54 78
54 82
54 84
54 87
54 92
54 94
54 95
54 96
54 99
54 101
54 103
54 104
54 105
54 106
54 107
54 109
54 118
54 119
54 121
54 133
54 135
54 137
54 138
54 139
54 140
55 2
55 4
55 10
55 11
55 13
55 14
55 15
55 17
55 18
55 20
55 21
55 22
55 23
55 24
55 25
55 30
55 31
55 33
55 34
55 36
55 37
55 41
55 43
55 45
55 49
55 51
55 52
55 53
55 54
55 57
55 58
55 61
55 62
55 63
55 66
55 68
55 72
55 74
55 75
55 77
55 79
55 80
55 83
55 85
55 88
55 89
55 91
55 94
55 96
55 97
55 100
55 101
55 103
55 106
55 109
55 111
55 112
55 113
55 118
55 119
55 121
55 124
55 125
55 126
55 127
55 129
55 134
55 135
55 136
55 139
55 140
56 1
56 4
56 6
56 7
56 8
56 9
56 11
56 12
56 14
56 16
56 17
56 18
56 19
56 21
56 22
56 23
56 24
56 25
56 26
56 27
56 28
56 29
56 31
56 32
56 34
56 37
56 39
56 42
56 43
56 47
56 49
56 51
56 52
56 54
56 58
56 60
56 61
56 62
56 63
56 65
56 68
56 71
56 73
56 75
56 77
56 79
56 80
56 81
56 82
56 84
56 85
56 88
56 89
56 90
56 92
56 94
56 95
56 96
56 98
56 99
56 101
56 102
56 103
56 107
56 108
56 109
56 110
56 116
56 117
56 118
56 121
56 123
56 125
56 126
56 127
56 129
56 130
56 133
56 137
56 138
56 140
57 1
57 3
57 5
57 6
57 8
57 11
57 13
57 14
57 15
57 16
57 21
57 23
57 24
57 28
57 30
57 32
57 33
57 35
57 38
57 39
57 41
57 42
57 43
57 47
57 49
57 51
57 52
57 54
57 55
57 57
57 59
57 60
57 61
57 66
57 70
57 72
57 74
57 77
57 80
57 81
57 82
57 84
57 87
57 88
57 91
57 93
57 95
57 96
57 98
57 102
57 108
57 109
57 110
57 115
57 117
57 119
57 121
57 123
57 124
57 127
57 128
57 129
57 130
57 131
57 132
57 134
57 135
57 136
57 137
58 1
58 2
58 3
58 4
58 5
58 7
58 8
58 10
58 14
58 17
58 22
58 26
58 27
58 30
58 32
58 37
58 40
58 42
58 43
58 44
58 46
58 48
58 49
58 50
58 52
58 55
58 56
58 57
58 58
58 60
58 63
58 65
58 66
58 71
58 73
58 75
58 78
58 80
58 82
58 83
58 84
58 86
58 90
58 92
58 93
58 94
58 96
58 97
58 98
58 103
58 104
58 106
58 108
58 111
58 115
58 116
58 122
58 123
58 125
58 128
58 129
58 130
58 133
58 134
58 135
58 136
58 137
58 138
58 140
59 3
59 6
59 8
59 10
59 11
59 17
59 18
59 20
59 21
59 24
59 25
59 28
59 30
59 31
59 32
59 33
59 35
59 36
59 37
59 38
59 39
59 42
59 43
59 44
59 46
59 47
59 49
59 52
59 53
59 56
59 58
59 59
59 65
59 66
59 67
59 68
59 74
59 77
59 79
59 83
59 85
59 86
59 88
59 89
59 90
59 91
59 97
59 101
59 108
59 109
59 112
59 113
59 114
59 115
59 117
59 119
59 122
59 123
59 129
59 130
59 133
59 134
59 135
59 136
59 138
60 2
60 4
60 6
60 8
60 10
60 11
60 13
60 14
60 15
60 19
60 20
60 21
60 24
60 25
60 26
60 27
60 28
60 29
60 31
60 32
60 36
60 38
60 41
60 44
60 46
60 47
60 49
60 52
60 53
60 54
60 55
60 57
60 59
60 60
60 62
60 64
60 66
60 67
60 70
60 71
60 72
60 73
60 74
60 75
60 76
60 77
60 78
60 79
60 80
60 81
60 84
60 85
60 87
60 88
60 90
60 92
60 94
60 96
60 98
60 99
60 100
60 101
60 102
60 104
60 106
60 107
60 108
60 110
60 111
60 114
60 116
60 117
60 120
60 121
60 124
60 126
60 127
60 128
60 129
60 130
60 131
60 133
60 137
60 138
60 140
61 4
61 5
61 6
61 7
61 9
61 10
61 11
61 14
61 15
61 16
61 17
61 19
61 20
61 22
61 23
61 26
61 27
61 29
61 31
61 32
61 33
61 35
61 36
61 37
61 40
61 41
61 42
61 43
61 47
61 50
61 52
61 54
61 56
61 60
61 63
61 64
61 65
61 66
61 68
61 69
61 70
61 71
61 72
61 74
61 75
61 77
61 78
61 82
61 83
61 86
61 91
61 92
61 95
61 96
61 98
61 99
61 101
61 102
61 103
61 104
61 107
61 108
61 109
61 110
61 111
61 113
61 114
61 116
61 119
61 121
61 123
61 126
61 127
61 128
61 129
61 130
61 131
61 132
61 134
61 138
61 139
61 140
62 2
62 3
62 4
62 5
62 8
62 9
62 10
62 11
62 13
62 14
62 15
62 17
62 21
62 22
62 23
62 24
62 25
62 27
62 30
62 32
62 34
62 35
62 36
62 39
62 41
62 44
62 46
62 48
62 51
62 53
62 54
62 56
62 57
62 61
62 63
62 64
62 65
62 67
62 76
62 78
62 79
62 82
62 83
62 89
62 90
62 93
62 94
62 95
62 97
62 103
62 105
62 106
62 108
62 109
62 110
62 111
62 114
62 116
62 117
62 118
62 119
62 121
62 123
62 124
62 125
62 126
62 128
62 131
62 132
62 134
62 135
62 136
62 137
62 138
63 1
63 5
63 6
63 8
63 10
63 11
63 12
63 13
63 14
63 16
63 17
63 18
63 20
63 23
63 28
63 29
63 30
63 32
63 33
63 35
63 36
63 37
63 39
63 41
63 45
63 46
63 47
63 49
63 51
63 53
63 56
63 57
63 58
63 59
63 61
63 62
63 65
63 67
63 68
63 70
63 71
63 72
63 74
63 77
63 80
63 81
63 83
63 84
63 87
63 88
63 90
63 94
63 98
63 100
63 101
63 103
63 104
63 105
63 106
63 107
63 108
63 110
63 112
63 114
63 115
63 119
63 120
63 122
63 125
63 126
63 129
63 131
63 132
63 135
63 138
63 139
63 140
64 1
64 2
64 4
64 8
64 10
64 11
64 12
64 13
64 14
64 18
64 20
64 21
64 25
64 27
64 28
64 30
64 32
64 36
64 38
64 40
64 42
64 43
64 47
64 48
64 49
64 50
64 51
64 52
64 53
64 55
64 57
64 58
64 59
64 62
64 70
64 73
64 75
64 77
64 81
64 82
64 83
64 86
64 89
64 92
64 94
64 95
64 96
64 97
64 100
64 101
64 102
64 106
64 107
64 109
64 110
64 111
64 116
64 118
64 119
64 120
64 122
64 123
64 124
64 125
64 126
64 129
64 130
64 132
64 135
64 136
65 2
65 3
65 4
65 7
65 8
65 9
65 10
65 12
65 13
65 15
65 17
65 19
65 20
65 21
65 22
65 23
65 27
65 30
65 31
65 32
65 34
65 38
65 39
65 41
65 43
65 45
65 46
65 47
65 50
65 52
65 55
65 57
65 58
65 60
65 61
65 62
65 63
65 64
65 65
65 69
65 70
65 72
65 73
65 75
65 77
65 79
65 80
65 83
65 84
65 86
65 87
65 89
65 90
65 93
65 97
65 98
65 99
65 100
65 102
65 104
65 107
65 113
65 114
65 115
65 117
65 118
65 120
65 123
65 124
65 125
65 126
65 128
65 129
65 130
65 132
65 133
65 134
65 138
65 140
66 1
66 7
66 11
66 12
66 16
66 19
66 20
66 21
66 22
66 25
66 26
66 27
66 31
66 33
66 35
66 36
66 38
66 39
66 40
66 42
66 45
66 47
66 48
66 51
66 52
66 53
66 56
66 57
66 65
66 66
66 69
66 72
66 73
66 75
66 76
66 77
66 87
66 90
66 91
66 97
66 99
66 100
66 101
66 103
66 105
66 107
66 108
66 109
66 114
66 115
66 120
66 121
66 122
66 125
66 126
66 128
66 130
66 132
66 134
66 138
67 1
67 2
67 6
67 7
67 12
67 16
67 18
67 22
67 23
67 27
67 28
67 30
67 32
67 35
67 37
67 38
67 39
67 40
67 41
67 43
67 45
67 48
67 49
67 50
67 51
67 52
67 56
67 58
67 60
67 61
67 62
67 63
67 64
67 65
67 66
67 68
67 69
67 70
67 71
67 74
67 76
67 77
67 78
67 82
67 87
67 88
67 93
67 98
67 101
67 102
67 103
67 104
67 105
67 106
67 107
67 108
67 111
67 112
67 113
67 117
67 119
67 121
67 123
67 124
67 125
67 127
67 130
67 131
67 132
67 133
67 134
67 135
67 136
67 138
67 139
68 1
68 2
68 6
68 10
68 14
68 16
68 18
68 19
68 20
68 21
68 22
68 23
68 26
68 27
68 29
68 33
68 34
68 37
68 39
68 40
68 44
68 45
68 46
68 48
68 53
68 54
68 57
68 58
68 59
68 60
68 64
68 65
68 66
68 68
68 69
68 71
68 73
68 74
68 75
68 76
68 77
68 78
68 80
68 82
68 86
68 90
68 95
68 97
68 98
68 99
68 102
68 103
68 104
68 105
68 107
68 108
68 114
68 116
68 117
68 120
68 121
68 122
68 123
68 125
68 127
68 131
68 132
68 133
68 134
68 135
68 136
68 137
69 3
69 7
69 13
69 16
69 17
69 20
69 21
69 22
69 24
69 25
69 27
69 29
69 30
69 32
69 34
69 35
69 38
69 41
69 46
69 47
69 48
69 49
69 54
69 56
69 57
69 58
69 61
69 62
69 63
69 65
69 66
69 67
69 68
69 72
69 73
69 75
69 79
69 80
69 81
69 84
69 85
69 86
69 89
69 94
69 99
69 101
69 102
69 103
69 105
69 106
69 110
69 111
69 112
69 116
69 117
69 119
69 120
69 122
69 124
69 127
69 128
69 129
69 130
69 131
69 132
69 133
69 134
69 135
69 138
69 139
69 140
70 1
70 4
70 6
70 7
70 16
70 18
70 20
70 22
70 24
70 25
70 26
70 29
70 32
70 34
70 35
70 36
70 37
70 39
70 40
70 42
70 43
70 45
70 49
70 53
70 56
70 58
70 59
70 60
70 61
70 62
70 65
70 66
70 67
70 70
70 73
70 77
70 79
70 81
70 85
70 86
70 87
70 89
70 93
70 97
70 100
70 101
70 108
70 109
70 110
70 111
70 112
70 113
70 114
70 116
70 117
70 118
70 121
70 122
70 123
70 128
70 129
70 131
70 132
70 133
70 135
70 137
70 138
70 140
71 1
71 3
71 5
71 6
71 7
71 10
71 12
71 16
71 18
71 20
71 21
71 22
71 25
71 26
71 27
71 28
71 29
71 30
71 31
71 32
71 36
71 37
71 38
71 43
71 45
71 48
71 49
71 50
71 51
71 52
71 53
71 55
71 59
71 60
71 61
71 64
71 68
71 71
71 72
71 76
71 80
71 83
71 84
71 86
71 87
71 88
71 89
71 91
71 92
71 94
71 96
71 98
71 100
71 103
71 105
71 106
71 108
71 109
71 110
71 111
71 112
71 113
71 114
71 115
71 119
71 120
71 122
71 123
71 126
71 128
71 130
71 131
71 132
71 134
71 135
71 137
71 139
71 140
72 1
72 2
72 4
72 5
72 6
72 7
72 8
72 10
72 12
72 13
72 14
72 15
72 18
72 22
72 24
72 25
72 26
72 27
72 28
72 31
72 32
72 35
72 37
72 40
72 45
72 46
72 47
72 48
72 49
72 53
72 58
72 60
72 61
72 65
72 69
72 73
72 74
72 76
72 77
72 78
72 79
72 81
72 84
72 85
72 87
72 89
72 92
72 95
72 97
72 99
72 101
72 102
72 103
72 104
72 105
72 106
72 108
72 111
72 115
72 119
72 120
72 121
72 124
72 125
72 130
72 133
72 134
72 136
72 137
72 138
72 140
73 1
73 2
73 5
73 7
73 9
73 10
73 11
73 12
73 14
73 17
73 19
73 20
73 21
73 26
73 30
73 32
73 34
73 37
73 38
73 42
73 46
73 47
73 48
73 49
73 50
73 54
73 55
73 57
73 58
73 59
73 60
73 63
73 64
73 65
73 67
73 68
73 70
73 71
73 72
73 74
73 75
73 77
73 78
73 81
73 85
73 88
73 90
73 92
73 94
73 95
73 96
73 98
73 101
73 103
73 104
73 105
73 107
73 109
73 112
73 114
73 117
73 120
73 122
73 123
73 124
73 126
73 127
73 128
73 130
73 133
73 134
73 135
73 137
73 138
74 1
74 2
74 3
74 6
74 7
74 8
74 9
74 10
74 11
74 13
74 15
74 16
74 19
74 21
74 22
74 26
74 27
74 30
74 31
74 32
74 34
74 35
74 39
74 40
74 41
74 43
74 46
74 48
74 51
74 53
74 54
74 57
74 58
74 61
74 63
74 64
74 66
74 67
74 69
74 71
74 74
74 75
74 78
74 79
74 81
74 82
74 86
74 88
74 89
74 91
74 92
74 95
74 96
74 97
74 98
74 102
74 104
74 106
74 108
74 111
74 113
74 114
74 116
74 121
74 127
74 130
74 132
74 133
74 134
74 140
75 2
75 3
75 4
75 8
75 9
75 12
75 13
75 16
75 21
75 26
75 27
75 29
75 30
75 31
75 34
75 40
75 41
75 42
75 46
75 48
75 49
75 51
75 55
75 57
75 58
75 61
75 63
75 64
75 65
75 66
75 67
75 68
75 70
75 71
75 76
75 77
75 79
75 84
75 85
75 88
75 90
75 92
75 93
75 94
75 95
75 98
75 100
75 104
75 105
75 106
75 108
75 110
75 112
75 116
75 120
75 121
75 122
75 123
75 124
75 125
75 126
75 127
75 128
75 134
75 135
76 1
76 3
76 6
76 9
76 10
76 11
76 13
76 16
76 17
76 18
76 20
76 21
76 23
76 28
76 30
76 31
76 32
76 36
76 38
76 41
76 42
76 43
76 44
76 45
76 46
76 47
76 48
76 58
76 59
76 64
76 68
76 69
76 70
76 72
76 75
76 78
76 79
76 80
76 81
76 84
76 85
76 89
76 90
76 91
76 92
76 93
76 94
76 95
76 96
76 97
76 98
76 100
76 102
76 104
76 112
76 113
76 115
76 122
76 125
76 126
76 127
76 131
76 133
76 134
76 135
76 137
76 138
76 139
77 11
77 13
77 14
77 16
77 17
77 18
77 20
77 22
77 23
77 25
77 26
77 29
77 30
77 31
77 33
77 37
77 38
77 39
77 42
77 43
77 44
77 48
77 49
77 50
77 51
77 52
77 53
77 55
77 56
77 57
77 58
77 59
77 62
77 64
77 65
77 68
77 69
77 71
77 74
77 75
77 77
77 78
77 80
77 82
77 83
77 84
77 85
77 86
77 87
77 90
77 92
77 94
77 95
77 97
77 99
77 102
77 103
77 105
77 106
77 107
77 108
77 110
77 111
77 115
77 116
77 119
77 120
77 122
77 123
77 124
77 125
77 126
77 127
77 128
77 129
77 130
77 132
77 136
77 137
77 139
78 1
78 5
78 7
78 8
78 11
78 12
78 15
78 16
78 17
78 19
78 21
78 25
78 28
78 30
78 31
78 32
78 34
78 45
78 46
78 49
78 51
78 52
78 53
78 54
78 55
78 57
78 58
78 59
78 64
78 68
78 69
78 70
78 72
78 75
78 76
78 78
78 81
78 83
78 84
78 85
78 90
78 96
78 97
78 98
78 100
78 101
78 103
78 105
78 106
78 107
78 109
78 111
78 114
78 115
78 116
78 118
78 119
78 120
78 122
78 124
78 125
78 126
78 128
78 131
78 133
78 134
78 135
78 136
78 137
78 138
78 139
78 140
79 2
79 5
79 6
79 9
79 11
79 13
79 14
79 15
79 17
79 18
79 19
79 20
79 24
79 25
79 26
79 29
79 32
79 36
79 38
79 39
79 40
79 42
79 43
79 44
79 46
79 50
79 51
79 52
79 54
79 57
79 59
79 62
79 63
79 65
79 67
79 68
79 70
79 73
79 74
79 78
79 79
79 81
79 82
79 84
79 85
79 86
79 88
79 89
79 90
79 91
79 92
79 94
79 97
79 99
79 100
79 101
79 104
79 105
79 106
79 107
79 110
79 111
79 112
79 114
79 115
79 117
79 120
79 122
79 124
79 125
79 132
79 133
79 134
79 136
79 137
79 138
79 139
80 1
80 2
80 3
80 5
80 6
80 8
80 13
80 14
80 17
80 18
80 20
80 24
80 26
80 27
80 29
80 35
80 38
80 39
80 40
80 41
80 42
80 45
80 46
80 47
80 49
80 51
80 55
80 60
80 61
80 63
80 65
80 66
80 68
80 69
80 72
80 73
80 75
80 76
80 77
80 78
80 82
80 83
80 85
80 87
80 88
80 90
80 91
80 92
80 93
80 94
80 97
80 99
80 101
80 102
80 105
80 106
80 107
80 109
80 114
80 116
80 121
80 122
80 126
80 127
80 130
80 132
80 134
80 135
80 137
80 138
80 139
81 2
81 3
81 6
81 7
81 10
81 11
81 12
81 16
81 18
81 21
81 24
81 26
81 28
81 29
81 31
81 32
81 35
81 36
81 37
81 38
81 39
81 40
81 43
81 44
81 45
81 47
81 49
81 52
81 53
81 54
81 58
81 59
81 63
81 65
81 69
81 71
81 73
81 75
81 78
81 79
81 82
81 83
81 84
81 85
81 86
81 87
81 88
81 89
81 91
81 92
81 94
81 96
81 98
81 99
81 104
81 108
81 109
81 112
81 116
81 117
81 118
81 119
81 120
81 121
81 122
81 123
81 126
81 128
81 129
81 132
81 133
81 136
81 138
81 139
82 1
82 2
82 4
82 5
82 6
82 7
82 8
82 10
82 11
82 12
82 13
82 14
82 15
82 19
82 20
82 21
82 22
82 23
82 24
82 27
82 28
82 32
82 33
82 35
82 39
82 43
82 45
82 46
82 49
82 53
82 58
82 59
82 60
82 62
82 63
82 66
82 67
82 68
82 69
82 70
82 71
82 76
82 78
82 79
82 80
82 81
82 82
82 83
82 84
82 85
82 87
82 88
82 90
82 91
82 92
82 94
82 95
82 97
82 98
82 99
82 100
82 101
82 102
82 104
82 105
82 106
82 110
82 113
82 116
82 118
82 122
82 123
82 126
82 127
82 130
82 131
82 135
82 136
82 138
82 139
83 2
83 4
83 5
83 6
83 7
83 8
83 9
83 12
83 13
83 14
83 15
83 16
83 17
83 18
83 24
83 30
83 32
83 33
83 34
83 36
83 39
83 40
83 44
83 46
83 47
83 48
83 49
83 50
83 51
83 54
83 55
83 58
83 59
83 61
83 65
83 66
83 67
83 69
83 70
83 73
83 75
83 76
83 77
83 79
83 82
83 83
83 87
83 94
83 96
83 97
83 98
83 99
83 101
83 102
83 103
83 104
83 107
83 112
83 113
83 118
83 121
83 123
83 124
83 125
83 127
83 128
83 130
83 131
83 132
83 138
83 139
84 1
84 2
84 12
84 13
84 21
84 25
84 28
84 30
84 33
84 35
84 36
84 37
84 38
84 41
84 42
84 43
84 46
84 47
84 49
84 51
84 52
84 54
84 56
84 57
84 60
84 62
84 64
84 65
84 74
84 76
84 77
84 78
84 82
84 84
84 87
84 89
84 90
84 91
84 92
84 93
84 95
84 96
84 97
84 100
84 103
84 104
84 106
84 107
84 109
84 110
84 112
84 113
84 115
84 116
84 118
84 119
84 122
84 123
84 125
84 133
84 135
84 136
84 137
85 6
85 7
85 8
85 13
85 14
85 19
85 24
85 25
85 27
85 28
85 29
85 30
85 31
85 32
85 33
85 34
85 35
85 36
85 37
85 40
85 44
85 45
85 46
85 47
85 48
85 49
85 50
85 51
85 52
85 53
85 55
85 58
85 60
85 63
85 65
85 67
85 68
85 69
85 70
85 72
85 77
85 80
85 81
85 82
85 83
85 86
85 87
85 88
85 90
85 91
85 93
85 95
85 96
85 97
85 98
85 101
85 104
85 105
85 107
85 110
85 111
85 113
85 114
85 115
85 116
85 118
85 119
85 120
85 121
85 124
85 125
85 127
85 131
85 132
85 136
85 139
86 5
86 6
86 9
86 11
86 12
86 16
86 17
86 19
86 20
86 26
86 32
86 33
86 34
86 38
86 40
86 43
86 44
86 45
86 46
86 50
86 51
86 52
86 53
86 58
86 59
86 60
86 61
86 62
86 64
86 68
86 72
86 73
86 75
86 77
86 78
86 79
86 86
86 88
86 90
86 92
86 93
86 95
86 96
86 101
86 102
86 104
86 107
86 108
86 112
86 113
86 116
86 119
86 122
86 124
86 125
86 127
86 133
86 135
86 139
86 140
87 3
87 5
87 6
87 7
87 11
87 15
87 17
87 18
87 19
87 21
87 22
87 24
87 29
87 32
87 33
87 34
87 35
87 37
87 39
87 41
87 42
87 49
87 50
87 54
87 55
87 57
87 58
87 59
87 62
87 64
87 65
87 66
87 67
87 70
87 73
87 75
87 76
87 78
87 82
87 83
87 84
87 86
87 87
87 88
87 89
87 92
87 93
87 94
87 95
87 96
87 97
87 98
87 99
87 100
87 101
87 102
87 103
87 104
87 105
87 106
87 109
87 113
87 119
87 123
87 124
87 126
87 129
87 131
87 138
87 140
88 2
88 3
88 5
88 6
88 9
88 10
88 14
88 15
88 18
88 19
88 21
88 23
88 24
88 25
88 27
88 29
88 30
88 32
88 33
88 36
88 37
88 38
88 40
88 44
88 45
88 46
88 47
88 48
88 52
88 54
88 58
88 62
88 63
88 64
88 67
88 69
88 70
88 72
88 77
88 78
88 79
88 82
88 83
88 87
88 89
88 95
88 96
88 97
88 98
88 100
88 101
88 102
88 103
88 105
88 106
88 107
88 108
88 109
88 111
88 112
88 115
88 116
88 117
88 118
88 119
88 121
88 122
88 123
88 124
88 126
88 127
88 128
88 129
88 133
88 137
88 138
88 140
89 2
89 3
89 4
89 5
89 12
89 13
89 15
89 16
89 17
89 19
89 20
89 22
89 23
89 25
89 26
89 27
89 28
89 31
89 32
89 35
89 36
89 37
89 39
89 42
89 51
89 52
89 56
89 57
89 60
89 62
89 63
89 64
89 68
89 69
89 72
89 73
89 74
89 75
89 77
89 80
89 83
89 88
89 89
89 90
89 91
89 93
89 96
89 102
89 105
89 108
89 109
89 113
89 114
89 115
89 116
89 121
89 122
89 125
89 127
89 128
89 129
89 132
89 133
89 135
89 137
89 138
89 139
89 140
90 2
90 4
90 5
90 7
90 8
90 9
90 10
90 14
90 18
90 20
90 21
90 23
90 24
90 26
90 30
90 33
90 34
90 36
90 37
90 38
90 40
90 41
90 43
90 45
90 48
90 49
90 50
90 52
90 53
90 56
90 58
90 59
90 66
90 67
90 68
90 70
90 71
90 72
90 74
90 75
90 77
90 79
90 81
90 83
90 85
90 86
90 89
90 93
90 95
90 96
90 97
90 98
90 99
90 100
90 101
90 103
90 107
90 109
90 112
90 113
90 118
90 120
90 122
90 123
90 126
90 127
90 128
90 132
90 133
90 136
90 138
90 139
91 1
91 2
91 6
91 9
91 10
91 11
91 17
91 18
91 20
91 21
91 22
91 23
91 24
91 25
91 29
91 33
91 34
91 35
91 36
91 37
91 41
91 42
91 44
91 47
91 49
91 50
91 51
91 53
91 54
91 55
91 56
91 57
91 59
91 60
91 61
91 62
91 64
91 66
91 67
91 68
91 69
91 70
91 71
91 73
91 74
91 75
91 77
91 78
91 81
91 82
91 83
91 84
91 85
91 91
91 92
91 98
91 99
91 102
91 103
91 104
91 105
91 107
91 110
91 111
91 114
91 115
91 117
91 120
91 121
91 123
91 124
91 126
91 127
91 132
91 133
91 134
91 135
91 137
91 140
92 1
92 6
92 7
92 9
92 11
92 16
92 18
92 21
92 22
92 25
92 26
92 29
92 31
92 32
92 34
92 35
92 36
92 38
92 39
92 40
92 43
92 45
92 47
92 48
92 50
92 52
92 53
92 55
92 58
92 59
92 62
92 63
92 65
92 68
92 69
92 73
92 76
92 78
92 79
92 80
92 81
92 83
92 87
92 89
92 90
92 91
92 95
92 97
92 98
92 100
92 101
92 106
92 110
92 111
92 112
92 114
92 115
92 116
92 117
92 119
92 120
92 123
92 124
92 128
92 129
92 130
92 132
92 133
92 135
92 136
92 139
92 140
93 2
93 3
93 4
93 5
93 6
93 7
93 8
93 9
93 13
93 14
93 16
93 17
93 20
93 21
93 22
93 25
93 32
93 36
93 37
93 39
93 42
93 47
93 48
93 49
93 50
93 52
93 53
93 56
93 58
93 59
93 60
93 64
93 68
93 71
93 73
93 78
93 80
93 81
93 82
93 83
93 84
93 85
93 86
93 88
93 91
93 92
93 93
93 94
93 96
93 97
93 100
93 103
93 104
93 106
93 107
93 109
93 111
93 113
93 115
93 120
93 121
93 123
93 124
93 125
93 127
93 132
93 134
93 136
93 138
93 139
93 140
94 6
94 7
94 8
94 10
94 11
94 12
94 13
94 14
94 15
94 16
94 17
94 18
94 19
94 22
94 23
94 24
94 25
94 26
94 27
94 29
94 32
94 34
94 36
94 37
94 38
94 39
94 43
94 45
94 46
94 47
94 48
94 50
94 52
94 54
94 57
94 58
94 59
94 60
94 61
94 62
94 64
94 67
94 68
94 69
94 71
94 75
94 76
94 79
94 80
94 81
94 82
94 85
94 86
94 87
94 88
94 89
94 90
94 92
94 93
94 94
94 98
94 100
94 101
94 102
94 103
94 104
94 107
94 110
94 111
94 115
94 116
94 117
94 119
94 121
94 122
94 123
94 124
94 129
94 131
94 132
94 134
94 136
94 137
94 140
95 3
95 6
95 7
95 8
95 9
95 11
95 13
95 20
95 21
95 26
95 27
95 29
95 35
95 39
95 41
95 43
95 45
95 46
95 48
95 49
95 50
95 53
95 54
95 58
95 59
95 61
95 63
95 64
95 66
95 69
95 70
95 71
95 73
95 74
95 76
95 77
95 79
95 83
95 84
95 86
95 88
95 89
95 91
95 94
95 96
95 98
95 100
95 101
95 103
95 104
95 105
95 106
95 107
95 108
95 109
95 110
95 113
95 117
95 120
95 122
95 123
95 125
95 126
95 128
95 132
95 135
95 137
95 138
95 139
96 1
96 4
96 6
96 7
96 8
96 9
96 12
96 13
96 18
96 19
96 21
96 22
96 26
96 27
96 30
96 33
96 34
96 35
96 36
96 38
96 39
96 40
96 42
96 51
96 52
96 56
96 58
96 60
96 61
96 62
96 63
96 66
96 71
96 73
96 74
96 75
96 77
96 78
96 79
96 80
96 81
96 83
96 90
96 91
96 92
96 93
96 94
96 95
96 97
96 99
96 100
96 102
96 103
96 104
96 105
96 106
96 108
96 113
96 114
96 119
96 120
96 121
96 122
96 123
96 124
96 126
96 130
96 132
96 133
96 136
96 138
96 139
96 140
97 1
97 2
97 3
97 6
97 9
97 10
97 13
97 14
97 18
97 19
97 21
97 23
97 24
97 25
97 26
97 34
97 36
97 38
97 40
97 41
97 42
97 46
97 50
97 51
97 52
97 55
97 56
97 58
97 60
97 63
97 64
97 65
97 68
97 73
97 75
97 76
97 77
97 78
97 81
97 83
97 85
97 86
97 87
97 88
97 92
97 95
97 97
97 98
97 101
97 104
97 105
97 106
97 111
97 113
97 116
97 117
97 118
97 119
97 120
97 121
97 123
97 124
97 125
97 128
97 130
97 132
97 133
97 135
97 137
98 1
98 4
98 7
98 8
98 10
98 11
98 14
98 15
98 17
98 18
98 20
98 21
98 22
98 23
98 25
98 26
98 28
98 30
98 31
98 34
98 35
98 37
98 39
98 40
98 41
98 43
98 46
98 50
98 54
98 56
98 57
98 58
98 65
98 69
98 70
98 73
98 75
98 76
98 77
98 79
98 81
98 82
98 83
98 84
98 85
98 86
98 87
98 88
98 89
98 90
98 91
98 92
98 93
98 94
98 95
98 103
98 106
98 111
98 112
98 114
98 115
98 116
98 118
98 125
98 127
98 128
98 132
98 136
99 2
99 3
99 4
99 6
99 9
99 10
99 12
99 19
99 21
99 24
99 26
99 27
99 31
99 34
99 35
99 41
99 42
99 43
99 46
99 47
99 49
99 55
99 56
99 58
99 59
99 60
99 63
99 71
99 73
99 74
99 78
99 80
99 81
99 82
99 84
99 85
99 86
99 88
99 89
99 90
99 92
99 94
99 95
99 103
99 104
99 107
99 111
99 113
99 115
99 116
99 117
99 118
99 119
99 121
99 122
99 124
99 126
99 127
99 130
99 131
99 134
99 139
99 140
100 1
100 7
100 12
100 14
100 15
100 16
100 19
100 20
100 23
100 25
100 26
100 27
100 28
100 29
100 30
100 31
100 32
100 33
100 34
100 35
100 37
100 38
100 39
100 43
100 46
100 47
100 50
100 51
100 53
100 58
100 59
100 60
100 62
100 63
100 64
100 66
100 67
100 68
100 70
100 71
100 72
100 73
100 77
100 81
100 82
100 85
100 86
100 87
100 89
100 90
100 94
100 97
100 98
100 99
100 100
100 102
100 106
100 107
100 108
100 109
100 111
100 112
100 113
100 119
100 122
100 124
100 125
100 127
100 129
100 130
100 132
100 133
100 134
100 135
100 138
100 140
101 1
101 2
101 6
101 7
101 8
101 9
101 13
101 14
101 17
101 19
101 21
101 22
101 24
101 25
101 26
101 27
101 29
101 30
101 31
101 32
101 34
101 38
101 39
101 40
101 41
101 42
101 44
101 47
101 51
101 53
101 57
101 58
101 59
101 60
101 61
101 67
101 68
101 70
101 73
101 74
101 75
101 76
101 77
101 78
101 79
101 80
101 81
101 83
101 86
101 87
101 88
101 96
101 97
101 100
101 101
101 102
101 103
101 104
101 105
101 107
101 114
101 115
101 117
101 118
101 119
101 120
101 122
101 123
101 125
101 126
101 128
101 131
101 133
101 134
101 136
101 138
101 139
101 140
102 2
102 3
102 4
102 5
102 8
102 14
102 18
102 19
102 21
102 23
102 24
102 25
102 27
102 30
102 31
102 33
102 34
102 36
102 38
102 42
102 45
102 47
102 49
102 51
102 52
102 54
102 55
102 56
102 58
102 59
102 60
102 63
102 64
102 65
102 67
102 74
102 75
102 77
102 81
102 84
102 86
102 89
102 91
102 92
102 94
102 96
102 97
102 100
102 105
102 107
102 108
102 112
102 113
102 114
102 115
102 124
102 127
102 128
102 129
102 134
102 135
102 137
102 139
103 2
103 7
103 9
103 10
103 12
103 13
103 21
103 22
103 23
103 25
103 27
103 28
103 30
103 34
103 36
103 38
103 39
103 40
103 41
103 42
103 43
103 44
103 50
103 52
103 53
103 54
103 57
103 60
103 61
103 62
103 63
103 64
103 65
103 67
103 68
103 69
103 71
103 72
103 74
103 76
103 79
103 80
103 82
103 84
103 86
103 89
103 91
103 93
103 94
103 95
103 96
103 98
103 100
103 103
103 105
103 106
103 107
103 108
103 109
103 111
103 114
103 117
103 118
103 124
103 125
103 127
103 129
103 132
103 133
103 136
103 138
103 140
104 1
104 2
104 3
104 5
104 6
104 7
104 9
104 10
104 11
104 14
104 15
104 18
104 19
104 24
104 25
104 27
104 29
104 33
104 35
104 36
104 37
104 38
104 40
104 42
104 45
104 48
104 49
104 51
104 53
104 57
104 65
104 66
104 68
104 71
104 72
104 74
104 75
104 81
104 83
104 88
104 89
104 93
104 95
104 96
104 98
104 101
104 102
104 103
104 104
104 105
104 106
104 108
104 109
104 110
104 115
104 116
104 117
104 118
104 119
104 122
104 130
104 131
104 132
104 133
104 134
104 135
104 136
104 137
104 139
104 140
105 4
105 6
105 9
105 10
105 11
105 12
105 13
105 16
105 17
105 21
105 23
105 24
105 25
105 26
105 27
105 29
105 34
105 35
105 37
105 39
105 41
105 42
105 43
105 45
105 50
105 51
105 52
105 54
105 55
105 56
105 57
105 59
105 63
105 64
105 65
105 67
105 69
105 72
105 74
105 75
105 76
105 77
105 79
105 83
105 87
105 89
105 91
105 94
105 95
105 96
105 97
105 98
105 100
105 103
105 104
105 106
105 108
105 112
105 113
105 114
105 116
105 118
105 122
105 123
105 125
105 126
105 128
105 130
105 131
105 133
105 134
105 136
105 139
106 1
106 2
106 3
106 4
106 5
106 6
106 9
106 11
106 12
106 14
106 17
106 19
106 20
106 21
106 23
106 24
106 26
106 27
106 28
106 31
106 34
106 35
106 37
106 38
106 40
106 41
106 42
106 43
106 44
106 45
106 46
106 49
106 50
106 51
106 52
106 56
106 60
106 61
106 63
106 65
106 67
106 69
106 70
106 73
106 75
106 77
106 78
106 82
106 83
106 85
106 86
106 89
106 91
106 92
106 94
106 97
106 98
106 99
106 100
106 102
106 103
106 105
106 107
106 110
106 111
106 112
106 113
106 114
106 115
106 116
106 117
106 118
106 126
106 127
106 129
106 132
106 134
106 135
106 137
106 139
107 2
107 3
107 5
107 6
107 8
107 9
107 11
107 12
107 13
107 15
107 16
107 19
107 20
107 21
107 22
107 26
107 27
107 28
107 29
107 32
107 34
107 35
107 36
107 37
107 43
107 45
107 47
107 48
107 51
107 53
107 56
107 57
107 58
107 59
107 61
107 65
107 66
107 67
107 68
107 69
107 71
107 73
107 74
107 77
107 79
107 80
107 81
107 82
107 86
107 88
107 90
107 95
107 98
107 99
107 100
107 101
107 103
107 104
107 105
107 106
107 108
107 109
107 116
107 117
107 120
107 128
107 131
107 135
107 136
108 4
108 5
108 7
108 8
108 10
108 16
108 20
108 21
108 22
108 25
108 27
108 28
108 29
108 32
108 33
108 34
108 35
108 39
108 41
108 43
108 47
108 49
108 52
108 53
108 54
108 56
108 57
108 58
108 59
108 60
108 62
108 64
108 66
108 67
108 69
108 71
108 72
108 74
108 78
108 81
108 85
108 86
108 88
108 90
108 91
108 95
108 97
108 99
108 102
108 103
108 104
108 105
108 106
108 107
108 110
108 118
108 130
108 132
108 133
108 134
108 135
108 136
108 137
108 138
108 139
108 140
109 1
109 3
109 4
109 5
109 7
109 8
109 9
109 10
109 11
109 13
109 15
109 16
109 17
109 18
109 22
109 26
109 27
109 28
109 29
109 30
109 31
109 38
109 41
109 44
109 46
109 50
109 51
109 53
109 55
109 56
109 58
109 62
109 64
109 65
109 66
109 69
109 70
109 71
109 72
109 73
109 74
109 75
109 76
109 77
109 82
109 83
109 85
109 92
109 95
109 97
109 98
109 99
109 101
109 103
109 104
109 105
109 106
109 107
109 108
109 111
109 112
109 113
109 118
109 120
109 121
109 122
109 124
109 127
109 128
109 130
109 131
109 134
109 136
109 137
110 1
110 2
110 3
110 4
110 5
110 6
110 8
110 9
110 13
110 15
110 18
110 19
110 20
110 23
110 26
110 27
110 28
110 30
110 33
110 34
110 39
110 41
110 42
110 46
110 47
110 48
110 50
110 55
110 56
110 57
110 60
110 62
110 64
110 65
110 71
110 76
110 77
110 78
110 82
110 84
110 85
110 86
110 91
110 92
110 96
110 97
110 99
110 100
110 103
110 104
110 107
110 108
110 111
110 112
110 119
110 123
110 124
110 127
110 131
110 132
110 136
110 138
111 1
111 3
111 6
111 7
111 11
111 14
111 15
111 17
111 20
111 23
111 24
111 25
111 27
111 28
111 29
111 30
111 31
111 32
111 33
111 39
111 40
111 41
111 44
111 46
111 48
111 56
111 57
111 63
111 65
111 66
111 68
111 71
111 72
111 74
111 76
111 80
111 84
111 86
111 88
111 89
111 91
111 92
111 97
111 99
111 102
111 104
111 106
111 111
111 113
111 114
111 115
111 116
111 118
111 121
111 122
111 123
111 124
111 128
111 131
111 133
111 134
111 137
111 138
111 140
112 1
112 2
112 3
112 5
112 9
112 10
112 13
112 14
112 15
112 17
112 18
112 19
112 22
112 25
112 26
112 29
112 30
112 31
112 33
112 37
112 39
112 42
112 46
112 48
112 51
112 53
112 54
112 56
112 57
112 58
112 59
112 60
112 61
112 62
112 63
112 64
112 67
112 68
112 76
112 77
112 80
112 83
112 84
112 85
112 86
112 87
112 91
112 93
112 98
112 100
112 102
112 104
112 105
112 107
112 109
112 111
112 120
112 122
112 124
112 125
112 127
112 131
112 132
112 133
112 134
112 135
112 136
112 137
112 139
112 140
