80 100 4088 42
1 4
1 5
1 6
1 8
1 9
1 10
1 12
1 14
1 17
1 18
1 19
1 22
1 23
1 26
1 27
1 30
1 31
1 32
1 35
1 43
1 44
1 50
1 52
1 53
1 55
1 56
1 57
1 61
1 62
1 63
1 67
1 68
1 71
1 72
1 74
1 76
1 80
1 88
1 89
1 95
1 100
2 1
2 6
2 7
2 8
2 13
2 14
2 19
2 21
2 22
2 23
2 24
2 25
2 26
2 28
2 29
2 37
2 40
2 41
2 43
2 45
2 47
2 48
2 55
2 57
2 58
2 61
2 62
2 63
2 64
2 67
2 69
2 70
2 73
2 74
2 75
2 76
2 78
2 79
2 85
2 89
2 90
2 91
2 93
2 98
3 1
3 2
3 4
3 5
3 7
3 10
3 11
3 13
3 14
3 16
3 19
3 20
3 21
3 23
3 28
3 32
3 35
3 37
3 38
3 41
3 42
3 43
3 44
3 49
3 50
3 51
3 54
3 55
3 57
3 59
3 60
3 64
3 65
3 67
3 68
3 69
3 70
3 72
3 73
3 74
3 78
3 80
3 81
3 82
3 83
3 84
3 85
3 88
3 89
3 93
3 94
3 96
3 97
3 98
4 3
4 8
4 9
4 12
4 13
4 15
4 16
4 19
4 21
4 23
4 24
4 25
4 26
4 27
4 28
4 32
4 33
4 35
4 36
4 37
4 39
4 40
4 42
4 44
4 49
4 54
4 55
4 59
4 63
4 66
4 68
4 69
4 70
4 71
4 72
4 75
4 76
4 77
4 81
4 84
4 85
4 86
4 87
4 88
4 90
4 91
4 93
4 94
4 95
4 98
4 99
5 1
5 2
5 4
5 5
5 6
5 8
5 10
5 13
5 20
5 21
5 24
5 26
5 27
5 29
5 30
5 31
5 33
5 35
5 37
5 41
5 45
5 46
5 48
5 49
5 50
5 51
5 52
5 54
5 60
5 61
5 63
5 64
5 66
5 74
5 77
5 78
5 80
5 82
5 83
5 84
5 87
5 91
5 92
5 93
5 97
5 99
6 4
6 7
6 9
6 10
6 12
6 16
6 19
6 20
6 22
6 24
6 25
6 27
6 30
6 32
6 36
6 38
6 40
6 43
6 44
6 45
6 46
6 47
6 48
6 50
6 52
6 53
6 54
6 55
6 57
6 61
6 62
6 63
6 65
6 68
6 71
6 72
6 73
6 74
6 77
6 78
6 80
6 81
6 82
6 89
6 92
6 93
6 96
6 98
6 99
7 2
7 4
7 5
7 7
7 9
7 11
7 15
7 18
7 20
7 21
7 22
7 24
7 25
7 26
7 29
7 30
7 33
7 36
7 37
7 39
7 42
7 43
7 45
7 50
7 51
7 52
7 55
7 57
7 58
7 60
7 64
7 65
7 66
7 68
7 70
7 71
7 75
7 78
7 80
7 83
7 84
7 85
7 89
7 91
7 92
7 93
7 94
7 95
7 96
7 97
7 99
7 100
8 1
8 4
8 8
8 9
8 12
8 14
8 16
8 19
8 23
8 24
8 25
8 27
8 29
8 30
8 35
8 36
8 37
8 40
8 41
8 42
8 44
8 48
8 52
8 53
8 54
8 55
8 58
8 59
8 60
8 61
8 65
8 67
8 69
8 71
8 75
8 77
8 80
8 84
8 87
8 92
8 94
8 96
8 99
8 100
9 1
9 2
9 3
9 6
9 7
9 10
9 14
9 15
9 16
9 19
9 23
9 27
9 28
9 29
9 30
9 33
9 34
9 36
9 37
9 38
9 39
9 40
9 41
9 43
9 45
9 46
9 47
9 49
9 50
9 52
9 53
9 54
9 55
9 56
9 58
9 60
9 61
9 68
9 72
9 74
9 76
9 77
9 79
9 80
9 81
9 84
9 85
9 86
9 87
9 88
9 89
9 90
9 91
9 95
9 96
9 97
9 98
9 100
10 2
10 3
10 4
10 7
10 8
10 12
10 13
10 15
10 16
10 17
10 18
10 19
10 20
10 21
10 22
10 24
10 26
10 29
10 30
10 31
10 33
10 34
10 35
10 38
10 39
10 40
10 43
10 45
10 46
10 49
10 50
10 51
10 57
10 58
10 59
10 60
10 61
10 62
10 68
10 69
10 70
10 73
10 77
10 80
10 82
10 84
10 85
10 86
10 87
10 88
10 89
10 91
10 93
10 94
10 95
10 97
10 98
10 99
10 100
11 1
11 2
11 3
11 5
11 6
11 8
11 14
11 15
11 17
11 18
11 19
11 22
11 23
11 25
11 27
11 30
11 32
11 33
11 37
11 38
11 40
11 43
11 45
11 46
11 47
11 48
11 53
11 55
11 56
11 57
11 58
11 61
11 62
11 63
11 67
11 68
11 72
11 74
11 75
11 76
11 77
11 78
11 79
11 80
11 81
11 83
11 86
11 88
11 90
11 91
11 95
11 96
11 97
11 98
11 100
12 3
12 4
12 9
12 10
12 11
12 12
12 14
12 16
12 18
12 20
12 21
12 24
12 25
12 29
12 30
12 33
12 34
12 35
12 36
12 38
12 39
12 41
12 42
12 43
12 44
12 45
12 47
12 49
12 51
12 54
12 55
12 59
12 60
12 62
12 63
12 64
12 68
12 69
12 71
12 72
12 76
12 77
12 78
12 79
12 80
12 82
12 86
12 87
12 88
12 92
12 93
12 94
12 95
12 96
12 99
12 100
13 2
13 3
13 4
13 6
13 10
13 11
13 12
13 14
13 15
13 19
13 21
13 23
13 25
13 27
13 28
13 31
13 32
13 34
13 36
13 42
13 44
13 46
13 50
13 52
13 57
13 60
13 61
13 64
13 66
13 70
13 72
13 73
13 74
13 77
13 78
13 79
13 81
13 82
13 83
13 84
13 86
13 87
13 88
13 89
13 90
13 92
13 94
13 98
13 99
13 100
14 3
14 4
14 5
14 6
14 7
14 8
14 10
14 11
14 13
14 15
14 18
14 19
14 20
14 25
14 26
14 30
14 31
14 32
14 34
14 37
14 38
14 41
14 42
14 45
14 46
14 48
14 51
14 53
14 54
14 57
14 59
14 60
14 61
14 62
14 67
14 70
14 71
14 72
14 74
14 75
14 77
14 78
14 80
14 81
14 82
14 85
14 86
14 87
14 88
14 89
14 94
14 95
14 96
14 99
14 100
15 1
15 2
15 3
15 4
15 7
15 8
15 12
15 13
15 14
15 16
15 17
15 20
15 21
15 22
15 24
15 25
15 27
15 29
15 30
15 33
15 34
15 37
15 39
15 40
15 41
15 43
15 44
15 47
15 48
15 50
15 52
15 55
15 56
15 57
15 58
15 59
15 61
15 63
15 64
15 65
15 66
15 71
15 72
15 75
15 76
15 79
15 81
15 86
15 87
15 88
15 90
15 92
15 93
15 95
15 96
15 98
15 99
15 100
16 3
16 4
16 6
16 8
16 13
16 14
16 16
16 17
16 19
16 20
16 23
16 25
16 27
16 28
16 35
16 37
16 38
16 39
16 40
16 42
16 44
16 45
16 47
16 48
16 49
16 52
16 55
16 56
16 57
16 58
16 61
16 62
16 64
16 66
16 68
16 69
16 71
16 72
16 81
16 82
16 83
16 84
16 90
16 92
16 94
16 99
17 1
17 2
17 5
17 6
17 7
17 8
17 9
17 11
17 14
17 16
17 18
17 21
17 22
17 23
17 25
17 29
17 31
17 33
17 34
17 35
17 37
17 39
17 41
17 42
17 43
17 52
17 53
17 54
17 56
17 57
17 58
17 61
17 63
17 64
17 65
17 66
17 67
17 72
17 74
17 76
17 79
17 80
17 81
17 83
17 84
17 85
17 86
17 87
17 88
17 89
17 90
17 92
17 95
17 98
17 99
17 100
18 2
18 3
18 7
18 8
18 9
18 11
18 12
18 13
18 14
18 15
18 18
18 19
18 22
18 24
18 26
18 27
18 29
18 32
18 33
18 34
18 36
18 43
18 44
18 45
18 48
18 51
18 54
18 57
18 62
18 65
18 68
18 69
18 70
18 74
18 75
18 78
18 80
18 85
18 86
18 88
18 91
18 92
18 94
18 96
18 99
19 2
19 3
19 7
19 10
19 11
19 12
19 13
19 15
19 21
19 25
19 26
19 27
19 28
19 30
19 31
19 34
19 36
19 37
19 38
19 40
19 41
19 46
19 49
19 50
19 51
19 54
19 55
19 57
19 61
19 64
19 65
19 66
19 68
19 69
19 71
19 74
19 77
19 78
19 79
19 80
19 81
19 83
19 84
19 85
19 86
19 90
19 93
19 94
19 95
19 96
19 99
20 1
20 2
20 3
20 7
20 11
20 14
20 15
20 16
20 17
20 18
20 19
20 20
20 21
20 24
20 25
20 26
20 29
20 32
20 33
20 35
20 38
20 39
20 40
20 42
20 44
20 45
20 46
20 47
20 48
20 50
20 51
20 52
20 53
20 55
20 62
20 64
20 65
20 68
20 69
20 72
20 76
20 79
20 83
20 86
20 87
20 89
20 90
20 92
20 93
20 94
20 96
21 4
21 6
21 7
21 9
21 13
21 15
21 17
21 19
21 20
21 22
21 24
21 25
21 28
21 31
21 32
21 33
21 34
21 35
21 37
21 38
21 39
21 47
21 48
21 51
21 53
21 57
21 58
21 61
21 62
21 65
21 67
21 68
21 70
21 74
21 75
21 78
21 82
21 86
21 87
21 88
21 90
21 94
21 97
22 1
22 2
22 4
22 5
22 6
22 11
22 16
22 17
22 20
22 21
22 22
22 23
22 24
22 25
22 26
22 29
22 30
22 32
22 37
22 39
22 43
22 44
22 45
22 48
22 49
22 50
22 52
22 53
22 54
22 58
22 59
22 61
22 63
22 64
22 65
22 67
22 68
22 70
22 71
22 75
22 77
22 78
22 79
22 80
22 81
22 84
22 85
22 87
22 89
22 96
23 2
23 6
23 9
23 10
23 16
23 17
23 18
23 19
23 21
23 22
23 23
23 24
23 25
23 31
23 32
23 35
23 36
23 38
23 41
23 42
23 43
23 45
23 46
23 48
23 50
23 53
23 54
23 55
23 57
23 58
23 62
23 68
23 69
23 71
23 73
23 78
23 85
23 87
23 88
23 89
23 91
23 92
23 94
23 95
23 97
23 100
24 3
24 4
24 5
24 6
24 8
24 10
24 14
24 19
24 20
24 21
24 23
24 26
24 29
24 30
24 31
24 33
24 34
24 35
24 36
24 38
24 39
24 41
24 43
24 44
24 46
24 48
24 49
24 52
24 53
24 56
24 57
24 62
24 69
24 73
24 74
24 76
24 77
24 78
24 82
24 83
24 86
24 88
24 90
24 91
24 92
24 94
24 100
25 1
25 5
25 7
25 10
25 11
25 13
25 14
25 15
25 18
25 20
25 21
25 22
25 23
25 26
25 30
25 33
25 34
25 35
25 37
25 39
25 40
25 42
25 44
25 45
25 46
25 47
25 48
25 50
25 51
25 53
25 55
25 61
25 62
25 63
25 64
25 65
25 66
25 67
25 69
25 70
25 72
25 73
25 74
25 75
25 80
25 81
25 83
25 84
25 85
25 88
25 90
25 92
25 93
25 94
25 96
26 6
26 7
26 9
26 11
26 14
26 15
26 16
26 17
26 19
26 25
26 26
26 28
26 32
26 33
26 36
26 39
26 41
26 42
26 43
26 45
26 47
26 48
26 52
26 53
26 54
26 55
26 56
26 61
26 62
26 63
26 65
26 69
26 74
26 76
26 79
26 82
26 84
26 85
26 86
26 87
26 88
26 92
26 95
26 96
26 97
26 100
27 4
27 5
27 6
27 7
27 8
27 9
27 10
27 11
27 13
27 14
27 15
27 18
27 21
27 22
27 23
27 25
27 26
27 27
27 28
27 31
27 33
27 38
27 42
27 43
27 46
27 47
27 53
27 55
27 56
27 57
27 58
27 60
27 62
27 65
27 66
27 68
27 69
27 73
27 74
27 76
27 77
27 78
27 79
27 83
27 85
27 87
27 89
27 90
27 91
27 93
27 97
27 99
27 100
28 1
28 2
28 4
28 5
28 7
28 8
28 9
28 13
28 15
28 16
28 27
28 30
28 31
28 32
28 35
28 36
28 37
28 42
28 45
28 46
28 47
28 49
28 50
28 51
28 54
28 56
28 59
28 60
28 61
28 63
28 64
28 65
28 66
28 67
28 68
28 70
28 71
28 74
28 75
28 76
28 77
28 79
28 83
28 88
28 89
28 90
28 91
28 92
28 93
28 95
28 96
28 97
28 99
28 100
29 2
29 3
29 4
29 6
29 7
29 8
29 11
29 12
29 13
29 14
29 16
29 17
29 18
29 21
29 22
29 25
29 26
29 29
29 32
29 33
29 38
29 39
29 40
29 43
29 45
29 47
29 48
29 50
29 52
29 53
29 56
29 59
29 60
29 61
29 62
29 63
29 65
29 66
29 67
29 71
29 72
29 73
29 74
29 75
29 77
29 78
29 80
29 81
29 82
29 83
29 87
29 91
29 93
29 94
29 98
29 100
30 1
30 6
30 9
30 13
30 15
30 16
30 19
30 21
30 23
30 24
30 25
30 26
30 27
30 29
30 30
30 32
30 33
30 36
30 38
30 40
30 41
30 44
30 45
30 48
30 51
30 53
30 58
30 62
30 65
30 67
30 68
30 70
30 71
30 72
30 73
30 75
30 76
30 77
30 78
30 80
30 82
30 83
30 84
30 87
30 89
30 90
30 92
30 95
30 97
30 99
30 100
31 1
31 3
31 6
31 7
31 10
31 13
31 14
31 18
31 20
31 22
31 23
31 25
31 27
31 28
31 30
31 32
31 35
31 39
31 41
31 44
31 45
31 46
31 47
31 48
31 51
31 53
31 54
31 56
31 57
31 58
31 60
31 61
31 63
31 64
31 65
31 67
31 68
31 70
31 72
31 74
31 75
31 77
31 80
31 81
31 84
31 86
31 89
31 91
31 92
31 93
31 94
31 96
32 2
32 3
32 4
32 6
32 7
32 15
32 18
32 21
32 22
32 24
32 26
32 29
32 31
32 32
32 33
32 39
32 40
32 41
32 42
32 44
32 46
32 48
32 49
32 50
32 51
32 54
32 58
32 61
32 63
32 65
32 66
32 67
32 71
32 75
32 78
32 79
32 80
32 83
32 84
32 87
32 88
32 90
32 93
32 94
32 95
32 98
32 99
32 100
33 1
33 3
33 4
33 5
33 6
33 7
33 9
33 10
33 11
33 13
33 14
33 15
33 18
33 19
33 20
33 21
33 23
33 24
33 25
33 26
33 27
33 33
33 35
33 37
33 38
33 41
33 42
33 44
33 45
33 49
33 50
33 52
33 54
33 57
33 58
33 61
33 65
33 66
33 67
33 72
33 73
33 75
33 76
33 77
33 78
33 80
33 81
33 82
33 83
33 84
33 85
33 89
33 90
33 91
33 96
33 98
33 99
34 1
34 2
34 3
34 4
34 5
34 6
34 9
34 10
34 11
34 12
34 17
34 18
34 19
34 21
34 23
34 24
34 28
34 29
34 34
34 36
34 39
34 41
34 45
34 46
34 47
34 48
34 50
34 55
34 56
34 57
34 59
34 60
34 61
34 63
34 64
34 67
34 68
34 71
34 72
34 73
34 74
34 75
34 78
34 80
34 81
34 83
34 84
34 85
34 86
34 87
34 90
34 92
34 94
34 95
34 97
34 98
35 1
35 7
35 8
35 10
35 11
35 15
35 16
35 18
35 19
35 20
35 21
35 24
35 25
35 26
35 27
35 28
35 29
35 30
35 31
35 32
35 36
35 37
35 39
35 46
35 48
35 49
35 50
35 51
35 54
35 60
35 64
35 66
35 67
35 69
35 70
35 72
35 73
35 75
35 78
35 79
35 82
35 84
35 89
35 90
35 91
35 93
35 95
35 97
35 98
35 99
35 100
36 1
36 3
36 4
36 5
36 7
36 8
36 11
36 12
36 13
36 15
36 17
36 20
36 23
36 24
36 25
36 31
36 32
36 33
36 36
36 39
36 40
36 41
36 46
36 47
36 49
36 50
36 52
36 53
36 54
36 55
36 56
36 57
36 58
36 59
36 60
36 61
36 62
36 63
36 66
36 68
36 69
36 74
36 75
36 77
36 82
36 84
36 86
36 88
36 89
36 90
36 93
36 96
36 98
36 100
37 1
37 2
37 6
37 7
37 8
37 10
37 11
37 13
37 15
37 18
37 20
37 21
37 22
37 23
37 27
37 29
37 30
37 33
37 35
37 36
37 38
37 39
37 41
37 42
37 47
37 49
37 50
37 51
37 53
37 55
37 57
37 58
37 60
37 61
37 64
37 66
37 67
37 70
37 72
37 73
37 74
37 75
37 76
37 77
37 78
37 81
37 82
37 86
37 89
37 91
37 92
37 93
37 97
37 98
37 100
38 1
38 2
38 5
38 6
38 7
38 8
38 10
38 12
38 13
38 14
38 17
38 19
38 23
38 24
38 28
38 31
38 33
38 34
38 38
38 40
38 51
38 54
38 58
38 60
38 61
38 66
38 68
38 69
38 70
38 73
38 75
38 76
38 84
38 86
38 89
38 90
38 91
38 94
38 95
38 99
39 2
39 3
39 5
39 7
39 8
39 14
39 15
39 19
39 22
39 23
39 24
39 25
39 29
39 30
39 33
39 34
39 35
39 37
39 38
39 39
39 40
39 41
39 43
39 44
39 45
39 46
39 49
39 50
39 52
39 54
39 55
39 56
39 58
39 64
39 68
39 73
39 75
39 77
39 78
39 79
39 80
39 82
39 83
39 87
39 89
39 92
39 93
39 94
39 97
39 99
40 1
40 4
40 6
40 7
40 8
40 9
40 14
40 15
40 16
40 18
40 20
40 21
40 22
40 26
40 28
40 36
40 37
40 39
40 40
40 42
40 45
40 46
40 47
40 49
40 52
40 54
40 55
40 58
40 59
40 60
40 62
40 63
40 67
40 69
40 72
40 77
40 78
40 79
40 81
40 82
40 83
40 86
40 88
40 90
40 91
40 92
40 95
40 96
40 100
41 1
41 2
41 4
41 7
41 8
41 10
41 13
41 14
41 15
41 17
41 18
41 19
41 22
41 25
41 26
41 27
41 29
41 31
41 32
41 34
41 35
41 37
41 39
41 41
41 42
41 43
41 44
41 46
41 47
41 49
41 50
41 51
41 53
41 57
41 59
41 61
41 65
41 66
41 67
41 68
41 69
41 70
41 71
41 75
41 76
41 78
41 80
41 83
41 84
41 85
41 88
41 89
41 90
41 91
41 92
41 95
41 96
41 100
42 1
42 2
42 3
42 5
42 8
42 10
42 14
42 17
42 18
42 19
42 21
42 22
42 25
42 29
42 30
42 32
42 38
42 39
42 40
42 44
42 46
42 50
42 51
42 52
42 60
42 61
42 62
42 64
42 65
42 70
42 73
42 74
42 75
42 76
42 77
42 79
42 81
42 83
42 84
42 87
42 91
42 92
42 95
42 96
42 97
42 99
43 3
43 4
43 5
43 6
43 8
43 9
43 10
43 11
43 16
43 19
43 20
43 21
43 22
43 25
43 27
43 28
43 35
43 36
43 38
43 41
43 44
43 45
43 46
43 47
43 49
43 51
43 55
43 58
43 59
43 60
43 61
43 62
43 63
43 64
43 65
43 67
43 69
43 73
43 75
43 80
43 81
43 82
43 84
43 85
43 86
43 87
43 91
43 92
43 95
43 96
43 99
43 100
44 2
44 4
44 5
44 6
44 7
44 11
44 12
44 15
44 17
44 18
44 19
44 22
44 24
44 25
44 26
44 29
44 30
44 32
44 34
44 35
44 37
44 39
44 41
44 42
44 43
44 46
44 49
44 50
44 53
44 55
44 56
44 57
44 60
44 63
44 66
44 68
44 71
44 74
44 75
44 78
44 79
44 81
44 83
44 84
44 85
44 86
44 87
44 88
44 89
44 91
44 94
44 99
44 100
45 1
45 3
45 4
45 5
45 8
45 10
45 13
45 15
45 18
45 19
45 20
45 24
45 26
45 27
45 30
45 37
45 42
45 43
45 45
45 46
45 47
45 50
45 56
45 57
45 60
45 66
45 69
45 70
45 73
45 75
45 76
45 77
45 78
45 82
45 85
45 88
45 93
45 94
45 95
45 96
45 99
46 1
46 3
46 6
46 7
46 9
46 11
46 12
46 15
46 16
46 17
46 18
46 20
46 22
46 24
46 25
46 27
46 30
46 33
46 34
46 35
46 36
46 37
46 39
46 40
46 42
46 44
46 45
46 47
46 48
46 49
46 51
46 52
46 53
46 57
46 58
46 60
46 62
46 65
46 67
46 68
46 71
46 73
46 74
46 79
46 87
46 88
46 89
46 90
46 92
46 94
46 95
46 98
47 1
47 3
47 4
47 9
47 10
47 13
47 14
47 18
47 19
47 20
47 21
47 22
47 26
47 27
47 28
47 29
47 30
47 35
47 36
47 37
47 39
47 40
47 41
47 45
47 46
47 49
47 53
47 59
47 60
47 61
47 63
47 65
47 67
47 69
47 70
47 73
47 77
47 79
47 80
47 82
47 83
47 85
47 89
47 92
47 95
47 96
47 97
47 99
47 100
48 4
48 8
48 9
48 13
48 15
48 19
48 20
48 22
48 23
48 24
48 25
48 26
48 28
48 29
48 35
48 37
48 38
48 39
48 40
48 41
48 42
48 44
48 46
48 48
48 49
48 52
48 53
48 54
48 55
48 56
48 57
48 59
48 60
48 61
48 69
48 70
48 74
48 76
48 77
48 78
48 79
48 81
48 84
48 85
48 86
48 87
48 90
48 93
48 94
48 96
48 97
48 98
48 99
49 1
49 6
49 10
49 12
49 17
49 18
49 20
49 21
49 23
49 26
49 27
49 30
49 35
49 37
49 38
49 42
49 43
49 44
49 48
49 49
49 50
49 51
49 53
49 55
49 57
49 58
49 62
49 63
49 64
49 66
49 67
49 69
49 70
49 71
49 72
49 77
49 79
49 82
49 83
49 84
49 86
49 87
49 88
49 90
49 94
49 95
49 96
49 98
49 99
49 100
50 2
50 7
50 10
50 11
50 12
50 13
50 14
50 16
50 18
50 22
50 23
50 25
50 27
50 28
50 30
50 31
50 32
50 33
50 34
50 36
50 38
50 41
50 43
50 47
50 49
50 50
50 53
50 58
50 59
50 61
50 63
50 65
50 66
50 71
50 72
50 73
50 74
50 75
50 77
50 78
50 80
50 82
50 86
50 87
50 88
50 90
50 96
50 97
51 2
51 3
51 4
51 5
51 8
51 9
51 10
51 11
51 13
51 16
51 21
51 23
51 29
51 30
51 33
51 34
51 35
51 37
51 38
51 39
51 40
51 41
51 42
51 43
51 44
51 46
51 48
51 49
51 53
51 54
51 55
51 56
51 59
51 61
51 62
51 63
51 66
51 69
51 71
51 72
51 73
51 74
51 75
51 76
51 78
51 80
51 81
51 83
51 84
51 85
51 87
51 91
51 94
51 95
51 99
52 1
52 2
52 3
52 4
52 7
52 10
52 11
52 12
52 15
52 17
52 22
52 23
52 24
52 25
52 27
52 28
52 30
52 31
52 32
52 33
52 35
52 36
52 37
52 47
52 48
52 55
52 60
52 62
52 63
52 65
52 67
52 68
52 70
52 71
52 72
52 73
52 75
52 76
52 78
52 81
52 82
52 83
52 88
52 89
52 90
52 92
52 93
52 94
52 95
52 97
52 98
52 100
53 1
53 3
53 4
53 5
53 7
53 9
53 10
53 12
53 13
53 14
53 15
53 19
53 20
53 21
53 22
53 24
53 25
53 26
53 28
53 29
53 30
53 31
53 32
53 34
53 38
53 40
53 41
53 44
53 45
53 48
53 53
53 56
53 57
53 59
53 60
53 61
53 63
53 64
53 66
53 67
53 69
53 70
53 71
53 73
53 76
53 78
53 80
53 82
53 84
53 86
53 89
53 92
53 93
53 96
53 98
54 1
54 2
54 3
54 4
54 5
54 8
54 10
54 14
54 15
54 18
54 21
54 23
54 24
54 26
54 27
54 28
54 29
54 31
54 32
54 35
54 37
54 41
54 42
54 44
54 45
54 46
54 47
54 48
54 49
54 50
54 51
54 52
54 58
54 59
54 61
54 62
54 63
54 64
54 65
54 66
54 68
54 71
54 74
54 76
54 83
54 84
54 86
54 87
54 88
54 89
54 90
54 91
54 94
54 96
54 97
54 98
54 99
54 100
55 1
55 2
55 6
55 8
55 9
55 10
55 12
55 13
55 16
55 20
55 21
55 22
55 23
55 24
55 26
55 27
55 28
55 29
55 31
55 32
55 33
55 35
55 36
55 40
55 47
55 48
55 49
55 50
55 52
55 53
55 55
55 56
55 58
55 59
55 64
55 67
55 68
55 69
55 70
55 74
55 76
55 78
55 80
55 81
55 82
55 89
55 90
55 91
55 92
55 94
55 95
55 96
55 99
55 100
56 1
56 3
56 5
56 6
56 7
56 8
56 10
56 13
56 14
56 15
56 17
56 18
56 19
56 20
56 21
56 22
56 25
56 27
56 33
56 34
56 35
56 40
56 41
56 42
56 44
56 45
56 46
56 48
56 49
56 50
56 52
56 53
56 57
56 60
56 62
56 63
56 64
56 65
56 66
56 67
56 68
56 69
56 72
56 74
56 76
56 80
56 81
56 82
56 83
56 84
56 88
56 91
56 92
56 93
56 97
56 100
57 1
57 2
57 7
57 9
57 11
57 12
57 13
57 15
57 17
57 19
57 22
57 24
57 27
57 29
57 30
57 31
57 32
57 33
57 35
57 36
57 38
57 41
57 43
57 44
57 45
57 46
57 47
57 51
57 53
57 54
57 55
57 56
57 57
57 59
57 61
57 62
57 65
57 68
57 72
57 73
57 75
57 80
57 81
57 82
57 84
57 86
57 88
57 89
57 90
57 91
57 95
57 97
57 98
57 100
58 1
58 3
58 5
58 6
58 9
58 14
58 17
58 22
58 23
58 24
58 27
58 29
58 31
58 33
58 37
58 38
58 39
58 40
58 41
58 43
58 44
58 47
58 48
58 49
58 50
58 53
58 55
58 60
58 62
58 63
58 65
58 66
58 68
58 71
58 75
58 76
58 77
58 79
58 83
58 84
58 85
58 86
58 87
58 88
58 91
58 94
58 95
58 100
59 3
59 4
59 7
59 10
59 13
59 14
59 15
59 16
59 17
59 18
59 20
59 22
59 25
59 26
59 28
59 29
59 31
59 32
59 34
59 35
59 36
59 37
59 38
59 39
59 44
59 45
59 49
59 61
59 64
59 68
59 70
59 72
59 73
59 74
59 75
59 76
59 79
59 82
59 83
59 84
59 86
59 89
59 90
59 91
59 92
59 95
59 97
59 98
59 99
60 2
60 3
60 4
60 7
60 8
60 10
60 11
60 15
60 16
60 18
60 19
60 24
60 25
60 26
60 27
60 28
60 30
60 32
60 33
60 34
60 35
60 36
60 42
60 43
60 44
60 46
60 49
60 54
60 55
60 57
60 59
60 60
60 61
60 63
60 64
60 65
60 66
60 68
60 70
60 71
60 72
60 73
60 74
60 75
60 76
60 81
60 82
60 83
60 87
60 88
60 89
60 91
60 93
60 96
60 99
60 100
61 1
61 5
61 6
61 9
61 10
61 12
61 13
61 16
61 18
61 19
61 21
61 22
61 24
61 25
61 27
61 28
61 31
61 33
61 34
61 36
61 37
61 38
61 39
61 40
61 41
61 45
61 54
61 60
61 62
61 63
61 64
61 65
61 66
61 69
61 70
61 71
61 73
61 77
61 79
61 80
61 81
61 83
61 84
61 85
61 93
61 95
61 96
61 98
61 99
62 5
62 6
62 7
62 11
62 13
62 15
62 18
62 19
62 20
62 24
62 25
62 27
62 28
62 29
62 32
62 33
62 34
62 36
62 37
62 39
62 40
62 41
62 42
62 45
62 47
62 51
62 52
62 53
62 54
62 55
62 56
62 57
62 58
62 59
62 60
62 62
62 63
62 64
62 65
62 66
62 76
62 78
62 80
62 82
62 84
62 88
62 91
62 96
62 97
62 98
62 99
63 2
63 6
63 8
63 9
63 10
63 11
63 12
63 19
63 22
63 25
63 29
63 32
63 33
63 34
63 36
63 37
63 40
63 42
63 44
63 50
63 53
63 55
63 56
63 57
63 58
63 59
63 63
63 64
63 66
63 68
63 73
63 75
63 76
63 82
63 83
63 87
63 88
63 89
63 90
63 91
63 94
63 95
63 97
63 98
63 99
64 4
64 5
64 7
64 8
64 11
64 12
64 13
64 14
64 16
64 17
64 18
64 20
64 21
64 25
64 26
64 28
64 31
64 32
64 33
64 34
64 38
64 41
64 42
64 44
64 47
64 49
64 50
64 52
64 54
64 55
64 57
64 59
64 61
64 62
64 64
64 65
64 66
64 69
64 70
64 72
64 74
64 75
64 76
64 77
64 82
64 83
64 84
64 86
64 90
64 93
64 94
64 97
64 98
64 100
65 3
65 5
65 6
65 7
65 8
65 9
65 11
65 18
65 20
65 21
65 23
65 25
65 28
65 29
65 30
65 31
65 32
65 33
65 36
65 39
65 40
65 41
65 42
65 44
65 46
65 48
65 49
65 50
65 51
65 54
65 55
65 56
65 58
65 59
65 62
65 64
65 69
65 71
65 74
65 77
65 79
65 80
65 89
65 91
65 92
65 93
65 94
65 98
65 99
66 1
66 3
66 4
66 5
66 6
66 7
66 8
66 9
66 10
66 13
66 15
66 17
66 19
66 22
66 27
66 29
66 31
66 34
66 36
66 38
66 41
66 43
66 45
66 46
66 47
66 48
66 49
66 51
66 52
66 55
66 60
66 61
66 62
66 63
66 66
66 67
66 68
66 69
66 70
66 71
66 74
66 76
66 77
66 79
66 80
66 85
66 94
67 2
67 3
67 5
67 6
67 8
67 9
67 12
67 13
67 16
67 17
67 21
67 25
67 26
67 28
67 29
67 30
67 31
67 33
67 37
67 38
67 40
67 44
67 46
67 48
67 49
67 50
67 52
67 53
67 54
67 55
67 56
67 59
67 60
67 62
67 65
67 67
67 68
67 71
67 75
67 76
67 78
67 80
67 82
67 84
67 85
67 87
67 90
67 92
67 93
67 94
67 95
67 99
67 100
68 1
68 2
68 3
68 5
68 6
68 9
68 12
68 14
68 16
68 17
68 21
68 25
68 28
68 29
68 30
68 35
68 37
68 39
68 40
68 43
68 44
68 45
68 50
68 52
68 54
68 55
68 56
68 57
68 58
68 59
68 63
68 64
68 68
68 69
68 70
68 71
68 72
68 73
68 74
68 75
68 80
68 81
68 83
68 86
68 91
68 93
68 94
68 99
68 100
69 1
69 3
69 6
69 8
69 11
69 13
69 16
69 18
69 19
69 20
69 21
69 23
69 24
69 26
69 27
69 28
69 32
69 33
69 34
69 40
69 41
69 45
69 46
69 47
69 48
69 51
69 53
69 58
69 61
69 63
69 65
69 66
69 67
69 70
69 71
69 74
69 75
69 77
69 78
69 79
69 81
69 82
69 83
69 84
69 86
69 88
69 89
69 91
69 92
69 95
70 1
70 5
70 7
70 8
70 9
70 10
70 11
70 12
70 13
70 15
70 20
70 24
70 25
70 27
70 29
70 31
70 32
70 33
70 34
70 35
70 37
70 38
70 40
70 45
70 46
70 47
70 49
70 50
70 51
70 52
70 53
70 54
70 56
70 60
70 61
70 62
70 63
70 65
70 66
70 71
70 72
70 73
70 74
70 76
70 77
70 80
70 81
70 82
70 84
70 85
70 86
70 87
70 89
70 90
70 92
70 94
70 95
70 96
70 99
70 100
71 7
71 8
71 9
71 11
71 17
71 22
71 26
71 28
71 35
71 37
71 41
71 43
71 44
71 45
71 47
71 50
71 52
71 53
71 55
71 56
71 57
71 59
71 62
71 63
71 64
71 65
71 66
71 67
71 68
71 69
71 70
71 72
71 73
71 74
71 76
71 78
71 79
71 80
71 81
71 85
71 86
71 87
71 89
71 91
71 92
71 94
71 97
71 98
72 3
72 7
72 8
72 9
72 10
72 12
72 14
72 15
72 16
72 18
72 19
72 21
72 23
72 39
72 40
72 42
72 48
72 49
72 50
72 51
72 53
72 54
72 56
72 59
72 61
72 62
72 63
72 64
72 70
72 72
72 73
72 74
72 77
72 78
72 79
72 80
72 83
72 85
72 88
72 89
72 90
72 93
72 96
72 97
72 100
73 1
73 2
73 3
73 7
73 8
73 9
73 11
73 12
73 15
73 20
73 25
73 27
73 28
73 32
73 33
73 35
73 36
73 38
73 39
73 40
73 43
73 44
73 45
73 46
73 47
73 48
73 50
73 51
73 54
73 55
73 56
73 57
73 59
73 62
73 66
73 67
73 68
73 70
73 74
73 79
73 82
73 83
73 84
73 88
73 89
73 91
73 92
73 94
73 99
74 5
74 6
74 7
74 11
74 12
74 14
74 15
74 16
74 18
74 22
74 25
74 28
74 30
74 31
74 35
74 36
74 37
74 38
74 39
74 42
74 44
74 45
74 46
74 49
74 53
74 54
74 55
74 59
74 61
74 63
74 64
74 67
74 72
74 73
74 75
74 77
74 78
74 79
74 83
74 84
74 85
74 86
74 87
74 91
74 92
74 93
74 94
74 97
74 98
74 99
74 100
75 3
75 5
75 6
75 7
75 9
75 10
75 11
75 13
75 15
75 16
75 17
75 18
75 19
75 20
75 25
75 29
75 30
75 31
75 32
75 33
75 34
75 38
75 40
75 42
75 44
75 45
75 48
75 49
75 51
75 53
75 54
75 55
75 59
75 66
75 67
75 68
75 71
75 73
75 74
75 75
75 76
75 77
75 78
75 79
75 82
75 83
75 84
75 85
75 86
75 87
75 91
75 92
75 93
75 95
75 96
75 97
75 98
76 2
76 3
76 7
76 8
76 9
76 10
76 14
76 15
76 16
76 21
76 22
76 24
76 25
76 26
76 27
76 29
76 31
76 33
76 34
76 37
76 39
76 40
76 41
76 42
76 45
76 49
76 50
76 51
76 54
76 55
76 56
76 57
76 58
76 59
76 60
76 62
76 64
76 66
76 69
76 70
76 71
76 73
76 74
76 75
76 76
76 78
76 83
76 84
76 85
76 88
76 90
76 93
76 97
77 1
77 3
77 7
77 8
77 11
77 13
77 14
77 15
77 18
77 19
77 21
77 23
77 25
77 28
77 29
77 33
77 35
77 37
77 40
77 42
77 43
77 45
77 48
77 51
77 52
77 54
77 56
77 57
77 58
77 60
77 61
77 62
77 64
77 65
77 66
77 67
77 69
77 71
77 72
77 73
77 78
77 79
77 81
77 82
77 84
77 85
77 86
77 88
77 89
77 90
77 94
77 95
77 97
77 99
77 100
78 1
78 2
78 3
78 4
78 6
78 7
78 9
78 10
78 11
78 12
78 14
78 17
78 20
78 21
78 22
78 23
78 24
78 25
78 26
78 27
78 31
78 32
78 34
78 37
78 39
78 40
78 43
78 44
78 47
78 48
78 49
78 51
78 52
78 55
78 58
78 59
78 60
78 61
78 62
78 63
78 65
78 67
78 71
78 72
78 75
78 78
78 80
78 81
78 82
78 85
78 88
78 89
78 94
78 96
78 97
78 99
79 3
79 5
79 7
79 8
79 9
79 10
79 23
79 27
79 30
79 32
79 33
79 34
79 37
79 38
79 40
79 41
79 43
79 45
79 46
79 48
79 51
79 52
79 53
79 54
79 55
79 59
79 61
79 63
79 68
79 70
79 71
79 72
79 75
79 78
79 81
79 83
79 87
79 88
79 89
79 90
79 92
79 94
79 95
79 96
79 97
79 98
79 99
80 2
80 4
80 6
80 9
80 10
80 17
80 20
80 21
80 22
80 24
80 27
80 28
80 30
80 32
80 35
80 36
80 38
80 43
80 44
80 45
80 48
80 49
80 50
80 57
80 59
80 61
80 63
80 67
80 68
80 69
80 70
80 71
80 72
80 74
80 75
80 76
80 77
80 79
80 81
80 82
80 83
80 85
80 86
80 90
80 94
80 97
80 98
