112 140 8072 18
1 1
1 5
1 7
1 8
1 12
1 15
1 17
1 19
1 20
1 23
1 24
1 25
1 27
1 28
1 29
1 30
1 32
1 34
1 35
1 39
1 41
1 43
1 45
1 46
1 47
1 49
1 62
1 64
1 65
1 66
1 67
1 68
1 71
1 72
1 73
1 74
1 78
1 79
1 80
1 81
1 82
1 83
1 85
1 86
1 87
1 91
1 92
1 93
1 95
1 98
1 102
1 103
1 104
1 105
1 106
1 109
1 112
1 114
1 115
1 117
1 118
1 122
1 124
1 125
1 126
1 128
1 131
1 133
1 134
1 135
1 136
1 139
1 140
2 2
2 3
2 5
2 6
2 7
2 8
2 9
2 13
2 15
2 17
2 19
2 20
2 21
2 25
2 27
2 28
2 29
2 31
2 34
2 36
2 37
2 38
2 43
2 44
2 47
2 48
2 49
2 50
2 55
2 60
2 61
2 63
2 64
2 67
2 68
2 70
2 72
2 73
2 74
2 75
2 76
2 78
2 79
2 80
2 81
2 83
2 84
2 86
2 88
2 91
2 93
2 100
2 101
2 102
2 105
2 106
2 107
2 113
2 114
2 117
2 118
2 119
2 122
2 123
2 124
2 125
2 127
2 129
2 130
2 131
2 138
2 140
3 1
3 3
3 6
3 10
3 11
3 12
3 15
3 16
3 17
3 18
3 21
3 28
3 31
3 33
3 40
3 42
3 46
3 49
3 51
3 52
3 54
3 55
3 56
3 57
3 58
3 62
3 64
3 66
3 68
3 70
3 75
3 76
3 88
3 90
3 92
3 93
3 94
3 96
3 98
3 99
3 102
3 103
3 104
3 105
3 109
3 112
3 114
3 117
3 119
3 122
3 123
3 124
3 126
3 128
3 129
3 131
3 132
3 134
4 1
4 4
4 7
4 8
4 10
4 11
4 16
4 20
4 22
4 25
4 29
4 30
4 32
4 36
4 37
4 39
4 44
4 45
4 47
4 48
4 50
4 51
4 53
4 54
4 56
4 62
4 64
4 65
4 68
4 70
4 74
4 79
4 81
4 82
4 87
4 88
4 92
4 93
4 94
4 95
4 96
4 97
4 99
4 101
4 102
4 104
4 105
4 106
4 107
4 109
4 111
4 113
4 116
4 117
4 119
4 120
4 121
4 124
4 125
4 128
4 130
4 131
4 134
4 135
4 136
4 139
5 2
5 4
5 5
5 6
5 7
5 8
5 10
5 13
5 16
5 17
5 18
5 19
5 21
5 22
5 24
5 25
5 34
5 36
5 40
5 42
5 46
5 52
5 53
5 55
5 57
5 59
5 61
5 64
5 66
5 67
5 68
5 70
5 71
5 73
5 74
5 75
5 77
5 79
5 82
5 83
5 84
5 85
5 88
5 90
5 91
5 95
5 96
5 100
5 101
5 103
5 105
5 106
5 109
5 110
5 112
5 114
5 116
5 121
5 123
5 125
5 126
5 129
5 135
5 136
5 140
6 5
6 6
6 8
6 10
6 11
6 14
6 15
6 17
6 19
6 22
6 23
6 24
6 26
6 28
6 29
6 30
6 31
6 33
6 35
6 39
6 42
6 45
6 46
6 48
6 51
6 52
6 53
6 55
6 56
6 58
6 60
6 61
6 62
6 63
6 65
6 66
6 68
6 70
6 72
6 73
6 74
6 81
6 83
6 85
6 87
6 89
6 90
6 91
6 92
6 95
6 98
6 99
6 100
6 101
6 103
6 111
6 112
6 113
6 117
6 118
6 119
6 120
6 121
6 124
6 125
6 127
6 128
6 130
6 131
6 132
6 133
6 134
6 135
6 137
6 138
6 139
6 140
7 1
7 6
7 7
7 13
7 14
7 15
7 16
7 17
7 19
7 21
7 23
7 24
7 25
7 26
7 27
7 32
7 34
7 35
7 36
7 37
7 41
7 42
7 43
7 44
7 46
7 47
7 50
7 51
7 53
7 55
7 56
7 58
7 59
7 60
7 62
7 63
7 64
7 66
7 69
7 75
7 76
7 78
7 80
7 82
7 83
7 85
7 88
7 90
7 92
7 93
7 95
7 97
7 98
7 100
7 102
7 106
7 109
7 114
7 115
7 116
7 117
7 118
7 120
7 121
7 123
7 124
7 127
7 128
7 129
7 131
7 134
7 135
7 138
7 139
7 140
8 1
8 3
8 4
8 5
8 6
8 7
8 8
8 9
8 12
8 13
8 15
8 17
8 18
8 19
8 21
8 22
8 24
8 27
8 28
8 32
8 33
8 35
8 40
8 41
8 42
8 43
8 46
8 49
8 50
8 51
8 52
8 53
8 54
8 55
8 60
8 63
8 66
8 67
8 71
8 72
8 74
8 75
8 77
8 78
8 79
8 87
8 88
8 91
8 93
8 94
8 97
8 98
8 99
8 100
8 101
8 102
8 104
8 107
8 111
8 112
8 113
8 114
8 116
8 117
8 118
8 119
8 120
8 121
8 124
8 125
8 130
8 132
8 133
8 135
8 136
8 139
8 140
9 1
9 4
9 5
9 6
9 11
9 12
9 14
9 15
9 18
9 20
9 23
9 24
9 28
9 31
9 32
9 35
9 38
9 39
9 40
9 41
9 42
9 43
9 44
9 47
9 51
9 52
9 53
9 55
9 57
9 59
9 63
9 64
9 65
9 66
9 67
9 68
9 74
9 75
9 76
9 79
9 81
9 82
9 83
9 87
9 89
9 92
9 94
9 98
9 99
9 101
9 103
9 104
9 105
9 106
9 107
9 111
9 113
9 114
9 115
9 118
9 120
9 129
9 130
9 131
9 132
9 133
9 134
9 138
10 1
10 2
10 6
10 7
10 9
10 10
10 11
10 13
10 15
10 22
10 23
10 28
10 30
10 32
10 35
10 38
10 40
10 42
10 46
10 49
10 54
10 55
10 60
10 62
10 65
10 68
10 69
10 71
10 73
10 76
10 77
10 80
10 81
10 82
10 83
10 84
10 89
10 92
10 93
10 95
10 97
10 99
10 102
10 106
10 108
10 109
10 111
10 116
10 118
10 120
10 121
10 122
10 123
10 124
10 125
10 126
10 127
10 128
10 129
10 131
10 133
10 135
10 136
10 138
10 139
11 1
11 3
11 5
11 6
11 11
11 14
11 16
11 17
11 19
11 20
11 21
11 24
11 27
11 28
11 29
11 30
11 37
11 38
11 40
11 41
11 44
11 46
11 49
11 50
11 51
11 52
11 53
11 54
11 55
11 56
11 63
11 64
11 65
11 66
11 67
11 70
11 71
11 72
11 73
11 75
11 76
11 82
11 85
11 86
11 87
11 90
11 92
11 95
11 96
11 98
11 99
11 101
11 103
11 106
11 109
11 110
11 111
11 112
11 114
11 118
11 119
11 125
11 126
11 127
11 128
11 133
11 134
11 135
11 138
12 4
12 6
12 9
12 13
12 16
12 18
12 19
12 20
12 21
12 22
12 23
12 27
12 29
12 34
12 35
12 36
12 37
12 39
12 40
12 43
12 44
12 45
12 47
12 48
12 49
12 50
12 52
12 53
12 54
12 56
12 57
12 58
12 60
12 61
12 62
12 65
12 66
12 67
12 68
12 70
12 71
12 72
12 74
12 75
12 76
12 78
12 79
12 82
12 84
12 85
12 88
12 89
12 91
12 94
12 96
12 98
12 99
12 103
12 104
12 105
12 106
12 108
12 109
12 110
12 112
12 114
12 117
12 120
12 123
12 126
12 127
12 130
12 132
12 133
12 134
12 135
12 136
12 137
12 140
13 5
13 6
13 7
13 12
13 14
13 15
13 16
13 18
13 19
13 24
13 26
13 27
13 28
13 29
13 31
13 32
13 37
13 38
13 41
13 42
13 43
13 44
13 49
13 50
13 53
13 54
13 55
13 65
13 66
13 68
13 69
13 70
13 71
13 73
13 75
13 78
13 81
13 82
13 83
13 84
13 85
13 87
13 92
13 93
13 96
13 97
13 98
13 100
13 102
13 103
13 106
13 108
13 110
13 111
13 112
13 116
13 119
13 121
13 123
13 126
13 127
13 129
13 130
13 131
13 132
13 133
13 134
13 136
13 137
13 140
14 2
14 3
14 5
14 8
14 9
14 10
14 11
14 20
14 23
14 28
14 29
14 30
14 31
14 33
14 37
14 38
14 41
14 42
14 43
14 44
14 45
14 49
14 50
14 51
14 55
14 58
14 60
14 61
14 64
14 66
14 69
14 70
14 73
14 74
14 76
14 77
14 78
14 80
14 81
14 82
14 83
14 85
14 86
14 89
14 92
14 96
14 97
14 98
14 100
14 101
14 102
14 103
14 104
14 105
14 106
14 107
14 109
14 110
14 111
14 112
14 116
14 118
14 119
14 121
14 122
14 125
14 126
14 127
14 128
14 130
14 134
14 136
14 140
15 1
15 2
15 4
15 5
15 6
15 7
15 9
15 14
15 15
15 17
15 18
15 19
15 21
15 22
15 24
15 25
15 26
15 28
15 29
15 36
15 38
15 39
15 40
15 41
15 42
15 43
15 46
15 47
15 50
15 52
15 53
15 55
15 56
15 59
15 63
15 64
15 66
15 68
15 71
15 81
15 85
15 86
15 88
15 90
15 92
15 95
15 96
15 100
15 103
15 104
15 105
15 106
15 107
15 108
15 110
15 111
15 112
15 114
15 119
15 120
15 122
15 123
15 125
15 128
15 129
15 132
15 136
15 139
15 140
16 1
16 2
16 4
16 7
16 10
16 12
16 14
16 16
16 20
16 21
16 22
16 23
16 26
16 28
16 31
16 40
16 41
16 46
16 47
16 49
16 50
16 51
16 55
16 57
16 58
16 59
16 61
16 64
16 65
16 66
16 67
16 68
16 71
16 72
16 73
16 76
16 78
16 79
16 82
16 84
16 86
16 87
16 91
16 92
16 93
16 94
16 97
16 99
16 102
16 104
16 105
16 107
16 108
16 109
16 110
16 111
16 112
16 114
16 115
16 117
16 119
16 120
16 122
16 123
16 125
16 128
16 132
16 133
16 138
17 1
17 8
17 9
17 11
17 17
17 20
17 25
17 26
17 27
17 28
17 29
17 31
17 32
17 33
17 36
17 37
17 40
17 42
17 43
17 47
17 49
17 50
17 51
17 52
17 53
17 54
17 55
17 56
17 57
17 58
17 61
17 63
17 66
17 67
17 68
17 69
17 73
17 75
17 77
17 78
17 80
17 82
17 83
17 85
17 87
17 91
17 92
17 93
17 96
17 97
17 99
17 100
17 102
17 110
17 112
17 113
17 114
17 116
17 117
17 120
17 121
17 122
17 124
17 125
17 126
17 127
17 135
17 136
17 138
17 140
18 2
18 3
18 6
18 7
18 10
18 12
18 15
18 16
18 17
18 18
18 19
18 20
18 21
18 24
18 26
18 28
18 30
18 32
18 33
18 34
18 38
18 39
18 40
18 41
18 43
18 45
18 46
18 49
18 52
18 57
18 59
18 60
18 61
18 62
18 64
18 65
18 67
18 68
18 69
18 70
18 73
18 75
18 76
18 78
18 79
18 80
18 81
18 82
18 83
18 86
18 89
18 90
18 91
18 93
18 94
18 98
18 99
18 102
18 103
18 105
18 106
18 108
18 110
18 115
18 119
18 121
18 122
18 123
18 124
18 126
18 128
18 130
18 136
18 139
18 140
19 1
19 2
19 4
19 8
19 13
19 14
19 19
19 20
19 21
19 23
19 26
19 28
19 32
19 34
19 35
19 37
19 38
19 40
19 41
19 42
19 43
19 44
19 46
19 49
19 50
19 56
19 57
19 59
19 62
19 65
19 66
19 67
19 68
19 71
19 72
19 79
19 88
19 89
19 90
19 91
19 92
19 94
19 99
19 100
19 101
19 103
19 106
19 107
19 109
19 110
19 112
19 114
19 115
19 118
19 119
19 120
19 121
19 124
19 125
19 126
19 127
19 128
19 129
19 130
19 132
19 133
19 136
19 137
19 138
20 1
20 4
20 5
20 8
20 12
20 13
20 15
20 20
20 23
20 26
20 27
20 28
20 30
20 33
20 34
20 36
20 40
20 43
20 44
20 45
20 46
20 47
20 48
20 49
20 53
20 55
20 56
20 57
20 58
20 60
20 65
20 67
20 71
20 73
20 74
20 75
20 76
20 82
20 83
20 84
20 86
20 88
20 89
20 95
20 98
20 99
20 100
20 104
20 105
20 106
20 107
20 110
20 111
20 114
20 115
20 116
20 117
20 122
20 123
20 124
20 126
20 127
20 130
20 133
20 134
20 136
20 139
21 1
21 2
21 6
21 10
21 12
21 13
21 16
21 21
21 22
21 23
21 28
21 32
21 33
21 34
21 35
21 41
21 43
21 44
21 46
21 49
21 50
21 56
21 57
21 58
21 61
21 62
21 63
21 74
21 75
21 78
21 81
21 83
21 85
21 92
21 93
21 94
21 97
21 98
21 100
21 102
21 104
21 113
21 114
21 115
21 116
21 117
21 122
21 125
21 132
21 133
21 136
21 138
22 3
22 6
22 8
22 11
22 12
22 13
22 16
22 20
22 24
22 26
22 27
22 28
22 29
22 31
22 36
22 38
22 41
22 42
22 44
22 47
22 50
22 52
22 53
22 54
22 55
22 56
22 57
22 59
22 60
22 61
22 63
22 66
22 68
22 69
22 70
22 74
22 75
22 76
22 77
22 78
22 81
22 84
22 86
22 88
22 90
22 92
22 94
22 95
22 97
22 100
22 101
22 102
22 103
22 105
22 106
22 107
22 110
22 111
22 112
22 113
22 114
22 115
22 118
22 121
22 123
22 124
22 125
22 126
22 127
22 128
22 130
22 131
22 132
22 135
23 1
23 2
23 4
23 5
23 6
23 7
23 8
23 9
23 10
23 14
23 15
23 18
23 19
23 20
23 22
23 23
23 25
23 26
23 27
23 28
23 30
23 31
23 32
23 33
23 35
23 37
23 41
23 42
23 44
23 45
23 49
23 50
23 51
23 52
23 54
23 55
23 59
23 62
23 63
23 64
23 66
23 67
23 68
23 72
23 73
23 76
23 77
23 78
23 79
23 83
23 84
23 85
23 86
23 88
23 89
23 91
23 92
23 93
23 94
23 97
23 99
23 102
23 103
23 107
23 108
23 110
23 111
23 113
23 114
23 115
23 116
23 120
23 122
23 123
23 125
23 126
23 127
23 128
23 133
23 135
23 136
23 137
23 138
23 139
24 1
24 3
24 4
24 5
24 7
24 8
24 9
24 10
24 11
24 14
24 15
24 16
24 17
24 20
24 21
24 22
24 24
24 25
24 27
24 28
24 29
24 30
24 31
24 32
24 34
24 37
24 42
24 43
24 44
24 45
24 46
24 48
24 50
24 51
24 53
24 55
24 56
24 57
24 58
24 59
24 60
24 61
24 62
24 63
24 65
24 67
24 71
24 72
24 73
24 75
24 76
24 77
24 79
24 81
24 86
24 87
24 91
24 95
24 96
24 97
24 98
24 100
24 103
24 104
24 105
24 106
24 111
24 113
24 114
24 116
24 119
24 120
24 126
24 127
24 128
24 130
24 131
24 132
24 138
24 139
24 140
25 1
25 2
25 3
25 4
25 10
25 13
25 14
25 15
25 16
25 19
25 20
25 22
25 23
25 24
25 26
25 27
25 28
25 32
25 33
25 35
25 36
25 37
25 38
25 39
25 40
25 42
25 45
25 47
25 48
25 52
25 53
25 54
25 55
25 57
25 60
25 64
25 65
25 67
25 69
25 73
25 74
25 80
25 89
25 91
25 93
25 94
25 96
25 99
25 101
25 103
25 104
25 106
25 108
25 109
25 110
25 112
25 116
25 117
25 118
25 119
25 124
25 129
25 130
25 131
25 133
25 134
25 135
25 137
25 138
25 139
25 140
26 2
26 3
26 4
26 5
26 6
26 7
26 9
26 10
26 11
26 12
26 13
26 16
26 17
26 19
26 21
26 22
26 26
26 27
26 30
26 31
26 33
26 38
26 40
26 43
26 44
26 45
26 46
26 47
26 48
26 50
26 53
26 56
26 57
26 59
26 63
26 64
26 65
26 66
26 67
26 68
26 76
26 79
26 80
26 81
26 82
26 85
26 88
26 90
26 94
26 95
26 96
26 98
26 101
26 103
26 107
26 108
26 109
26 112
26 113
26 114
26 115
26 117
26 119
26 123
26 125
26 126
26 129
26 131
26 132
26 134
26 138
26 139
26 140
27 2
27 3
27 5
27 6
27 7
27 8
27 10
27 11
27 12
27 14
27 15
27 16
27 17
27 18
27 20
27 24
27 27
27 29
27 30
27 32
27 34
27 36
27 41
27 44
27 47
27 48
27 49
27 50
27 52
27 54
27 55
27 57
27 61
27 63
27 66
27 67
27 69
27 70
27 71
27 74
27 76
27 78
27 79
27 80
27 81
27 83
27 85
27 87
27 89
27 91
27 94
27 95
27 99
27 101
27 102
27 104
27 105
27 107
27 108
27 110
27 115
27 116
27 118
27 124
27 126
27 127
27 128
27 129
27 131
27 132
27 134
27 135
27 136
27 140
28 1
28 4
28 7
28 8
28 10
28 11
28 12
28 14
28 15
28 16
28 17
28 23
28 24
28 27
28 28
28 29
28 30
28 33
28 34
28 35
28 36
28 39
28 40
28 41
28 42
28 46
28 47
28 48
28 50
28 51
28 52
28 53
28 57
28 58
28 60
28 62
28 65
28 67
28 69
28 72
28 73
28 74
28 75
28 76
28 77
28 83
28 84
28 85
28 86
28 87
28 88
28 91
28 92
28 94
28 95
28 97
28 102
28 103
28 104
28 107
28 108
28 109
28 112
28 114
28 117
28 120
28 121
28 123
28 126
28 127
28 128
28 129
28 131
28 135
28 136
28 137
28 139
28 140
29 1
29 3
29 4
29 17
29 18
29 19
29 20
29 21
29 22
29 23
29 24
29 25
29 29
29 30
29 31
29 32
29 33
29 36
29 39
29 40
29 41
29 43
29 44
29 45
29 46
29 47
29 50
29 51
29 52
29 53
29 56
29 58
29 60
29 63
29 64
29 67
29 68
29 70
29 71
29 72
29 77
29 78
29 79
29 80
29 81
29 82
29 84
29 85
29 86
29 87
29 90
29 91
29 93
29 97
29 98
29 99
29 100
29 101
29 103
29 105
29 106
29 110
29 113
29 115
29 116
29 120
29 121
29 122
29 123
29 124
29 125
29 129
29 135
29 136
29 137
29 138
29 139
30 1
30 2
30 9
30 10
30 12
30 13
30 16
30 18
30 19
30 20
30 21
30 23
30 25
30 26
30 28
30 32
30 35
30 37
30 41
30 42
30 43
30 46
30 47
30 48
30 49
30 50
30 51
30 54
30 57
30 58
30 59
30 60
30 62
30 63
30 64
30 66
30 68
30 69
30 70
30 71
30 73
30 76
30 78
30 84
30 86
30 87
30 92
30 93
30 97
30 101
30 103
30 104
30 106
30 111
30 112
30 114
30 115
30 117
30 120
30 121
30 122
30 123
30 124
30 125
30 127
30 128
30 129
30 130
30 131
30 133
30 135
30 137
30 138
30 140
31 1
31 4
31 5
31 6
31 8
31 9
31 10
31 12
31 15
31 16
31 17
31 20
31 21
31 24
31 25
31 28
31 29
31 30
31 31
31 32
31 34
31 35
31 38
31 40
31 41
31 47
31 49
31 50
31 54
31 57
31 59
31 64
31 65
31 68
31 69
31 71
31 74
31 77
31 78
31 79
31 81
31 84
31 85
31 88
31 90
31 91
31 92
31 93
31 94
31 96
31 97
31 98
31 99
31 100
31 103
31 105
31 106
31 108
31 110
31 111
31 112
31 113
31 114
31 115
31 116
31 118
31 119
31 120
31 121
31 123
31 124
31 125
31 126
31 127
31 128
31 129
31 130
31 131
31 133
31 136
32 1
32 2
32 3
32 8
32 11
32 17
32 21
32 22
32 27
32 28
32 29
32 33
32 34
32 35
32 37
32 38
32 41
32 42
32 43
32 44
32 45
32 46
32 47
32 51
32 52
32 53
32 54
32 55
32 56
32 60
32 61
32 63
32 64
32 67
32 68
32 70
32 71
32 74
32 78
32 79
32 80
32 81
32 83
32 84
32 88
32 90
32 93
32 95
32 98
32 99
32 100
32 104
32 115
32 117
32 119
32 122
32 123
32 124
32 127
32 130
32 132
32 135
32 136
33 6
33 7
33 11
33 12
33 15
33 17
33 19
33 20
33 21
33 22
33 25
33 26
33 27
33 29
33 31
33 33
33 34
33 35
33 40
33 41
33 43
33 48
33 49
33 50
33 52
33 55
33 56
33 57
33 59
33 60
33 61
33 63
33 64
33 70
33 71
33 72
33 75
33 76
33 77
33 82
33 86
33 88
33 89
33 90
33 91
33 92
33 93
33 94
33 97
33 98
33 99
33 102
33 108
33 112
33 114
33 118
33 119
33 123
33 125
33 126
33 128
33 129
33 130
33 132
33 135
33 138
34 3
34 4
34 5
34 6
34 7
34 11
34 12
34 13
34 15
34 17
34 18
34 19
34 20
34 24
34 25
34 26
34 32
34 35
34 37
34 39
34 40
34 41
34 43
34 44
34 47
34 49
34 50
34 51
34 53
34 54
34 55
34 57
34 59
34 60
34 61
34 62
34 66
34 67
34 68
34 69
34 70
34 76
34 79
34 80
34 85
34 88
34 89
34 90
34 91
34 96
34 99
34 100
34 102
34 103
34 104
34 105
34 110
34 112
34 114
34 115
34 116
34 117
34 118
34 120
34 122
34 124
34 126
34 128
34 131
34 132
34 133
34 134
34 135
34 136
34 137
34 139
34 140
35 3
35 5
35 6
35 7
35 8
35 9
35 10
35 12
35 13
35 14
35 16
35 17
35 18
35 22
35 24
35 28
35 29
35 31
35 32
35 33
35 34
35 37
35 39
35 41
35 48
35 49
35 50
35 51
35 52
35 54
35 56
35 57
35 58
35 59
35 60
35 61
35 62
35 64
35 65
35 67
35 70
35 71
35 72
35 73
35 75
35 76
35 77
35 78
35 79
35 81
35 85
35 86
35 87
35 88
35 89
35 90
35 91
35 93
35 98
35 99
35 100
35 103
35 106
35 108
35 110
35 111
35 113
35 115
35 119
35 120
35 121
35 122
35 123
35 124
35 132
35 133
35 135
35 136
35 138
35 139
36 2
36 3
36 7
36 10
36 12
36 15
36 16
36 18
36 19
36 24
36 25
36 27
36 28
36 29
36 31
36 32
36 33
36 35
36 36
36 37
36 38
36 39
36 41
36 42
36 43
36 44
36 46
36 47
36 48
36 49
36 51
36 52
36 53
36 54
36 56
36 57
36 60
36 61
36 62
36 63
36 64
36 69
36 71
36 74
36 76
36 77
36 83
36 84
36 86
36 87
36 89
36 90
36 91
36 93
36 94
36 96
36 99
36 103
36 104
36 105
36 106
36 109
36 117
36 122
36 125
36 126
36 128
36 129
36 132
36 134
36 135
36 136
36 137
36 138
36 139
36 140
37 2
37 5
37 6
37 10
37 11
37 12
37 14
37 15
37 16
37 17
37 20
37 22
37 23
37 25
37 26
37 28
37 29
37 30
37 31
37 35
37 44
37 48
37 49
37 51
37 53
37 55
37 56
37 59
37 60
37 62
37 63
37 64
37 70
37 71
37 73
37 74
37 75
37 78
37 80
37 83
37 84
37 85
37 86
37 87
37 88
37 91
37 95
37 96
37 97
37 99
37 101
37 102
37 104
37 106
37 108
37 110
37 116
37 118
37 120
37 121
37 122
37 124
37 126
37 127
37 128
37 130
37 131
37 132
37 135
37 137
37 138
37 139
38 2
38 3
38 5
38 8
38 9
38 11
38 15
38 22
38 25
38 28
38 30
38 34
38 35
38 37
38 38
38 40
38 42
38 43
38 45
38 47
38 49
38 50
38 55
38 56
38 57
38 59
38 60
38 61
38 63
38 64
38 65
38 66
38 67
38 69
38 72
38 74
38 77
38 79
38 84
38 86
38 87
38 88
38 89
38 91
38 93
38 95
38 97
38 98
38 100
38 103
38 105
38 106
38 109
38 111
38 112
38 113
38 115
38 117
38 122
38 124
38 126
38 127
38 129
38 130
38 131
38 133
38 137
38 139
38 140
39 2
39 3
39 9
39 11
39 12
39 15
39 17
39 18
39 22
39 23
39 24
39 25
39 26
39 27
39 28
39 29
39 31
39 33
39 34
39 36
39 38
39 41
39 49
39 50
39 53
39 54
39 55
39 58
39 59
39 60
39 62
39 63
39 64
39 65
39 67
39 69
39 70
39 73
39 74
39 75
39 76
39 79
39 80
39 81
39 84
39 87
39 88
39 91
39 94
39 96
39 97
39 105
39 116
39 119
39 123
39 125
39 129
39 130
39 133
39 134
39 135
39 137
39 139
40 1
40 3
40 4
40 10
40 11
40 13
40 14
40 16
40 17
40 19
40 20
40 21
40 22
40 23
40 24
40 25
40 26
40 27
40 28
40 29
40 30
40 31
40 32
40 33
40 37
40 38
40 40
40 46
40 47
40 50
40 53
40 55
40 66
40 68
40 72
40 73
40 74
40 75
40 76
40 77
40 78
40 79
40 81
40 82
40 85
40 86
40 88
40 90
40 91
40 95
40 99
40 100
40 106
40 107
40 108
40 109
40 110
40 111
40 112
40 113
40 114
40 117
40 119
40 120
40 121
40 122
40 123
40 124
40 125
40 129
40 131
40 134
40 136
40 137
40 138
40 139
41 6
41 9
41 11
41 12
41 15
41 19
41 22
41 23
41 25
41 26
41 28
41 32
41 33
41 37
41 38
41 42
41 43
41 45
41 46
41 48
41 51
41 52
41 64
41 65
41 68
41 73
41 74
41 75
41 79
41 82
41 84
41 85
41 88
41 90
41 92
41 93
41 94
41 95
41 99
41 100
41 101
41 102
41 103
41 104
41 105
41 107
41 110
41 113
41 115
41 120
41 121
41 122
41 127
41 128
41 130
41 132
41 134
41 135
41 138
41 139
42 2
42 5
42 6
42 7
42 8
42 9
42 10
42 11
42 13
42 14
42 15
42 16
42 18
42 20
42 22
42 29
42 32
42 34
42 35
42 38
42 40
42 41
42 42
42 47
42 48
42 54
42 57
42 59
42 60
42 64
42 65
42 66
42 69
42 72
42 74
42 76
42 77
42 81
42 82
42 83
42 86
42 87
42 88
42 93
42 96
42 97
42 99
42 100
42 101
42 103
42 104
42 108
42 112
42 118
42 122
42 125
42 126
42 127
42 131
42 132
42 133
42 136
42 139
42 140
43 1
43 2
43 4
43 6
43 7
43 8
43 10
43 12
43 13
43 14
43 18
43 20
43 21
43 23
43 24
43 26
43 27
43 29
43 30
43 31
43 32
43 34
43 35
43 36
43 41
43 44
43 46
43 47
43 48
43 52
43 53
43 54
43 55
43 56
43 57
43 60
43 61
43 64
43 65
43 67
43 68
43 69
43 72
43 74
43 75
43 76
43 78
43 80
43 81
43 83
43 84
43 85
43 86
43 89
43 91
43 92
43 93
43 96
43 97
43 98
43 99
43 101
43 102
43 103
43 104
43 107
43 110
43 113
43 114
43 115
43 117
43 118
43 121
43 122
43 127
43 131
43 132
43 134
43 135
43 136
43 140
44 2
44 3
44 6
44 7
44 8
44 11
44 15
44 16
44 17
44 18
44 19
44 21
44 24
44 30
44 31
44 33
44 34
44 37
44 38
44 42
44 43
44 45
44 46
44 49
44 50
44 55
44 56
44 57
44 59
44 62
44 63
44 64
44 65
44 66
44 67
44 69
44 71
44 79
44 80
44 83
44 84
44 85
44 86
44 87
44 88
44 90
44 93
44 94
44 95
44 96
44 97
44 98
44 99
44 102
44 104
44 106
44 107
44 112
44 114
44 117
44 122
44 123
44 124
44 125
44 126
44 127
44 129
44 131
44 133
44 134
44 135
44 137
44 138
44 140
45 1
45 3
45 5
45 7
45 8
45 9
45 10
45 12
45 13
45 14
45 15
45 17
45 20
45 21
45 23
45 25
45 26
45 28
45 30
45 33
45 34
45 35
45 37
45 39
45 42
45 43
45 44
45 47
45 50
45 51
45 52
45 53
45 55
45 56
45 57
45 58
45 62
45 65
45 68
45 70
45 71
45 73
45 75
45 76
45 78
45 79
45 80
45 83
45 85
45 86
45 88
45 89
45 90
45 93
45 94
45 95
45 97
45 103
45 104
45 111
45 112
45 113
45 114
45 117
45 120
45 121
45 122
45 123
45 125
45 126
45 130
45 131
45 132
45 133
45 135
45 136
45 138
45 139
45 140
46 1
46 2
46 5
46 6
46 8
46 9
46 11
46 12
46 13
46 14
46 21
46 23
46 24
46 25
46 27
46 30
46 33
46 38
46 43
46 44
46 45
46 47
46 48
46 50
46 51
46 52
46 57
46 58
46 59
46 60
46 61
46 65
46 68
46 69
46 72
46 73
46 74
46 76
46 77
46 78
46 79
46 80
46 82
46 83
46 84
46 85
46 87
46 89
46 94
46 96
46 97
46 99
46 101
46 105
46 108
46 109
46 110
46 111
46 113
46 114
46 116
46 117
46 119
46 121
46 123
46 125
46 127
46 128
46 132
46 133
46 135
46 136
46 139
46 140
47 3
47 4
47 5
47 6
47 8
47 9
47 10
47 12
47 13
47 14
47 16
47 17
47 22
47 24
47 25
47 26
47 28
47 31
47 32
47 35
47 37
47 40
47 41
47 42
47 43
47 44
47 47
47 48
47 50
47 52
47 53
47 57
47 60
47 63
47 64
47 65
47 67
47 72
47 73
47 74
47 75
47 76
47 77
47 79
47 80
47 83
47 86
47 88
47 89
47 91
47 93
47 95
47 96
47 97
47 99
47 100
47 101
47 102
47 103
47 104
47 112
47 114
47 115
47 116
47 118
47 119
47 121
47 123
47 124
47 125
47 126
47 130
47 132
47 135
47 138
47 140
48 1
48 2
48 5
48 7
48 12
48 13
48 14
48 16
48 17
48 20
48 21
48 22
48 23
48 25
48 26
48 27
48 28
48 29
48 32
48 39
48 40
48 41
48 43
48 44
48 46
48 48
48 49
48 50
48 51
48 53
48 54
48 56
48 58
48 59
48 62
48 65
48 66
48 69
48 71
48 72
48 75
48 76
48 78
48 79
48 81
48 83
48 85
48 86
48 87
48 90
48 93
48 94
48 96
48 98
48 100
48 101
48 104
48 108
48 109
48 111
48 117
48 123
48 128
48 130
48 132
48 133
48 134
48 135
48 136
49 2
49 4
49 5
49 9
49 11
49 14
49 15
49 16
49 18
49 19
49 20
49 23
49 25
49 34
49 41
49 44
49 48
49 50
49 51
49 53
49 55
49 58
49 60
49 61
49 62
49 64
49 65
49 67
49 68
49 69
49 73
49 77
49 78
49 79
49 80
49 82
49 84
49 85
49 86
49 87
49 89
49 90
49 92
49 93
49 95
49 96
49 98
49 100
49 101
49 102
49 104
49 105
49 106
49 108
49 109
49 112
49 113
49 115
49 116
49 119
49 121
49 123
49 127
49 130
49 134
49 136
49 138
50 1
50 5
50 9
50 10
50 11
50 12
50 14
50 15
50 16
50 17
50 18
50 20
50 21
50 24
50 25
50 27
50 29
50 31
50 32
50 33
50 34
50 36
50 37
50 40
50 41
50 42
50 43
50 45
50 46
50 47
50 48
50 53
50 55
50 59
50 60
50 63
50 64
50 67
50 70
50 71
50 72
50 74
50 80
50 84
50 85
50 87
50 88
50 89
50 90
50 92
50 94
50 97
50 98
50 99
50 100
50 101
50 103
50 104
50 108
50 113
50 118
50 119
50 123
50 126
50 127
50 131
50 133
50 136
50 138
50 140
51 1
51 3
51 4
51 6
51 8
51 9
51 10
51 12
51 13
51 14
51 16
51 17
51 18
51 22
51 26
51 29
51 32
51 35
51 37
51 39
51 40
51 41
51 42
51 45
51 46
51 47
51 52
51 53
51 57
51 63
51 67
51 69
51 71
51 75
51 76
51 77
51 82
51 83
51 91
51 93
51 94
51 97
51 99
51 100
51 102
51 104
51 105
51 108
51 110
51 114
51 115
51 117
51 122
51 124
51 126
51 130
51 135
51 137
51 138
51 140
52 2
52 3
52 7
52 9
52 14
52 16
52 17
52 18
52 19
52 20
52 21
52 24
52 25
52 27
52 28
52 29
52 30
52 32
52 33
52 34
52 35
52 36
52 39
52 43
52 44
52 46
52 47
52 49
52 52
52 54
52 55
52 56
52 59
52 61
52 62
52 65
52 71
52 75
52 78
52 80
52 81
52 83
52 84
52 89
52 91
52 94
52 95
52 98
52 102
52 104
52 106
52 109
52 111
52 112
52 114
52 115
52 116
52 117
52 118
52 119
52 120
52 121
52 122
52 123
52 124
52 125
52 126
52 128
52 129
52 130
52 132
52 133
52 138
52 139
52 140
53 1
53 2
53 7
53 9
53 11
53 13
53 14
53 15
53 17
53 18
53 19
53 20
53 22
53 23
53 25
53 30
53 32
53 33
53 36
53 39
53 41
53 43
53 47
53 49
53 51
53 52
53 55
53 57
53 59
53 60
53 62
53 63
53 64
53 66
53 67
53 69
53 72
53 73
53 74
53 75
53 76
53 77
53 78
53 79
53 80
53 83
53 84
53 85
53 86
53 89
53 91
53 92
53 94
53 96
53 98
53 99
53 100
53 101
53 102
53 105
53 106
53 109
53 110
53 114
53 116
53 118
53 119
53 120
53 121
53 127
53 128
53 129
53 135
53 136
53 138
53 140
54 1
54 2
54 4
54 5
54 7
54 9
54 12
54 13
54 15
54 17
54 19
54 20
54 21
54 23
54 25
54 26
54 28
54 31
54 32
54 33
54 34
54 35
54 36
54 37
54 38
54 41
54 44
54 47
54 50
54 51
54 53
54 54
54 55
54 56
54 57
54 59
54 60
54 61
54 63
54 65
54 66
54 67
54 69
54 71
54 74
54 75
54 78
54 79
54 80
54 84
54 86
54 89
54 92
54 95
54 98
54 99
54 100
54 102
54 109
54 110
54 111
54 112
54 113
54 114
54 115
54 117
54 119
54 121
54 122
54 125
54 126
54 127
54 128
54 133
54 135
54 139
54 140
55 2
55 6
55 12
55 14
55 15
55 17
55 20
55 21
55 22
55 23
55 25
55 27
55 28
55 29
55 32
55 37
55 38
55 39
55 40
55 42
55 43
55 45
55 46
55 47
55 50
55 52
55 54
55 55
55 56
55 57
55 58
55 59
55 60
55 67
55 68
55 70
55 71
55 72
55 73
55 76
55 81
55 82
55 83
55 88
55 91
55 92
55 95
55 99
55 100
55 101
55 102
55 103
55 108
55 111
55 112
55 113
55 115
55 120
55 121
55 122
55 125
55 126
55 127
55 128
55 130
55 132
55 133
55 134
55 135
55 136
55 138
55 139
56 1
56 3
56 4
56 8
56 9
56 11
56 12
56 13
56 14
56 16
56 17
56 18
56 20
56 22
56 23
56 26
56 28
56 29
56 30
56 32
56 36
56 37
56 38
56 41
56 44
56 46
56 49
56 54
56 55
56 56
56 59
56 60
56 61
56 62
56 65
56 67
56 69
56 70
56 73
56 77
56 79
56 80
56 81
56 82
56 83
56 84
56 86
56 89
56 90
56 91
56 94
56 95
56 96
56 100
56 101
56 107
56 110
56 112
56 113
56 115
56 116
56 117
56 119
56 120
56 121
56 122
56 124
56 125
56 127
56 128
56 130
56 133
56 135
56 136
57 7
57 9
57 14
57 16
57 17
57 19
57 20
57 21
57 24
57 26
57 27
57 29
57 31
57 32
57 33
57 35
57 36
57 41
57 44
57 47
57 48
57 50
57 53
57 55
57 56
57 58
57 59
57 61
57 62
57 66
57 67
57 68
57 69
57 72
57 73
57 74
57 75
57 76
57 77
57 78
57 80
57 81
57 82
57 83
57 84
57 85
57 88
57 91
57 92
57 93
57 94
57 95
57 96
57 97
57 101
57 103
57 105
57 110
57 117
57 118
57 120
57 121
57 128
57 129
57 130
57 131
57 132
57 134
57 135
57 139
58 1
58 2
58 4
58 5
58 9
58 10
58 12
58 13
58 15
58 17
58 18
58 19
58 22
58 23
58 26
58 28
58 29
58 30
58 31
58 32
58 35
58 36
58 38
58 40
58 43
58 50
58 56
58 57
58 58
58 59
58 63
58 65
58 66
58 68
58 69
58 71
58 72
58 73
58 74
58 75
58 77
58 78
58 79
58 80
58 84
58 87
58 89
58 91
58 93
58 95
58 97
58 98
58 99
58 100
58 101
58 103
58 105
58 106
58 107
58 108
58 110
58 112
58 115
58 116
58 119
58 120
58 122
58 123
58 125
58 127
58 129
58 130
58 134
58 137
58 138
59 1
59 3
59 4
59 5
59 7
59 10
59 12
59 13
59 14
59 15
59 17
59 18
59 20
59 22
59 23
59 24
59 25
59 26
59 27
59 31
59 33
59 34
59 35
59 37
59 39
59 40
59 42
59 47
59 49
59 52
59 53
59 54
59 55
59 56
59 58
59 60
59 62
59 65
59 67
59 68
59 70
59 71
59 74
59 75
59 77
59 78
59 79
59 83
59 84
59 87
59 88
59 90
59 91
59 93
59 94
59 95
59 96
59 98
59 99
59 100
59 102
59 103
59 104
59 108
59 110
59 111
59 114
59 115
59 116
59 117
59 119
59 125
59 127
59 128
59 130
59 133
59 135
59 138
59 139
59 140
60 4
60 5
60 8
60 10
60 11
60 16
60 18
60 19
60 20
60 22
60 23
60 29
60 30
60 31
60 32
60 37
60 39
60 40
60 43
60 44
60 45
60 47
60 50
60 51
60 55
60 57
60 59
60 60
60 62
60 63
60 67
60 69
60 72
60 73
60 75
60 76
60 78
60 79
60 81
60 87
60 90
60 91
60 92
60 93
60 94
60 95
60 98
60 99
60 100
60 101
60 102
60 103
60 104
60 105
60 108
60 109
60 110
60 112
60 113
60 116
60 117
60 119
60 124
60 125
60 128
60 129
60 134
60 136
60 137
60 139
60 140
61 1
61 3
61 4
61 6
61 7
61 8
61 11
61 12
61 16
61 17
61 20
61 23
61 25
61 26
61 29
61 30
61 38
61 39
61 40
61 41
61 44
61 46
61 54
61 56
61 57
61 58
61 59
61 60
61 62
61 63
61 65
61 68
61 69
61 70
61 71
61 72
61 73
61 74
61 76
61 79
61 81
61 82
61 83
61 84
61 88
61 89
61 90
61 91
61 94
61 96
61 97
61 100
61 101
61 102
61 105
61 106
61 107
61 115
61 116
61 117
61 118
61 125
61 126
61 129
61 130
61 131
61 133
61 140
62 1
62 2
62 3
62 6
62 12
62 16
62 17
62 18
62 22
62 23
62 25
62 26
62 28
62 29
62 31
62 38
62 41
62 43
62 45
62 46
62 47
62 48
62 50
62 51
62 52
62 55
62 58
62 59
62 60
62 63
62 64
62 65
62 67
62 68
62 69
62 71
62 72
62 73
62 75
62 79
62 80
62 81
62 82
62 83
62 90
62 91
62 97
62 98
62 99
62 100
62 101
62 102
62 103
62 104
62 106
62 107
62 108
62 111
62 112
62 115
62 116
62 119
62 120
62 123
62 125
62 128
62 130
62 131
62 132
62 134
62 136
62 137
62 139
63 2
63 3
63 4
63 9
63 11
63 12
63 13
63 14
63 17
63 19
63 22
63 25
63 27
63 28
63 30
63 31
63 32
63 34
63 38
63 39
63 40
63 42
63 43
63 44
63 45
63 48
63 49
63 51
63 52
63 53
63 54
63 55
63 56
63 57
63 58
63 60
63 63
63 64
63 65
63 68
63 70
63 71
63 72
63 74
63 76
63 79
63 82
63 83
63 84
63 85
63 88
63 91
63 92
63 93
63 95
63 97
63 99
63 101
63 104
63 105
63 107
63 110
63 111
63 116
63 118
63 119
63 120
63 125
63 126
63 127
63 128
63 132
63 133
63 135
63 136
63 138
64 3
64 5
64 7
64 11
64 14
64 15
64 16
64 19
64 20
64 21
64 22
64 23
64 25
64 26
64 27
64 28
64 29
64 31
64 34
64 35
64 37
64 39
64 40
64 41
64 43
64 48
64 49
64 50
64 51
64 53
64 54
64 55
64 56
64 57
64 63
64 65
64 66
64 67
64 68
64 70
64 73
64 74
64 75
64 76
64 78
64 80
64 81
64 84
64 85
64 88
64 89
64 93
64 96
64 98
64 100
64 103
64 104
64 107
64 110
64 112
64 113
64 118
64 120
64 121
64 125
64 126
64 130
64 132
64 134
64 136
64 137
64 138
65 2
65 4
65 5
65 6
65 7
65 8
65 9
65 10
65 14
65 18
65 19
65 20
65 22
65 25
65 26
65 27
65 28
65 29
65 36
65 40
65 41
65 44
65 45
65 46
65 48
65 53
65 58
65 59
65 61
65 62
65 67
65 68
65 70
65 71
65 73
65 74
65 77
65 80
65 82
65 85
65 87
65 89
65 91
65 92
65 93
65 94
65 95
65 96
65 99
65 100
65 101
65 103
65 105
65 106
65 109
65 110
65 111
65 116
65 117
65 118
65 121
65 123
65 124
65 125
65 127
65 131
65 134
65 139
66 2
66 3
66 4
66 5
66 7
66 9
66 10
66 14
66 15
66 17
66 21
66 24
66 25
66 27
66 28
66 29
66 32
66 34
66 37
66 39
66 40
66 41
66 44
66 45
66 47
66 48
66 50
66 54
66 55
66 56
66 58
66 62
66 64
66 65
66 67
66 68
66 69
66 70
66 72
66 74
66 75
66 76
66 77
66 78
66 80
66 91
66 92
66 93
66 95
66 100
66 104
66 107
66 108
66 109
66 110
66 113
66 114
66 115
66 116
66 117
66 118
66 119
66 121
66 123
66 126
66 127
66 137
66 140
67 1
67 4
67 6
67 7
67 9
67 10
67 12
67 13
67 14
67 18
67 19
67 23
67 25
67 26
67 29
67 30
67 32
67 33
67 35
67 36
67 37
67 39
67 41
67 42
67 43
67 44
67 45
67 47
67 48
67 53
67 54
67 57
67 59
67 61
67 64
67 65
67 67
67 68
67 69
67 71
67 72
67 77
67 80
67 81
67 82
67 85
67 86
67 87
67 88
67 91
67 92
67 93
67 94
67 95
67 99
67 101
67 102
67 103
67 104
67 106
67 107
67 108
67 109
67 110
67 111
67 113
67 114
67 115
67 119
67 125
67 126
67 127
67 128
67 129
67 130
67 131
67 132
67 133
67 134
67 135
67 136
67 137
67 138
68 2
68 5
68 7
68 8
68 11
68 12
68 14
68 16
68 17
68 19
68 21
68 22
68 24
68 25
68 27
68 28
68 29
68 34
68 36
68 37
68 38
68 39
68 40
68 41
68 43
68 48
68 50
68 53
68 54
68 57
68 58
68 59
68 60
68 61
68 63
68 64
68 66
68 67
68 71
68 72
68 76
68 79
68 80
68 81
68 83
68 84
68 85
68 87
68 88
68 89
68 90
68 92
68 93
68 97
68 99
68 100
68 102
68 104
68 105
68 106
68 108
68 111
68 116
68 118
68 120
68 121
68 122
68 123
68 125
68 126
68 129
68 130
68 133
68 134
68 135
68 136
68 138
68 140
69 2
69 4
69 5
69 7
69 8
69 10
69 11
69 12
69 13
69 14
69 17
69 18
69 20
69 22
69 23
69 24
69 25
69 26
69 28
69 30
69 31
69 34
69 35
69 36
69 37
69 38
69 39
69 40
69 42
69 43
69 44
69 45
69 48
69 49
69 50
69 51
69 52
69 54
69 59
69 60
69 62
69 63
69 64
69 66
69 67
69 69
69 72
69 73
69 74
69 75
69 77
69 79
69 81
69 83
69 89
69 90
69 92
69 98
69 102
69 103
69 106
69 108
69 109
69 110
69 111
69 112
69 113
69 114
69 115
69 116
69 118
69 119
69 121
69 122
69 123
69 127
69 128
69 129
69 130
69 131
69 132
69 136
69 137
69 140
70 1
70 3
70 5
70 6
70 7
70 8
70 10
70 14
70 15
70 16
70 18
70 20
70 21
70 23
70 25
70 28
70 30
70 31
70 33
70 35
70 43
70 49
70 50
70 54
70 55
70 57
70 58
70 59
70 60
70 62
70 63
70 67
70 68
70 69
70 70
70 71
70 73
70 75
70 77
70 79
70 80
70 83
70 88
70 89
70 91
70 96
70 99
70 101
70 103
70 104
70 106
70 109
70 110
70 113
70 114
70 115
70 116
70 117
70 119
70 120
70 121
70 123
70 124
70 125
70 126
70 127
70 128
70 129
70 131
70 133
70 134
70 136
70 137
70 138
71 1
71 3
71 6
71 7
71 8
71 11
71 17
71 18
71 23
71 24
71 25
71 27
71 29
71 31
71 33
71 34
71 35
71 36
71 38
71 39
71 42
71 44
71 46
71 49
71 51
71 52
71 56
71 57
71 59
71 61
71 63
71 64
71 65
71 68
71 71
71 72
71 74
71 75
71 76
71 81
71 82
71 84
71 86
71 87
71 89
71 91
71 94
71 95
71 97
71 98
71 102
71 103
71 105
71 106
71 107
71 108
71 109
71 110
71 111
71 112
71 114
71 115
71 116
71 117
71 120
71 125
71 126
71 127
71 132
71 133
71 134
71 136
71 138
71 139
72 3
72 4
72 6
72 9
72 11
72 12
72 13
72 15
72 16
72 18
72 19
72 21
72 23
72 24
72 26
72 27
72 33
72 37
72 38
72 39
72 40
72 42
72 43
72 44
72 47
72 48
72 51
72 53
72 55
72 57
72 58
72 60
72 61
72 62
72 65
72 68
72 69
72 71
72 72
72 75
72 77
72 78
72 79
72 80
72 82
72 86
72 87
72 89
72 90
72 91
72 92
72 95
72 99
72 100
72 101
72 102
72 103
72 106
72 108
72 109
72 110
72 113
72 114
72 115
72 117
72 118
72 120
72 121
72 123
72 124
72 126
72 127
72 128
72 131
72 132
72 134
72 135
72 136
72 139
73 1
73 5
73 9
73 10
73 11
73 13
73 14
73 15
73 16
73 17
73 18
73 19
73 20
73 22
73 27
73 31
73 34
73 35
73 36
73 37
73 38
73 39
73 42
73 43
73 46
73 48
73 50
73 52
73 55
73 62
73 63
73 67
73 68
73 70
73 73
73 76
73 78
73 79
73 81
73 82
73 83
73 87
73 89
73 90
73 92
73 93
73 99
73 100
73 104
73 105
73 109
73 111
73 112
73 114
73 115
73 116
73 117
73 118
73 130
73 133
73 136
73 138
73 140
74 1
74 4
74 5
74 6
74 8
74 10
74 12
74 13
74 16
74 17
74 19
74 24
74 25
74 26
74 27
74 28
74 29
74 30
74 31
74 32
74 37
74 40
74 41
74 42
74 48
74 49
74 51
74 52
74 53
74 55
74 56
74 57
74 61
74 62
74 63
74 67
74 68
74 69
74 71
74 72
74 74
74 76
74 77
74 78
74 80
74 81
74 85
74 86
74 88
74 90
74 92
74 93
74 94
74 96
74 98
74 99
74 101
74 102
74 104
74 105
74 106
74 110
74 111
74 112
74 113
74 116
74 117
74 119
74 120
74 122
74 123
74 125
74 129
74 133
74 135
74 136
74 137
74 138
75 1
75 4
75 8
75 9
75 12
75 13
75 15
75 16
75 19
75 20
75 21
75 22
75 24
75 25
75 28
75 33
75 34
75 38
75 41
75 42
75 44
75 45
75 47
75 48
75 51
75 54
75 57
75 60
75 61
75 63
75 67
75 71
75 72
75 73
75 74
75 84
75 87
75 89
75 91
75 94
75 95
75 97
75 103
75 107
75 110
75 111
75 114
75 117
75 119
75 120
75 121
75 122
75 123
75 127
75 128
75 130
75 131
75 132
75 133
75 134
75 137
75 138
75 139
75 140
76 2
76 4
76 8
76 9
76 11
76 12
76 15
76 17
76 18
76 20
76 21
76 22
76 23
76 26
76 27
76 29
76 32
76 33
76 35
76 39
76 40
76 43
76 45
76 47
76 48
76 49
76 60
76 61
76 62
76 63
76 64
76 65
76 66
76 69
76 71
76 76
76 77
76 78
76 79
76 81
76 83
76 84
76 85
76 88
76 89
76 93
76 94
76 95
76 97
76 99
76 101
76 102
76 103
76 107
76 108
76 110
76 115
76 120
76 121
76 122
76 123
76 124
76 125
76 126
76 130
76 131
76 132
76 133
76 136
76 137
76 138
76 139
77 2
77 7
77 8
77 9
77 11
77 12
77 13
77 14
77 15
77 16
77 17
77 18
77 22
77 23
77 24
77 25
77 26
77 27
77 29
77 31
77 32
77 33
77 35
77 37
77 38
77 39
77 40
77 42
77 43
77 44
77 45
77 48
77 49
77 51
77 52
77 53
77 54
77 56
77 57
77 59
77 61
77 62
77 65
77 66
77 69
77 70
77 74
77 75
77 82
77 83
77 86
77 87
77 88
77 92
77 93
77 97
77 98
77 102
77 103
77 104
77 108
77 110
77 112
77 113
77 114
77 116
77 119
77 120
77 122
77 123
77 124
77 125
77 126
77 127
77 130
77 131
77 133
77 135
77 136
77 138
77 139
78 1
78 3
78 4
78 5
78 9
78 11
78 15
78 16
78 17
78 18
78 21
78 22
78 27
78 28
78 30
78 33
78 34
78 37
78 38
78 39
78 40
78 42
78 43
78 44
78 46
78 49
78 50
78 52
78 53
78 57
78 58
78 59
78 62
78 64
78 66
78 68
78 70
78 72
78 74
78 78
78 81
78 82
78 84
78 85
78 87
78 88
78 89
78 91
78 93
78 94
78 96
78 98
78 99
78 100
78 101
78 102
78 103
78 105
78 107
78 114
78 115
78 116
78 118
78 120
78 126
78 127
78 132
78 134
78 135
78 136
78 137
78 138
78 139
78 140
79 1
79 2
79 3
79 4
79 6
79 7
79 9
79 10
79 11
79 12
79 13
79 16
79 17
79 18
79 19
79 21
79 22
79 24
79 26
79 27
79 28
79 29
79 37
79 40
79 41
79 42
79 43
79 45
79 50
79 52
79 56
79 57
79 58
79 59
79 60
79 61
79 62
79 63
79 67
79 68
79 69
79 70
79 72
79 73
79 75
79 76
79 79
79 81
79 84
79 86
79 87
79 88
79 89
79 91
79 95
79 96
79 98
79 99
79 100
79 101
79 105
79 106
79 107
79 111
79 112
79 116
79 119
79 121
79 123
79 126
79 127
79 129
79 138
79 139
80 3
80 6
80 8
80 14
80 16
80 17
80 19
80 20
80 21
80 24
80 25
80 28
80 29
80 30
80 31
80 32
80 34
80 35
80 38
80 39
80 40
80 41
80 43
80 44
80 46
80 47
80 48
80 49
80 55
80 56
80 57
80 60
80 61
80 65
80 66
80 69
80 75
80 76
80 77
80 80
80 81
80 82
80 84
80 86
80 88
80 89
80 90
80 95
80 97
80 100
80 101
80 105
80 107
80 108
80 109
80 110
80 111
80 113
80 114
80 116
80 118
80 119
80 125
80 126
80 130
80 132
80 136
80 138
80 139
81 3
81 6
81 7
81 9
81 11
81 12
81 13
81 15
81 17
81 19
81 20
81 23
81 24
81 25
81 27
81 30
81 31
81 33
81 36
81 37
81 41
81 50
81 51
81 52
81 56
81 57
81 58
81 59
81 60
81 64
81 65
81 66
81 68
81 69
81 71
81 74
81 76
81 79
81 85
81 87
81 90
81 93
81 94
81 97
81 98
81 99
81 102
81 105
81 107
81 109
81 110
81 111
81 112
81 113
81 115
81 116
81 117
81 118
81 119
81 121
81 127
81 129
81 136
81 140
82 2
82 3
82 4
82 5
82 6
82 11
82 14
82 15
82 18
82 19
82 20
82 21
82 23
82 24
82 26
82 27
82 28
82 30
82 35
82 36
82 39
82 44
82 46
82 47
82 51
82 55
82 57
82 60
82 63
82 67
82 71
82 73
82 76
82 80
82 82
82 86
82 87
82 90
82 93
82 94
82 97
82 98
82 99
82 100
82 102
82 103
82 104
82 106
82 107
82 108
82 109
82 111
82 112
82 114
82 116
82 118
82 119
82 126
82 128
82 132
82 134
82 135
82 137
82 139
83 1
83 3
83 4
83 5
83 6
83 7
83 9
83 10
83 14
83 15
83 16
83 17
83 18
83 20
83 23
83 27
83 29
83 32
83 34
83 37
83 38
83 39
83 43
83 44
83 49
83 50
83 51
83 53
83 54
83 55
83 56
83 58
83 61
83 64
83 65
83 67
83 75
83 76
83 79
83 80
83 81
83 82
83 83
83 84
83 85
83 89
83 90
83 91
83 93
83 95
83 96
83 97
83 98
83 104
83 105
83 107
83 111
83 114
83 115
83 119
83 120
83 121
83 122
83 124
83 125
83 126
83 127
83 129
83 130
83 132
83 135
83 139
84 2
84 3
84 8
84 9
84 10
84 11
84 12
84 15
84 17
84 19
84 20
84 24
84 25
84 26
84 27
84 29
84 30
84 31
84 32
84 33
84 35
84 38
84 39
84 42
84 44
84 46
84 47
84 48
84 57
84 61
84 63
84 65
84 66
84 68
84 71
84 72
84 73
84 74
84 75
84 76
84 77
84 78
84 81
84 83
84 88
84 90
84 92
84 93
84 95
84 96
84 97
84 98
84 99
84 100
84 101
84 105
84 106
84 108
84 111
84 115
84 116
84 118
84 121
84 122
84 123
84 124
84 126
84 127
84 128
84 129
84 131
84 134
84 136
85 1
85 2
85 3
85 4
85 6
85 8
85 9
85 10
85 11
85 12
85 15
85 16
85 17
85 18
85 21
85 22
85 24
85 25
85 28
85 29
85 31
85 34
85 35
85 36
85 38
85 42
85 47
85 48
85 50
85 52
85 54
85 55
85 56
85 60
85 61
85 63
85 64
85 65
85 67
85 68
85 70
85 74
85 75
85 77
85 79
85 80
85 82
85 87
85 89
85 90
85 93
85 95
85 96
85 98
85 99
85 100
85 101
85 102
85 103
85 104
85 105
85 106
85 109
85 110
85 111
85 114
85 115
85 116
85 119
85 121
85 122
85 124
85 126
85 127
85 128
85 131
85 132
85 133
85 134
85 136
85 137
85 139
86 1
86 4
86 7
86 8
86 10
86 11
86 14
86 15
86 16
86 18
86 21
86 23
86 24
86 25
86 26
86 27
86 28
86 31
86 34
86 35
86 36
86 37
86 38
86 40
86 42
86 44
86 45
86 48
86 50
86 56
86 57
86 58
86 59
86 64
86 65
86 68
86 69
86 70
86 71
86 73
86 75
86 76
86 77
86 78
86 79
86 81
86 82
86 85
86 90
86 92
86 93
86 94
86 95
86 99
86 100
86 102
86 104
86 107
86 112
86 113
86 114
86 117
86 119
86 120
86 122
86 127
86 128
86 129
86 132
86 135
86 136
86 139
86 140
87 4
87 5
87 6
87 8
87 12
87 13
87 14
87 17
87 18
87 22
87 23
87 25
87 27
87 28
87 29
87 31
87 33
87 35
87 37
87 38
87 39
87 42
87 43
87 49
87 50
87 52
87 54
87 58
87 63
87 66
87 71
87 72
87 77
87 79
87 80
87 81
87 84
87 85
87 88
87 89
87 90
87 93
87 94
87 97
87 98
87 99
87 100
87 101
87 102
87 103
87 104
87 108
87 109
87 110
87 111
87 112
87 113
87 114
87 119
87 123
87 126
87 129
87 130
87 133
87 135
87 137
87 139
88 2
88 3
88 4
88 5
88 6
88 7
88 8
88 9
88 12
88 13
88 14
88 15
88 17
88 21
88 24
88 27
88 28
88 31
88 32
88 33
88 34
88 35
88 42
88 46
88 48
88 49
88 50
88 51
88 52
88 53
88 54
88 55
88 58
88 60
88 62
88 65
88 67
88 68
88 69
88 73
88 76
88 81
88 82
88 83
88 84
88 85
88 93
88 94
88 95
88 97
88 98
88 100
88 101
88 102
88 103
88 104
88 105
88 106
88 107
88 108
88 110
88 111
88 112
88 115
88 117
88 120
88 122
88 123
88 125
88 126
88 127
88 128
88 130
88 133
88 134
88 136
88 139
89 1
89 4
89 5
89 6
89 7
89 8
89 11
89 12
89 14
89 17
89 18
89 19
89 21
89 23
89 25
89 28
89 29
89 30
89 31
89 34
89 35
89 36
89 37
89 40
89 42
89 43
89 44
89 48
89 49
89 50
89 55
89 57
89 58
89 59
89 60
89 61
89 62
89 63
89 64
89 65
89 66
89 71
89 72
89 75
89 82
89 84
89 85
89 87
89 88
89 89
89 90
89 91
89 92
89 99
89 101
89 107
89 108
89 109
89 110
89 111
89 114
89 116
89 117
89 118
89 119
89 120
89 121
89 122
89 123
89 125
89 127
89 128
89 129
89 131
89 132
89 133
89 136
89 139
89 140
90 1
90 2
90 3
90 4
90 5
90 6
90 7
90 8
90 9
90 15
90 17
90 19
90 20
90 22
90 24
90 25
90 26
90 27
90 30
90 31
90 32
90 33
90 35
90 39
90 40
90 41
90 43
90 44
90 45
90 46
90 48
90 49
90 50
90 51
90 52
90 55
90 61
90 62
90 64
90 65
90 66
90 67
90 68
90 69
90 70
90 75
90 77
90 79
90 80
90 82
90 84
90 87
90 89
90 91
90 92
90 94
90 96
90 101
90 104
90 106
90 108
90 110
90 112
90 115
90 116
90 118
90 119
90 120
90 121
90 122
90 123
90 126
90 128
90 130
90 133
90 134
90 136
90 137
90 139
91 4
91 7
91 8
91 9
91 12
91 14
91 15
91 16
91 18
91 22
91 23
91 26
91 27
91 28
91 29
91 30
91 31
91 32
91 38
91 39
91 41
91 43
91 45
91 47
91 48
91 49
91 50
91 51
91 54
91 56
91 62
91 63
91 64
91 66
91 67
91 72
91 75
91 77
91 80
91 83
91 84
91 87
91 89
91 93
91 98
91 100
91 101
91 103
91 105
91 106
91 107
91 109
91 111
91 112
91 114
91 118
91 122
91 125
91 126
91 127
91 129
91 130
91 131
91 133
91 135
91 139
91 140
92 4
92 5
92 7
92 8
92 10
92 12
92 17
92 20
92 21
92 23
92 25
92 27
92 32
92 35
92 37
92 38
92 39
92 40
92 43
92 45
92 46
92 47
92 48
92 52
92 53
92 54
92 56
92 57
92 59
92 62
92 63
92 64
92 65
92 68
92 69
92 71
92 72
92 73
92 75
92 76
92 80
92 81
92 82
92 84
92 86
92 88
92 89
92 91
92 93
92 95
92 96
92 100
92 102
92 105
92 106
92 107
92 108
92 110
92 111
92 113
92 115
92 117
92 119
92 120
92 122
92 123
92 124
92 125
92 126
92 129
92 132
92 134
92 135
92 136
92 140
93 2
93 4
93 8
93 9
93 10
93 11
93 13
93 15
93 16
93 17
93 18
93 19
93 20
93 21
93 23
93 25
93 27
93 28
93 29
93 31
93 33
93 34
93 37
93 40
93 41
93 44
93 45
93 48
93 49
93 50
93 51
93 55
93 56
93 60
93 61
93 63
93 64
93 69
93 70
93 71
93 73
93 75
93 77
93 79
93 83
93 84
93 87
93 92
93 95
93 97
93 99
93 101
93 102
93 104
93 106
93 107
93 110
93 112
93 115
93 117
93 118
93 120
93 123
93 124
93 127
93 128
93 130
93 132
93 135
93 137
93 138
94 1
94 3
94 4
94 5
94 6
94 8
94 9
94 11
94 15
94 16
94 17
94 18
94 21
94 22
94 23
94 24
94 25
94 27
94 29
94 30
94 32
94 33
94 34
94 37
94 38
94 39
94 40
94 41
94 44
94 45
94 46
94 47
94 51
94 53
94 56
94 57
94 59
94 60
94 61
94 62
94 63
94 65
94 66
94 68
94 71
94 73
94 75
94 77
94 78
94 79
94 80
94 84
94 85
94 88
94 89
94 90
94 91
94 92
94 97
94 98
94 100
94 101
94 102
94 107
94 108
94 110
94 111
94 112
94 114
94 115
94 117
94 122
94 124
94 126
94 127
94 129
94 131
94 132
94 133
94 136
94 137
94 138
95 1
95 3
95 5
95 6
95 7
95 9
95 16
95 17
95 19
95 22
95 23
95 24
95 28
95 29
95 30
95 31
95 34
95 35
95 38
95 39
95 41
95 42
95 44
95 47
95 48
95 51
95 52
95 56
95 57
95 58
95 60
95 61
95 65
95 68
95 70
95 72
95 75
95 77
95 79
95 80
95 84
95 85
95 93
95 96
95 99
95 100
95 102
95 103
95 108
95 112
95 113
95 114
95 115
95 116
95 117
95 118
95 119
95 120
95 122
95 123
95 124
95 126
95 127
95 130
95 131
95 132
95 134
95 135
95 136
95 140
96 2
96 3
96 5
96 6
96 7
96 8
96 15
96 19
96 20
96 21
96 22
96 23
96 26
96 28
96 31
96 32
96 33
96 34
96 35
96 36
96 37
96 39
96 40
96 41
96 43
96 44
96 45
96 47
96 48
96 49
96 51
96 52
96 53
96 56
96 59
96 62
96 64
96 65
96 68
96 69
96 71
96 74
96 79
96 80
96 81
96 82
96 84
96 85
96 89
96 91
96 92
96 95
96 96
96 105
96 106
96 107
96 109
96 110
96 113
96 114
96 116
96 118
96 120
96 121
96 126
96 127
96 129
96 133
96 136
96 137
96 138
97 3
97 4
97 5
97 6
97 7
97 8
97 9
97 10
97 11
97 14
97 16
97 21
97 22
97 26
97 28
97 29
97 30
97 32
97 34
97 38
97 40
97 44
97 51
97 55
97 56
97 60
97 62
97 63
97 69
97 71
97 72
97 73
97 74
97 75
97 77
97 79
97 80
97 84
97 85
97 86
97 87
97 91
97 92
97 93
97 94
97 95
97 96
97 97
97 98
97 99
97 100
97 101
97 104
97 106
97 108
97 109
97 113
97 115
97 116
97 117
97 119
97 121
97 123
97 124
97 125
97 126
97 127
97 128
97 131
97 133
97 134
97 135
97 136
97 137
97 138
97 140
98 5
98 7
98 8
98 10
98 12
98 14
98 15
98 17
98 21
98 22
98 23
98 24
98 28
98 29
98 31
98 32
98 34
98 35
98 36
98 39
98 42
98 52
98 53
98 54
98 55
98 56
98 57
98 58
98 59
98 60
98 61
98 63
98 64
98 65
98 66
98 69
98 74
98 76
98 77
98 79
98 80
98 81
98 83
98 84
98 86
98 87
98 89
98 91
98 97
98 101
98 103
98 104
98 105
98 106
98 109
98 111
98 115
98 118
98 122
98 123
98 124
98 125
98 129
98 134
98 136
98 138
98 139
98 140
99 4
99 10
99 12
99 20
99 21
99 23
99 24
99 25
99 26
99 27
99 29
99 31
99 33
99 36
99 37
99 38
99 39
99 40
99 42
99 47
99 48
99 49
99 50
99 54
99 55
99 57
99 59
99 61
99 62
99 64
99 65
99 73
99 75
99 77
99 78
99 80
99 83
99 84
99 85
99 86
99 87
99 88
99 90
99 95
99 99
99 100
99 101
99 102
99 103
99 104
99 105
99 106
99 108
99 110
99 112
99 117
99 121
99 125
99 126
99 128
99 129
99 130
99 133
99 135
99 136
99 139
100 4
100 5
100 7
100 11
100 15
100 18
100 19
100 20
100 22
100 25
100 26
100 29
100 30
100 35
100 36
100 37
100 39
100 40
100 41
100 42
100 47
100 48
100 51
100 52
100 53
100 54
100 55
100 60
100 67
100 68
100 71
100 72
100 74
100 75
100 76
100 84
100 85
100 86
100 87
100 88
100 90
100 94
100 95
100 96
100 97
100 99
100 100
100 105
100 106
100 109
100 110
100 111
100 112
100 119
100 120
100 122
100 127
100 129
100 133
100 134
100 136
100 138
100 140
101 1
101 2
101 3
101 5
101 7
101 9
101 11
101 12
101 13
101 17
101 18
101 24
101 25
101 27
101 30
101 31
101 40
101 42
101 45
101 48
101 49
101 50
101 52
101 54
101 57
101 59
101 60
101 61
101 63
101 64
101 66
101 70
101 72
101 73
101 74
101 76
101 77
101 81
101 85
101 92
101 93
101 94
101 97
101 98
101 99
101 102
101 103
101 107
101 112
101 113
101 120
101 121
101 125
101 128
101 136
101 137
102 2
102 8
102 13
102 14
102 15
102 18
102 20
102 21
102 22
102 23
102 25
102 26
102 29
102 31
102 32
102 33
102 37
102 39
102 40
102 41
102 44
102 46
102 50
102 51
102 53
102 54
102 56
102 60
102 61
102 63
102 65
102 66
102 67
102 68
102 70
102 71
102 73
102 74
102 75
102 77
102 80
102 81
102 82
102 85
102 86
102 88
102 93
102 97
102 98
102 99
102 103
102 104
102 105
102 106
102 107
102 108
102 111
102 114
102 115
102 116
102 117
102 118
102 119
102 120
102 122
102 125
102 130
102 134
102 135
102 136
102 140
103 1
103 2
103 6
103 8
103 9
103 11
103 12
103 13
103 18
103 19
103 23
103 25
103 27
103 29
103 31
103 33
103 34
103 36
103 37
103 44
103 45
103 46
103 48
103 49
103 51
103 52
103 53
103 55
103 56
103 58
103 62
103 64
103 69
103 71
103 75
103 77
103 79
103 80
103 82
103 83
103 84
103 88
103 92
103 95
103 96
103 100
103 101
103 102
103 104
103 109
103 110
103 111
103 113
103 114
103 115
103 116
103 118
103 121
103 122
103 127
103 128
103 129
103 130
103 133
103 134
103 135
103 136
103 137
103 138
103 139
103 140
104 1
104 2
104 4
104 5
104 8
104 10
104 11
104 13
104 14
104 19
104 23
104 24
104 27
104 28
104 32
104 33
104 34
104 35
104 37
104 39
104 41
104 42
104 43
104 44
104 45
104 46
104 47
104 48
104 53
104 54
104 55
104 57
104 59
104 60
104 61
104 68
104 69
104 70
104 73
104 77
104 80
104 81
104 85
104 88
104 89
104 92
104 94
104 97
104 99
104 100
104 102
104 106
104 108
104 111
104 112
104 114
104 115
104 116
104 117
104 120
104 121
104 125
104 126
104 128
104 130
104 131
104 133
104 134
104 135
104 136
104 137
104 140
105 3
105 4
105 8
105 10
105 11
105 13
105 14
105 16
105 20
105 21
105 24
105 25
105 28
105 29
105 32
105 35
105 36
105 37
105 38
105 43
105 45
105 46
105 48
105 49
105 50
105 51
105 52
105 53
105 54
105 55
105 60
105 62
105 64
105 65
105 68
105 69
105 71
105 73
105 74
105 75
105 77
105 78
105 79
105 80
105 82
105 83
105 85
105 86
105 87
105 88
105 89
105 91
105 92
105 93
105 96
105 103
105 104
105 105
105 107
105 108
105 113
105 114
105 115
105 123
105 124
105 127
105 129
105 131
105 133
105 134
105 135
105 137
105 140
106 1
106 2
106 3
106 4
106 6
106 7
106 8
106 10
106 11
106 12
106 13
106 17
106 19
106 20
106 22
106 23
106 26
106 27
106 31
106 32
106 33
106 34
106 36
106 37
106 40
106 41
106 42
106 43
106 44
106 46
106 48
106 49
106 50
106 54
106 56
106 58
106 59
106 62
106 63
106 64
106 65
106 66
106 67
106 70
106 71
106 73
106 75
106 81
106 86
106 87
106 88
106 90
106 91
106 92
106 97
106 98
106 100
106 102
106 104
106 105
106 106
106 107
106 108
106 109
106 110
106 113
106 116
106 118
106 120
106 121
106 123
106 126
106 128
106 132
106 134
106 137
106 140
107 1
107 5
107 8
107 9
107 10
107 11
107 18
107 19
107 20
107 21
107 22
107 23
107 28
107 29
107 33
107 34
107 35
107 36
107 39
107 40
107 41
107 43
107 44
107 45
107 47
107 49
107 51
107 52
107 53
107 54
107 55
107 60
107 61
107 62
107 66
107 67
107 70
107 71
107 75
107 77
107 80
107 81
107 83
107 84
107 86
107 88
107 91
107 95
107 96
107 97
107 98
107 100
107 103
107 105
107 106
107 107
107 108
107 110
107 111
107 113
107 114
107 115
107 116
107 117
107 121
107 125
107 128
107 129
107 131
107 134
107 136
107 138
107 139
107 140
108 1
108 3
108 6
108 12
108 13
108 15
108 17
108 21
108 22
108 23
108 24
108 26
108 28
108 30
108 31
108 32
108 33
108 36
108 37
108 38
108 40
108 42
108 44
108 45
108 46
108 47
108 49
108 52
108 56
108 57
108 58
108 59
108 60
108 63
108 65
108 66
108 67
108 68
108 69
108 71
108 72
108 73
108 74
108 75
108 77
108 78
108 80
108 81
108 82
108 89
108 94
108 95
108 96
108 97
108 102
108 106
108 107
108 109
108 110
108 111
108 114
108 117
108 118
108 119
108 122
108 126
108 127
108 130
108 138
108 140
109 3
109 5
109 6
109 8
109 10
109 12
109 15
109 16
109 17
109 20
109 22
109 29
109 30
109 31
109 33
109 34
109 39
109 40
109 41
109 42
109 44
109 49
109 51
109 52
109 53
109 54
109 55
109 56
109 57
109 58
109 61
109 63
109 64
109 65
109 69
109 70
109 72
109 76
109 83
109 84
109 85
109 86
109 88
109 89
109 90
109 92
109 93
109 96
109 97
109 98
109 101
109 102
109 104
109 105
109 106
109 108
109 110
109 111
109 112
109 114
109 115
109 117
109 118
109 121
109 124
109 125
109 126
109 127
109 129
109 131
109 135
109 139
110 2
110 3
110 5
110 7
110 8
110 10
110 11
110 12
110 15
110 16
110 17
110 18
110 24
110 25
110 26
110 27
110 29
110 31
110 34
110 35
110 36
110 37
110 38
110 40
110 44
110 45
110 54
110 56
110 57
110 58
110 59
110 63
110 66
110 68
110 70
110 72
110 76
110 77
110 78
110 80
110 81
110 83
110 89
110 90
110 91
110 95
110 96
110 97
110 99
110 100
110 103
110 106
110 108
110 112
110 113
110 114
110 116
110 117
110 118
110 120
110 123
110 124
110 125
110 126
110 127
110 128
110 130
110 131
110 132
110 134
110 135
110 136
110 140
111 2
111 3
111 5
111 7
111 8
111 10
111 11
111 14
111 16
111 17
111 18
111 19
111 20
111 21
111 26
111 30
111 37
111 38
111 39
111 40
111 43
111 44
111 45
111 46
111 47
111 48
111 49
111 50
111 52
111 53
111 58
111 60
111 65
111 66
111 67
111 69
111 71
111 72
111 73
111 78
111 79
111 82
111 83
111 84
111 88
111 89
111 90
111 92
111 93
111 94
111 98
111 99
111 102
111 103
111 109
111 111
111 112
111 114
111 115
111 121
111 122
111 123
111 124
111 125
111 132
111 136
111 137
111 140
112 2
112 5
112 6
112 7
112 9
112 10
112 12
112 13
112 17
112 22
112 23
112 26
112 27
112 30
112 34
112 36
112 37
112 39
112 41
112 42
112 43
112 48
112 50
112 51
112 52
112 54
112 55
112 56
112 58
112 59
112 61
112 62
112 68
112 69
112 71
112 75
112 76
112 79
112 80
112 83
112 85
112 88
112 89
112 90
112 91
112 94
112 97
112 101
112 102
112 104
112 105
112 107
112 108
112 109
112 112
112 113
112 114
112 116
112 117
112 121
112 123
112 125
112 126
112 128
112 129
112 130
112 132
112 134
112 135
112 136
112 137
112 138
112 139
112 140
