64 80 2630 34
1 2
1 3
1 4
1 5
1 6
1 8
1 9
1 10
1 12
1 16
1 17
1 19
1 20
1 22
1 23
1 24
1 26
1 30
1 31
1 32
1 33
1 34
1 38
1 43
1 44
1 45
1 48
1 50
1 52
1 53
1 55
1 56
1 57
1 61
1 62
1 63
1 65
1 67
1 68
1 69
1 70
1 71
1 72
1 74
1 78
1 79
2 1
2 3
2 5
2 7
2 8
2 9
2 10
2 15
2 16
2 20
2 23
2 24
2 28
2 29
2 30
2 33
2 34
2 43
2 44
2 45
2 46
2 48
2 49
2 56
2 58
2 60
2 63
2 64
2 67
2 68
2 69
2 70
2 76
2 77
2 79
3 1
3 2
3 3
3 4
3 5
3 8
3 9
3 12
3 13
3 15
3 16
3 17
3 18
3 19
3 20
3 24
3 25
3 27
3 28
3 29
3 31
3 33
3 36
3 38
3 41
3 42
3 44
3 45
3 46
3 47
3 50
3 53
3 59
3 60
3 61
3 62
3 63
3 66
3 68
3 69
3 71
3 72
3 73
3 74
3 75
3 78
4 1
4 3
4 5
4 6
4 10
4 11
4 13
4 15
4 18
4 19
4 24
4 25
4 26
4 29
4 30
4 31
4 32
4 33
4 36
4 37
4 39
4 40
4 41
4 42
4 44
4 45
4 46
4 48
4 49
4 52
4 53
4 54
4 56
4 57
4 59
4 60
4 63
4 67
4 68
4 69
4 71
4 72
4 73
4 76
4 79
5 4
5 5
5 6
5 7
5 12
5 14
5 17
5 20
5 21
5 23
5 26
5 27
5 28
5 29
5 30
5 32
5 35
5 39
5 41
5 43
5 46
5 48
5 49
5 51
5 53
5 55
5 56
5 57
5 58
5 59
5 61
5 64
5 65
5 67
5 68
5 70
5 71
5 72
5 74
5 75
5 78
5 79
6 1
6 2
6 3
6 5
6 6
6 7
6 8
6 10
6 11
6 14
6 15
6 18
6 21
6 24
6 26
6 27
6 28
6 29
6 30
6 31
6 33
6 35
6 36
6 37
6 41
6 44
6 45
6 49
6 50
6 52
6 54
6 55
6 61
6 62
6 63
6 66
6 67
6 69
6 73
6 74
6 75
6 77
6 78
6 80
7 3
7 4
7 5
7 6
7 9
7 10
7 11
7 12
7 13
7 16
7 17
7 20
7 23
7 24
7 25
7 27
7 31
7 32
7 38
7 39
7 40
7 41
7 42
7 43
7 47
7 49
7 50
7 52
7 55
7 56
7 58
7 61
7 63
7 64
7 65
7 66
7 67
7 68
7 70
7 72
7 73
7 74
7 75
7 78
8 1
8 2
8 3
8 4
8 5
8 6
8 8
8 10
8 11
8 12
8 14
8 17
8 19
8 20
8 21
8 22
8 26
8 27
8 29
8 31
8 32
8 39
8 40
8 42
8 43
8 45
8 48
8 50
8 55
8 56
8 58
8 59
8 60
8 61
8 62
8 63
8 64
8 65
8 66
8 68
8 77
8 80
9 1
9 2
9 5
9 7
9 9
9 10
9 11
9 12
9 15
9 17
9 18
9 24
9 25
9 26
9 28
9 29
9 30
9 31
9 36
9 38
9 40
9 43
9 44
9 45
9 47
9 49
9 51
9 52
9 53
9 54
9 55
9 60
9 61
9 64
9 66
9 68
9 69
9 74
9 79
10 3
10 4
10 5
10 6
10 8
10 10
10 11
10 12
10 13
10 14
10 16
10 17
10 21
10 24
10 28
10 29
10 30
10 31
10 32
10 33
10 35
10 38
10 40
10 42
10 43
10 45
10 47
10 51
10 57
10 62
10 63
10 64
10 67
10 72
10 76
10 77
10 79
10 80
11 2
11 3
11 4
11 6
11 7
11 9
11 10
11 14
11 15
11 18
11 21
11 23
11 27
11 28
11 29
11 32
11 33
11 34
11 36
11 37
11 39
11 41
11 42
11 45
11 46
11 47
11 48
11 50
11 52
11 53
11 55
11 56
11 58
11 59
11 60
11 67
11 68
11 70
11 72
11 77
11 78
11 79
11 80
12 6
12 7
12 8
12 9
12 11
12 12
12 15
12 16
12 17
12 20
12 22
12 24
12 27
12 28
12 29
12 33
12 34
12 35
12 36
12 37
12 38
12 39
12 41
12 42
12 44
12 47
12 49
12 50
12 51
12 53
12 58
12 59
12 60
12 65
12 66
12 71
12 74
12 77
12 80
13 2
13 5
13 6
13 8
13 11
13 13
13 17
13 19
13 20
13 22
13 24
13 25
13 26
13 29
13 31
13 32
13 33
13 34
13 37
13 40
13 41
13 42
13 43
13 45
13 46
13 51
13 54
13 58
13 59
13 62
13 63
13 70
13 72
13 73
13 74
13 75
13 78
14 1
14 2
14 4
14 5
14 6
14 7
14 8
14 9
14 11
14 15
14 16
14 17
14 18
14 21
14 28
14 30
14 31
14 32
14 34
14 35
14 36
14 37
14 41
14 46
14 47
14 49
14 50
14 51
14 55
14 58
14 60
14 61
14 63
14 64
14 74
14 75
14 76
14 78
14 79
14 80
15 1
15 2
15 4
15 8
15 9
15 11
15 13
15 15
15 17
15 18
15 19
15 20
15 21
15 23
15 24
15 26
15 27
15 29
15 31
15 32
15 35
15 37
15 39
15 42
15 43
15 47
15 49
15 51
15 52
15 54
15 56
15 57
15 58
15 59
15 60
15 62
15 64
15 66
15 68
15 69
15 72
15 73
15 74
15 75
15 80
16 1
16 2
16 5
16 6
16 8
16 9
16 10
16 12
16 13
16 14
16 17
16 18
16 19
16 21
16 22
16 23
16 25
16 27
16 28
16 30
16 31
16 32
16 33
16 34
16 36
16 38
16 42
16 44
16 48
16 49
16 50
16 52
16 53
16 55
16 56
16 57
16 62
16 64
16 65
16 66
16 70
16 72
16 73
16 74
16 75
16 79
17 2
17 4
17 7
17 8
17 9
17 10
17 12
17 14
17 18
17 19
17 21
17 23
17 24
17 25
17 26
17 27
17 28
17 30
17 31
17 32
17 33
17 38
17 40
17 41
17 42
17 43
17 45
17 47
17 48
17 51
17 52
17 53
17 54
17 56
17 59
17 60
17 61
17 62
17 63
17 65
17 66
17 67
17 68
17 70
17 73
17 74
17 76
17 77
17 79
17 80
18 1
18 7
18 10
18 11
18 14
18 15
18 17
18 20
18 25
18 26
18 27
18 28
18 29
18 32
18 34
18 38
18 39
18 41
18 42
18 43
18 44
18 46
18 47
18 48
18 52
18 53
18 56
18 57
18 59
18 60
18 61
18 62
18 64
18 66
18 67
18 69
18 72
18 73
18 74
18 75
18 77
18 78
18 80
19 2
19 3
19 7
19 8
19 12
19 15
19 16
19 18
19 19
19 22
19 24
19 26
19 28
19 29
19 30
19 31
19 32
19 33
19 35
19 36
19 37
19 39
19 41
19 45
19 48
19 49
19 50
19 52
19 53
19 54
19 55
19 56
19 58
19 59
19 60
19 64
19 65
19 66
19 68
19 69
19 73
19 74
19 75
19 76
19 77
19 78
19 79
19 80
20 2
20 3
20 5
20 17
20 18
20 19
20 20
20 22
20 24
20 25
20 27
20 28
20 32
20 33
20 35
20 36
20 37
20 38
20 39
20 42
20 46
20 51
20 53
20 54
20 55
20 61
20 62
20 63
20 68
20 70
20 72
20 74
20 75
20 78
21 1
21 2
21 3
21 5
21 6
21 7
21 11
21 14
21 16
21 20
21 21
21 22
21 23
21 24
21 25
21 29
21 32
21 33
21 34
21 36
21 37
21 38
21 41
21 42
21 44
21 47
21 51
21 53
21 54
21 55
21 56
21 57
21 58
21 59
21 60
21 61
21 64
21 65
21 67
21 72
21 74
21 76
21 77
22 1
22 4
22 6
22 7
22 9
22 10
22 12
22 15
22 18
22 20
22 23
22 28
22 29
22 32
22 33
22 34
22 35
22 38
22 39
22 41
22 42
22 49
22 51
22 52
22 53
22 54
22 55
22 56
22 62
22 63
22 64
22 65
22 68
22 71
22 73
22 77
22 80
23 1
23 2
23 5
23 8
23 10
23 11
23 14
23 18
23 19
23 20
23 22
23 25
23 26
23 28
23 31
23 33
23 34
23 35
23 36
23 39
23 42
23 43
23 47
23 49
23 50
23 51
23 52
23 53
23 54
23 55
23 56
23 61
23 62
23 64
23 66
23 67
23 68
23 71
23 74
23 75
23 76
23 78
23 79
23 80
24 2
24 7
24 9
24 10
24 17
24 21
24 24
24 26
24 29
24 33
24 37
24 38
24 40
24 42
24 43
24 44
24 45
24 51
24 52
24 53
24 56
24 58
24 59
24 60
24 61
24 62
24 64
24 66
24 67
24 68
24 71
24 72
24 75
24 76
24 78
24 79
25 5
25 6
25 7
25 12
25 17
25 18
25 21
25 24
25 25
25 26
25 28
25 29
25 30
25 31
25 32
25 33
25 35
25 39
25 40
25 42
25 43
25 45
25 46
25 48
25 49
25 50
25 52
25 55
25 56
25 59
25 61
25 63
25 65
25 66
25 67
25 69
25 70
25 73
25 74
25 76
25 77
25 78
26 3
26 4
26 6
26 7
26 9
26 15
26 17
26 19
26 20
26 22
26 24
26 25
26 27
26 29
26 31
26 32
26 33
26 34
26 36
26 39
26 40
26 46
26 48
26 53
26 56
26 57
26 58
26 59
26 62
26 64
26 65
26 67
26 68
26 69
26 70
26 71
26 74
26 77
26 78
26 79
27 5
27 6
27 9
27 10
27 16
27 19
27 21
27 22
27 23
27 24
27 25
27 29
27 41
27 42
27 43
27 45
27 46
27 47
27 48
27 49
27 50
27 52
27 54
27 57
27 59
27 62
27 63
27 68
27 69
27 70
27 71
27 73
27 74
27 77
27 78
27 79
28 1
28 3
28 4
28 5
28 7
28 8
28 10
28 11
28 12
28 16
28 17
28 18
28 19
28 20
28 21
28 22
28 24
28 29
28 36
28 38
28 42
28 46
28 49
28 50
28 51
28 54
28 57
28 58
28 59
28 61
28 62
28 63
28 64
28 65
28 71
28 72
28 75
28 78
29 2
29 5
29 6
29 9
29 10
29 11
29 13
29 15
29 17
29 18
29 21
29 28
29 29
29 30
29 32
29 33
29 39
29 43
29 47
29 49
29 51
29 54
29 55
29 56
29 57
29 58
29 60
29 63
29 64
29 65
29 66
29 70
29 78
29 79
29 80
30 1
30 3
30 9
30 10
30 11
30 12
30 14
30 15
30 16
30 18
30 21
30 23
30 24
30 25
30 28
30 29
30 30
30 36
30 42
30 43
30 46
30 48
30 49
30 53
30 54
30 56
30 57
30 62
30 63
30 65
30 70
30 71
30 74
30 75
30 80
31 1
31 5
31 6
31 7
31 8
31 10
31 11
31 15
31 18
31 20
31 22
31 23
31 28
31 30
31 31
31 33
31 35
31 36
31 39
31 40
31 44
31 45
31 46
31 47
31 50
31 54
31 60
31 61
31 62
31 64
31 65
31 66
31 67
31 69
31 70
31 72
31 75
31 77
31 78
31 79
31 80
32 1
32 3
32 4
32 8
32 9
32 12
32 13
32 14
32 15
32 16
32 18
32 20
32 21
32 24
32 26
32 27
32 28
32 29
32 34
32 35
32 36
32 38
32 39
32 45
32 46
32 48
32 49
32 51
32 52
32 53
32 54
32 59
32 61
32 62
32 63
32 65
32 67
32 68
32 73
32 74
32 76
32 77
32 80
33 1
33 2
33 5
33 6
33 7
33 8
33 9
33 10
33 11
33 14
33 16
33 17
33 19
33 21
33 22
33 24
33 25
33 26
33 27
33 28
33 32
33 35
33 36
33 37
33 38
33 39
33 40
33 41
33 44
33 45
33 46
33 51
33 55
33 59
33 60
33 61
33 63
33 65
33 66
33 68
33 70
33 73
33 75
33 76
33 77
33 78
34 3
34 6
34 7
34 8
34 9
34 10
34 11
34 12
34 13
34 14
34 16
34 17
34 18
34 20
34 22
34 23
34 24
34 25
34 26
34 28
34 29
34 32
34 33
34 34
34 36
34 37
34 38
34 43
34 45
34 49
34 50
34 53
34 58
34 59
34 60
34 62
34 63
34 64
34 67
34 69
34 71
34 75
34 76
34 77
35 4
35 7
35 8
35 10
35 11
35 12
35 13
35 15
35 16
35 22
35 25
35 26
35 27
35 29
35 30
35 33
35 34
35 35
35 38
35 40
35 42
35 43
35 44
35 45
35 47
35 48
35 51
35 52
35 53
35 55
35 57
35 58
35 59
35 60
35 62
35 63
35 65
35 68
35 69
35 70
35 71
35 72
35 74
35 75
35 76
35 77
35 78
35 80
36 2
36 5
36 7
36 8
36 13
36 15
36 16
36 21
36 22
36 23
36 24
36 25
36 26
36 27
36 30
36 31
36 32
36 33
36 36
36 38
36 39
36 42
36 43
36 45
36 47
36 48
36 49
36 53
36 54
36 59
36 60
36 61
36 62
36 63
36 66
36 67
36 69
36 71
36 72
36 73
36 74
36 75
36 76
36 78
36 79
36 80
37 2
37 3
37 4
37 6
37 7
37 13
37 14
37 19
37 21
37 26
37 27
37 33
37 37
37 38
37 39
37 41
37 44
37 45
37 46
37 47
37 50
37 51
37 52
37 53
37 56
37 58
37 59
37 60
37 61
37 65
37 68
37 71
37 76
37 78
38 1
38 2
38 3
38 8
38 10
38 12
38 13
38 14
38 15
38 16
38 17
38 18
38 19
38 20
38 22
38 23
38 24
38 25
38 30
38 32
38 35
38 36
38 37
38 41
38 43
38 46
38 47
38 50
38 54
38 58
38 59
38 60
38 62
38 63
38 65
38 67
38 68
38 70
38 72
38 73
38 75
38 77
38 78
38 79
39 1
39 2
39 4
39 5
39 7
39 8
39 11
39 12
39 17
39 18
39 19
39 20
39 21
39 24
39 25
39 28
39 30
39 32
39 37
39 39
39 40
39 41
39 44
39 45
39 49
39 51
39 54
39 56
39 59
39 62
39 63
39 65
39 71
39 73
39 75
39 76
39 77
39 80
40 2
40 4
40 5
40 6
40 7
40 8
40 9
40 11
40 12
40 13
40 14
40 19
40 22
40 25
40 26
40 28
40 29
40 31
40 36
40 38
40 41
40 42
40 45
40 46
40 47
40 52
40 54
40 55
40 58
40 59
40 61
40 63
40 65
40 67
40 68
40 73
40 74
40 76
40 78
40 79
40 80
41 1
41 3
41 4
41 5
41 6
41 7
41 8
41 9
41 13
41 14
41 18
41 20
41 21
41 22
41 23
41 24
41 25
41 26
41 27
41 29
41 33
41 37
41 38
41 42
41 43
41 44
41 50
41 52
41 54
41 57
41 59
41 61
41 62
41 64
41 65
41 66
41 69
41 71
41 72
41 73
41 75
41 76
41 77
41 78
41 79
41 80
42 2
42 3
42 4
42 5
42 9
42 10
42 11
42 19
42 20
42 21
42 22
42 23
42 24
42 29
42 30
42 32
42 35
42 37
42 38
42 39
42 40
42 42
42 43
42 44
42 45
42 47
42 49
42 51
42 53
42 56
42 58
42 59
42 63
42 65
42 67
42 68
42 70
42 72
42 75
42 76
42 77
42 78
43 2
43 3
43 7
43 8
43 11
43 12
43 13
43 14
43 15
43 16
43 23
43 25
43 26
43 27
43 30
43 31
43 32
43 33
43 34
43 35
43 36
43 38
43 39
43 41
43 42
43 43
43 47
43 48
43 50
43 51
43 54
43 55
43 58
43 59
43 61
43 62
43 64
43 65
43 66
43 68
43 71
43 72
43 73
43 74
43 76
43 79
44 6
44 8
44 9
44 10
44 11
44 13
44 14
44 20
44 21
44 23
44 26
44 27
44 28
44 30
44 32
44 33
44 34
44 38
44 44
44 45
44 49
44 50
44 51
44 53
44 54
44 56
44 57
44 58
44 59
44 60
44 61
44 62
44 64
44 68
44 69
44 72
44 73
44 75
45 2
45 3
45 6
45 10
45 12
45 13
45 14
45 16
45 18
45 19
45 20
45 21
45 22
45 26
45 27
45 30
45 32
45 33
45 34
45 35
45 36
45 38
45 39
45 40
45 41
45 42
45 43
45 46
45 49
45 51
45 57
45 58
45 62
45 63
45 64
45 66
45 69
45 71
45 72
45 73
45 75
45 76
45 77
45 78
46 1
46 3
46 5
46 6
46 7
46 9
46 10
46 11
46 13
46 15
46 16
46 18
46 19
46 21
46 23
46 26
46 27
46 30
46 33
46 35
46 36
46 38
46 39
46 41
46 42
46 50
46 53
46 54
46 57
46 58
46 60
46 61
46 64
46 66
46 67
46 72
46 73
46 74
46 75
46 76
47 1
47 4
47 6
47 9
47 11
47 12
47 14
47 15
47 17
47 18
47 20
47 22
47 23
47 25
47 26
47 27
47 28
47 30
47 32
47 33
47 34
47 39
47 43
47 48
47 50
47 56
47 58
47 63
47 67
47 69
47 71
47 73
47 74
47 76
47 78
48 3
48 8
48 9
48 10
48 11
48 13
48 16
48 23
48 24
48 29
48 30
48 31
48 34
48 35
48 36
48 37
48 40
48 41
48 42
48 43
48 44
48 47
48 48
48 50
48 54
48 55
48 58
48 59
48 60
48 62
48 63
48 64
48 65
48 66
48 69
48 73
48 74
48 75
48 76
48 77
48 78
48 80
49 1
49 3
49 4
49 5
49 6
49 8
49 9
49 10
49 12
49 13
49 14
49 15
49 16
49 17
49 18
49 20
49 21
49 22
49 29
49 33
49 37
49 38
49 39
49 40
49 41
49 42
49 43
49 47
49 49
49 51
49 52
49 53
49 54
49 57
49 59
49 61
49 64
49 66
49 67
49 68
49 69
49 74
49 75
49 76
49 78
49 80
50 3
50 6
50 7
50 8
50 10
50 13
50 17
50 19
50 20
50 21
50 22
50 25
50 26
50 27
50 28
50 29
50 32
50 33
50 34
50 35
50 38
50 40
50 42
50 43
50 44
50 45
50 47
50 52
50 53
50 57
50 58
50 59
50 61
50 62
50 65
50 66
50 69
50 70
50 73
50 74
50 75
50 76
50 77
50 78
50 80
51 1
51 2
51 4
51 5
51 6
51 7
51 8
51 9
51 10
51 13
51 15
51 18
51 21
51 22
51 25
51 29
51 30
51 31
51 32
51 34
51 35
51 39
51 43
51 44
51 45
51 47
51 49
51 50
51 51
51 52
51 57
51 59
51 65
51 66
51 68
51 69
51 70
51 71
51 73
51 76
51 78
51 80
52 1
52 2
52 4
52 5
52 9
52 12
52 14
52 15
52 16
52 20
52 21
52 22
52 23
52 25
52 34
52 35
52 36
52 37
52 38
52 39
52 42
52 44
52 47
52 49
52 52
52 54
52 57
52 58
52 59
52 64
52 66
52 69
52 70
52 71
52 72
52 78
52 80
53 1
53 2
53 4
53 9
53 10
53 14
53 16
53 17
53 18
53 19
53 22
53 23
53 24
53 28
53 31
53 32
53 35
53 36
53 37
53 39
53 40
53 43
53 44
53 45
53 46
53 47
53 49
53 50
53 51
53 53
53 56
53 59
53 62
53 65
53 67
53 68
53 69
53 76
53 80
54 1
54 2
54 3
54 4
54 5
54 6
54 7
54 9
54 11
54 14
54 15
54 16
54 19
54 20
54 22
54 27
54 29
54 30
54 33
54 35
54 37
54 39
54 40
54 41
54 46
54 47
54 51
54 52
54 53
54 55
54 59
54 62
54 64
54 65
54 69
54 71
54 73
54 75
54 77
54 79
55 2
55 5
55 6
55 12
55 14
55 15
55 17
55 19
55 22
55 26
55 29
55 31
55 32
55 33
55 37
55 39
55 42
55 43
55 48
55 51
55 54
55 57
55 59
55 61
55 63
55 65
55 66
55 67
55 69
55 74
55 75
55 77
55 79
55 80
56 5
56 8
56 10
56 12
56 15
56 19
56 20
56 24
56 25
56 27
56 29
56 30
56 33
56 37
56 42
56 45
56 46
56 50
56 56
56 57
56 60
56 62
56 65
56 66
56 69
56 70
56 71
56 73
56 76
56 77
57 2
57 3
57 8
57 9
57 11
57 13
57 15
57 16
57 18
57 19
57 23
57 26
57 27
57 28
57 29
57 31
57 32
57 33
57 36
57 37
57 38
57 40
57 47
57 48
57 50
57 52
57 53
57 54
57 55
57 56
57 57
57 59
57 60
57 62
57 64
57 65
57 68
57 69
57 72
57 74
57 77
57 78
57 79
57 80
58 2
58 4
58 5
58 7
58 8
58 11
58 13
58 14
58 15
58 19
58 21
58 24
58 27
58 28
58 29
58 30
58 31
58 32
58 34
58 35
58 38
58 39
58 41
58 43
58 44
58 48
58 49
58 50
58 53
58 58
58 59
58 62
58 63
58 66
58 68
58 74
58 75
58 76
58 77
59 1
59 5
59 7
59 11
59 13
59 14
59 17
59 18
59 20
59 21
59 23
59 25
59 26
59 27
59 28
59 29
59 31
59 33
59 34
59 37
59 39
59 40
59 42
59 45
59 50
59 51
59 52
59 54
59 55
59 56
59 57
59 58
59 59
59 60
59 66
59 69
59 74
59 75
59 78
59 79
60 1
60 2
60 3
60 4
60 6
60 7
60 9
60 15
60 17
60 19
60 23
60 24
60 26
60 29
60 30
60 31
60 33
60 34
60 35
60 36
60 37
60 39
60 40
60 41
60 47
60 50
60 52
60 55
60 58
60 59
60 60
60 64
60 65
60 66
60 70
60 77
61 4
61 6
61 9
61 12
61 13
61 14
61 17
61 18
61 19
61 21
61 23
61 27
61 28
61 30
61 31
61 35
61 36
61 37
61 40
61 43
61 44
61 45
61 46
61 48
61 49
61 51
61 53
61 55
61 57
61 58
61 60
61 61
61 62
61 63
61 66
61 67
61 69
61 71
61 72
61 77
61 79
62 1
62 2
62 3
62 4
62 5
62 6
62 7
62 8
62 9
62 13
62 14
62 19
62 20
62 22
62 27
62 30
62 31
62 32
62 33
62 34
62 39
62 43
62 45
62 46
62 47
62 48
62 50
62 52
62 53
62 54
62 56
62 58
62 60
62 63
62 64
62 67
62 69
62 70
62 76
62 77
62 78
63 1
63 2
63 5
63 6
63 8
63 9
63 10
63 12
63 14
63 15
63 16
63 17
63 20
63 23
63 26
63 27
63 28
63 29
63 32
63 33
63 35
63 36
63 37
63 40
63 42
63 43
63 44
63 45
63 48
63 49
63 52
63 57
63 58
63 59
63 61
63 63
63 64
63 65
63 66
63 68
63 69
63 71
63 73
63 74
63 75
63 77
63 80
64 5
64 6
64 12
64 14
64 15
64 16
64 19
64 20
64 21
64 22
64 23
64 26
64 29
64 30
64 31
64 33
64 34
64 35
64 36
64 38
64 39
64 40
64 41
64 43
64 44
64 47
64 51
64 55
64 59
64 62
64 63
64 64
64 67
64 68
64 70
64 71
64 72
64 75
64 77
