80 100 4125 20
1 4
1 5
1 7
1 15
1 17
1 19
1 20
1 26
1 27
1 28
1 29
1 30
1 32
1 39
1 41
1 43
1 45
1 46
1 47
1 48
1 49
1 56
1 58
1 62
1 63
1 65
1 66
1 67
1 69
1 71
1 72
1 73
1 74
1 75
1 77
1 78
1 79
1 80
1 83
1 84
1 85
1 86
1 87
1 91
1 92
1 93
1 98
1 99
2 2
2 3
2 4
2 5
2 7
2 9
2 11
2 12
2 14
2 15
2 18
2 19
2 22
2 24
2 25
2 26
2 29
2 33
2 41
2 42
2 45
2 46
2 48
2 49
2 50
2 52
2 53
2 55
2 56
2 57
2 59
2 60
2 61
2 62
2 64
2 65
2 69
2 71
2 74
2 76
2 77
2 78
2 79
2 81
2 82
2 83
2 84
2 87
2 88
2 90
2 93
2 94
2 98
3 1
3 2
3 3
3 4
3 8
3 10
3 11
3 12
3 13
3 14
3 15
3 16
3 19
3 21
3 22
3 23
3 24
3 26
3 29
3 31
3 35
3 38
3 41
3 44
3 45
3 46
3 47
3 52
3 53
3 54
3 57
3 58
3 59
3 61
3 62
3 64
3 65
3 66
3 67
3 68
3 69
3 70
3 71
3 73
3 74
3 76
3 77
3 78
3 80
3 83
3 86
3 88
3 90
3 92
3 93
3 95
3 96
3 98
4 1
4 5
4 7
4 8
4 9
4 11
4 13
4 14
4 20
4 25
4 28
4 31
4 32
4 33
4 34
4 35
4 37
4 39
4 40
4 44
4 45
4 46
4 47
4 48
4 49
4 50
4 52
4 53
4 54
4 55
4 57
4 59
4 67
4 68
4 73
4 77
4 78
4 82
4 83
4 85
4 89
4 92
4 93
4 94
4 95
4 97
4 98
4 100
5 2
5 3
5 6
5 7
5 9
5 10
5 11
5 12
5 14
5 15
5 16
5 21
5 24
5 26
5 27
5 28
5 29
5 30
5 31
5 34
5 38
5 39
5 40
5 41
5 42
5 43
5 45
5 48
5 49
5 50
5 51
5 52
5 53
5 54
5 57
5 58
5 59
5 64
5 65
5 67
5 71
5 72
5 74
5 75
5 76
5 77
5 78
5 80
5 81
5 82
5 86
5 87
5 88
5 90
5 91
5 92
5 95
5 96
6 1
6 2
6 8
6 13
6 14
6 15
6 16
6 17
6 21
6 22
6 24
6 25
6 26
6 27
6 29
6 30
6 31
6 33
6 34
6 35
6 36
6 37
6 38
6 39
6 41
6 42
6 45
6 49
6 50
6 54
6 55
6 56
6 59
6 62
6 65
6 66
6 67
6 68
6 70
6 73
6 76
6 77
6 78
6 79
6 81
6 82
6 84
6 85
6 88
6 89
6 93
6 100
7 2
7 3
7 8
7 13
7 17
7 18
7 19
7 20
7 21
7 24
7 26
7 27
7 28
7 30
7 33
7 34
7 35
7 37
7 39
7 42
7 43
7 44
7 45
7 48
7 50
7 51
7 52
7 54
7 56
7 57
7 60
7 61
7 63
7 66
7 68
7 69
7 71
7 72
7 74
7 76
7 77
7 83
7 85
7 88
7 89
7 91
7 95
7 96
7 98
8 4
8 5
8 9
8 10
8 11
8 14
8 16
8 17
8 19
8 20
8 22
8 23
8 24
8 25
8 26
8 29
8 31
8 35
8 38
8 42
8 44
8 45
8 46
8 47
8 48
8 49
8 51
8 52
8 58
8 60
8 61
8 63
8 65
8 68
8 70
8 72
8 73
8 74
8 75
8 76
8 78
8 81
8 83
8 84
8 85
8 86
8 87
8 89
8 90
8 91
8 92
8 98
8 99
8 100
9 1
9 3
9 4
9 5
9 11
9 12
9 13
9 14
9 17
9 18
9 19
9 20
9 25
9 28
9 29
9 30
9 31
9 33
9 34
9 37
9 42
9 43
9 44
9 46
9 47
9 50
9 53
9 54
9 55
9 56
9 58
9 61
9 63
9 65
9 66
9 67
9 70
9 71
9 72
9 74
9 76
9 77
9 80
9 83
9 84
9 86
9 87
9 88
9 90
9 91
9 92
9 95
9 96
9 98
9 99
10 4
10 5
10 9
10 18
10 22
10 23
10 25
10 28
10 30
10 31
10 32
10 33
10 35
10 37
10 38
10 40
10 46
10 49
10 51
10 52
10 54
10 55
10 56
10 57
10 58
10 59
10 60
10 61
10 65
10 68
10 69
10 71
10 73
10 78
10 79
10 80
10 81
10 82
10 83
10 85
10 86
10 87
10 89
10 92
10 93
10 96
10 99
11 2
11 4
11 8
11 9
11 12
11 15
11 21
11 23
11 26
11 28
11 29
11 30
11 31
11 32
11 33
11 34
11 35
11 36
11 38
11 40
11 41
11 44
11 46
11 53
11 54
11 55
11 57
11 63
11 65
11 68
11 69
11 71
11 73
11 77
11 78
11 79
11 80
11 81
11 87
11 91
11 92
11 93
11 94
11 96
11 98
11 99
12 2
12 3
12 4
12 8
12 10
12 17
12 19
12 20
12 21
12 24
12 25
12 27
12 31
12 32
12 33
12 34
12 35
12 38
12 39
12 40
12 43
12 44
12 45
12 47
12 48
12 49
12 51
12 52
12 56
12 58
12 59
12 61
12 62
12 63
12 64
12 66
12 67
12 72
12 73
12 74
12 77
12 79
12 80
12 82
12 83
12 86
12 87
12 89
12 94
12 95
12 96
13 1
13 2
13 3
13 4
13 7
13 14
13 15
13 16
13 19
13 23
13 24
13 25
13 26
13 27
13 28
13 31
13 32
13 33
13 34
13 36
13 40
13 41
13 43
13 46
13 47
13 50
13 52
13 53
13 54
13 56
13 58
13 59
13 61
13 62
13 65
13 67
13 69
13 70
13 71
13 73
13 76
13 83
13 86
13 87
13 88
13 90
13 92
13 97
13 98
13 99
14 1
14 2
14 4
14 6
14 7
14 8
14 9
14 14
14 15
14 19
14 21
14 22
14 25
14 27
14 28
14 29
14 31
14 32
14 33
14 36
14 37
14 39
14 41
14 42
14 44
14 49
14 52
14 55
14 57
14 59
14 64
14 67
14 68
14 69
14 71
14 75
14 76
14 77
14 78
14 79
14 80
14 84
14 85
14 86
14 88
14 89
14 90
14 91
14 96
14 97
14 99
15 1
15 3
15 5
15 6
15 9
15 11
15 14
15 17
15 19
15 20
15 21
15 26
15 27
15 28
15 30
15 31
15 34
15 36
15 37
15 41
15 44
15 46
15 49
15 50
15 51
15 52
15 54
15 55
15 56
15 58
15 63
15 65
15 66
15 67
15 68
15 69
15 70
15 71
15 77
15 79
15 81
15 82
15 85
15 86
15 92
15 93
15 94
15 96
15 97
15 98
15 100
16 3
16 6
16 10
16 11
16 13
16 14
16 15
16 18
16 24
16 25
16 26
16 27
16 28
16 34
16 35
16 37
16 38
16 48
16 49
16 51
16 53
16 54
16 56
16 58
16 59
16 61
16 62
16 63
16 67
16 68
16 69
16 70
16 74
16 76
16 77
16 80
16 82
16 83
16 84
16 85
16 88
16 89
16 97
16 98
16 100
17 2
17 3
17 5
17 6
17 7
17 8
17 9
17 10
17 11
17 12
17 13
17 14
17 15
17 16
17 18
17 19
17 23
17 24
17 25
17 26
17 28
17 29
17 31
17 38
17 39
17 40
17 42
17 43
17 44
17 45
17 46
17 47
17 48
17 49
17 50
17 51
17 52
17 54
17 56
17 59
17 60
17 65
17 67
17 70
17 73
17 75
17 76
17 77
17 80
17 82
17 83
17 85
17 87
17 91
17 92
17 95
17 96
17 98
17 99
17 100
18 1
18 3
18 4
18 6
18 7
18 8
18 11
18 12
18 13
18 15
18 17
18 19
18 20
18 22
18 23
18 24
18 27
18 29
18 33
18 34
18 35
18 41
18 45
18 46
18 47
18 48
18 50
18 51
18 54
18 58
18 59
18 61
18 64
18 67
18 73
18 75
18 76
18 77
18 78
18 82
18 83
18 85
18 86
18 90
18 92
18 96
18 97
18 99
18 100
19 1
19 2
19 3
19 6
19 7
19 8
19 9
19 10
19 13
19 16
19 17
19 18
19 19
19 22
19 23
19 25
19 27
19 28
19 29
19 30
19 31
19 35
19 38
19 41
19 44
19 46
19 48
19 49
19 51
19 53
19 57
19 58
19 61
19 63
19 64
19 65
19 73
19 78
19 79
19 80
19 81
19 94
19 96
19 97
19 98
19 99
19 100
20 1
20 2
20 5
20 6
20 7
20 11
20 13
20 14
20 16
20 18
20 21
20 23
20 24
20 26
20 27
20 29
20 30
20 31
20 33
20 36
20 38
20 39
20 41
20 42
20 45
20 47
20 48
20 50
20 54
20 57
20 62
20 64
20 65
20 67
20 68
20 71
20 74
20 77
20 79
20 81
20 82
20 84
20 85
20 87
20 89
20 91
20 96
20 98
20 99
20 100
21 1
21 2
21 6
21 7
21 8
21 9
21 12
21 13
21 16
21 22
21 24
21 25
21 26
21 27
21 28
21 30
21 31
21 33
21 41
21 46
21 50
21 52
21 53
21 56
21 57
21 58
21 62
21 63
21 64
21 65
21 66
21 67
21 68
21 70
21 71
21 79
21 80
21 84
21 85
21 89
21 95
21 96
21 99
22 2
22 4
22 7
22 9
22 10
22 12
22 14
22 16
22 20
22 21
22 23
22 28
22 32
22 35
22 36
22 37
22 40
22 41
22 46
22 47
22 48
22 49
22 50
22 51
22 53
22 54
22 55
22 64
22 65
22 66
22 67
22 68
22 70
22 72
22 74
22 75
22 78
22 80
22 81
22 82
22 84
22 85
22 87
22 90
22 91
22 92
22 93
22 96
22 97
22 98
22 99
22 100
23 1
23 2
23 5
23 7
23 8
23 9
23 10
23 11
23 12
23 14
23 16
23 17
23 18
23 20
23 25
23 27
23 31
23 33
23 36
23 41
23 42
23 44
23 45
23 48
23 49
23 50
23 51
23 52
23 55
23 57
23 58
23 62
23 64
23 66
23 67
23 68
23 69
23 70
23 71
23 72
23 73
23 76
23 77
23 80
23 81
23 82
23 83
23 86
23 88
23 89
23 90
23 91
23 93
23 94
23 95
23 96
23 97
23 98
24 3
24 6
24 7
24 8
24 9
24 12
24 13
24 14
24 15
24 16
24 18
24 19
24 20
24 23
24 24
24 25
24 26
24 27
24 31
24 32
24 34
24 35
24 36
24 37
24 39
24 40
24 41
24 48
24 50
24 51
24 52
24 54
24 55
24 56
24 57
24 61
24 62
24 64
24 65
24 66
24 72
24 73
24 76
24 78
24 79
24 80
24 81
24 82
24 83
24 86
24 87
24 92
24 93
24 95
24 96
24 97
24 99
25 1
25 2
25 5
25 6
25 9
25 12
25 13
25 14
25 15
25 18
25 19
25 20
25 21
25 23
25 24
25 27
25 30
25 32
25 33
25 34
25 35
25 38
25 40
25 41
25 42
25 44
25 45
25 47
25 49
25 50
25 51
25 53
25 55
25 56
25 58
25 59
25 60
25 61
25 62
25 63
25 64
25 65
25 66
25 70
25 71
25 78
25 79
25 81
25 82
25 83
25 86
25 88
25 90
25 92
25 95
25 99
26 1
26 3
26 4
26 5
26 6
26 9
26 10
26 11
26 12
26 14
26 16
26 20
26 21
26 32
26 34
26 36
26 40
26 44
26 46
26 48
26 52
26 53
26 54
26 56
26 57
26 58
26 59
26 60
26 61
26 62
26 63
26 64
26 66
26 67
26 68
26 69
26 74
26 76
26 77
26 78
26 82
26 83
26 85
26 86
26 87
26 88
26 91
26 92
26 95
27 7
27 8
27 9
27 10
27 12
27 14
27 16
27 18
27 23
27 24
27 26
27 27
27 29
27 30
27 35
27 38
27 40
27 41
27 42
27 44
27 45
27 47
27 48
27 49
27 50
27 53
27 57
27 62
27 65
27 67
27 68
27 74
27 75
27 78
27 82
27 86
27 87
27 88
27 89
27 93
27 96
27 97
27 99
28 3
28 5
28 6
28 7
28 8
28 9
28 10
28 11
28 12
28 13
28 15
28 17
28 18
28 21
28 23
28 24
28 25
28 27
28 28
28 29
28 31
28 33
28 34
28 35
28 36
28 40
28 43
28 44
28 46
28 47
28 48
28 49
28 50
28 54
28 57
28 60
28 64
28 66
28 67
28 69
28 74
28 75
28 76
28 77
28 82
28 83
28 84
28 86
28 87
28 89
28 91
28 93
28 96
28 98
28 99
28 100
29 1
29 2
29 3
29 5
29 6
29 9
29 10
29 11
29 12
29 13
29 16
29 18
29 21
29 24
29 27
29 28
29 29
29 30
29 31
29 33
29 34
29 35
29 43
29 44
29 47
29 48
29 50
29 52
29 56
29 57
29 58
29 59
29 60
29 62
29 63
29 70
29 73
29 74
29 75
29 78
29 81
29 85
29 88
29 92
29 94
29 96
29 99
29 100
30 2
30 12
30 13
30 14
30 15
30 16
30 17
30 22
30 26
30 35
30 36
30 37
30 46
30 47
30 48
30 51
30 54
30 56
30 61
30 62
30 63
30 65
30 66
30 67
30 68
30 69
30 71
30 72
30 76
30 77
30 78
30 81
30 82
30 83
30 84
30 85
30 86
30 87
30 88
30 90
30 91
30 92
30 93
30 94
30 95
30 96
30 97
30 98
30 99
30 100
31 1
31 2
31 3
31 6
31 7
31 10
31 11
31 14
31 15
31 16
31 17
31 18
31 19
31 21
31 24
31 26
31 28
31 33
31 34
31 37
31 41
31 42
31 43
31 50
31 51
31 53
31 54
31 55
31 58
31 61
31 62
31 64
31 65
31 66
31 67
31 68
31 70
31 71
31 72
31 73
31 75
31 76
31 81
31 82
31 83
31 85
31 86
31 87
31 88
31 89
31 93
31 94
31 99
31 100
32 1
32 2
32 5
32 6
32 8
32 9
32 10
32 11
32 12
32 17
32 19
32 21
32 22
32 23
32 24
32 26
32 29
32 30
32 31
32 39
32 42
32 44
32 46
32 47
32 48
32 49
32 52
32 53
32 56
32 57
32 58
32 59
32 62
32 64
32 66
32 68
32 71
32 72
32 74
32 75
32 77
32 78
32 79
32 82
32 85
32 86
32 87
32 90
32 91
32 93
32 94
32 95
32 96
32 97
32 98
32 100
33 2
33 5
33 6
33 7
33 10
33 12
33 13
33 14
33 16
33 17
33 18
33 19
33 21
33 23
33 24
33 25
33 27
33 28
33 29
33 30
33 31
33 34
33 35
33 36
33 37
33 40
33 42
33 44
33 46
33 47
33 50
33 51
33 52
33 53
33 54
33 55
33 56
33 57
33 62
33 63
33 64
33 65
33 66
33 68
33 73
33 74
33 76
33 77
33 78
33 79
33 80
33 81
33 82
33 83
33 84
33 91
33 92
33 95
33 97
33 99
33 100
34 1
34 7
34 11
34 12
34 15
34 16
34 17
34 20
34 23
34 24
34 25
34 26
34 29
34 32
34 33
34 34
34 36
34 39
34 40
34 42
34 47
34 48
34 50
34 51
34 52
34 53
34 57
34 58
34 59
34 61
34 62
34 63
34 64
34 70
34 71
34 73
34 74
34 75
34 76
34 78
34 79
34 80
34 82
34 83
34 86
34 87
34 88
34 90
34 91
34 92
34 93
34 95
34 96
34 97
34 98
34 100
35 2
35 3
35 4
35 5
35 6
35 7
35 8
35 11
35 12
35 13
35 14
35 17
35 18
35 20
35 21
35 22
35 23
35 24
35 25
35 27
35 28
35 29
35 30
35 33
35 34
35 37
35 39
35 40
35 43
35 45
35 50
35 51
35 58
35 59
35 60
35 63
35 65
35 66
35 67
35 68
35 69
35 70
35 72
35 73
35 76
35 77
35 78
35 81
35 82
35 83
35 86
35 88
35 89
35 90
35 92
35 94
35 95
35 97
35 98
35 99
35 100
36 2
36 3
36 4
36 6
36 7
36 9
36 10
36 11
36 12
36 17
36 19
36 22
36 26
36 27
36 30
36 31
36 33
36 34
36 35
36 37
36 38
36 41
36 42
36 44
36 45
36 46
36 48
36 50
36 51
36 56
36 58
36 59
36 60
36 62
36 63
36 65
36 71
36 72
36 73
36 76
36 77
36 78
36 79
36 81
36 83
36 85
36 88
36 95
36 96
36 97
36 98
36 100
37 1
37 3
37 4
37 5
37 7
37 8
37 9
37 11
37 13
37 14
37 15
37 16
37 17
37 19
37 23
37 25
37 26
37 28
37 29
37 30
37 31
37 34
37 37
37 38
37 39
37 40
37 42
37 45
37 46
37 47
37 50
37 54
37 55
37 57
37 58
37 60
37 62
37 64
37 65
37 66
37 67
37 70
37 73
37 74
37 76
37 78
37 80
37 81
37 83
37 85
37 87
37 88
37 89
37 90
37 94
37 95
37 99
38 3
38 6
38 10
38 11
38 13
38 14
38 16
38 23
38 25
38 29
38 31
38 34
38 35
38 43
38 44
38 45
38 47
38 48
38 50
38 51
38 55
38 56
38 61
38 63
38 64
38 66
38 67
38 68
38 69
38 70
38 74
38 75
38 76
38 77
38 80
38 81
38 86
38 87
38 88
38 91
38 96
38 97
38 99
39 4
39 7
39 8
39 14
39 15
39 16
39 19
39 20
39 21
39 22
39 26
39 27
39 28
39 29
39 30
39 31
39 33
39 37
39 39
39 42
39 43
39 47
39 48
39 49
39 51
39 52
39 53
39 55
39 56
39 57
39 58
39 62
39 64
39 65
39 68
39 71
39 72
39 74
39 82
39 83
39 85
39 86
39 87
39 88
39 89
39 90
39 92
39 96
39 97
39 99
39 100
40 2
40 3
40 4
40 5
40 6
40 7
40 8
40 9
40 11
40 12
40 13
40 15
40 16
40 18
40 19
40 20
40 21
40 22
40 25
40 29
40 30
40 34
40 36
40 42
40 45
40 46
40 47
40 50
40 51
40 53
40 56
40 60
40 66
40 67
40 70
40 72
40 73
40 77
40 78
40 80
40 82
40 83
40 86
40 87
40 88
40 90
40 91
40 92
40 94
40 95
40 96
40 98
40 100
41 3
41 4
41 5
41 6
41 7
41 9
41 10
41 11
41 13
41 16
41 17
41 19
41 20
41 21
41 22
41 23
41 25
41 26
41 28
41 30
41 31
41 33
41 35
41 36
41 40
41 41
41 42
41 46
41 55
41 56
41 57
41 58
41 59
41 62
41 63
41 69
41 73
41 74
41 75
41 77
41 78
41 79
41 81
41 83
41 85
41 86
41 88
41 92
41 93
41 94
41 95
42 1
42 2
42 4
42 6
42 7
42 9
42 11
42 14
42 15
42 16
42 17
42 18
42 19
42 20
42 22
42 23
42 26
42 27
42 28
42 29
42 32
42 33
42 38
42 39
42 44
42 45
42 47
42 48
42 52
42 53
42 56
42 57
42 62
42 64
42 66
42 67
42 70
42 72
42 75
42 76
42 77
42 80
42 81
42 82
42 84
42 85
42 87
42 89
42 90
42 91
42 93
42 95
42 98
43 1
43 3
43 4
43 5
43 7
43 8
43 9
43 10
43 13
43 15
43 20
43 21
43 22
43 23
43 24
43 25
43 27
43 28
43 29
43 30
43 31
43 32
43 33
43 34
43 38
43 42
43 47
43 48
43 52
43 63
43 65
43 68
43 74
43 77
43 78
43 80
43 84
43 85
43 88
43 90
43 91
43 92
43 93
43 94
43 96
43 97
43 98
43 99
44 2
44 3
44 5
44 11
44 14
44 15
44 16
44 18
44 19
44 21
44 23
44 24
44 25
44 26
44 29
44 31
44 33
44 36
44 41
44 42
44 50
44 51
44 52
44 54
44 61
44 62
44 64
44 68
44 69
44 73
44 74
44 78
44 80
44 81
44 84
44 86
44 87
44 91
44 92
44 93
44 94
44 97
44 100
45 3
45 6
45 7
45 8
45 12
45 13
45 14
45 16
45 18
45 21
45 24
45 28
45 30
45 33
45 34
45 35
45 38
45 39
45 40
45 41
45 42
45 44
45 45
45 47
45 48
45 49
45 51
45 52
45 55
45 57
45 59
45 63
45 64
45 65
45 72
45 74
45 75
45 76
45 77
45 79
45 80
45 81
45 82
45 85
45 86
45 91
45 92
45 94
45 95
45 97
45 99
45 100
46 3
46 8
46 9
46 13
46 14
46 16
46 17
46 19
46 20
46 21
46 22
46 23
46 24
46 26
46 28
46 29
46 30
46 32
46 34
46 35
46 36
46 37
46 38
46 39
46 41
46 44
46 50
46 52
46 55
46 58
46 60
46 62
46 65
46 66
46 68
46 70
46 71
46 74
46 75
46 77
46 81
46 82
46 83
46 88
46 89
46 92
46 93
46 96
46 98
46 99
47 2
47 5
47 8
47 10
47 11
47 12
47 20
47 24
47 25
47 26
47 27
47 31
47 32
47 34
47 35
47 37
47 38
47 39
47 40
47 44
47 45
47 49
47 51
47 52
47 54
47 57
47 59
47 68
47 69
47 70
47 71
47 72
47 73
47 74
47 75
47 79
47 81
47 82
47 83
47 84
47 87
47 88
47 89
47 90
47 91
47 93
47 96
47 99
47 100
48 3
48 7
48 8
48 9
48 11
48 13
48 16
48 18
48 19
48 25
48 30
48 32
48 34
48 35
48 36
48 37
48 38
48 42
48 48
48 51
48 52
48 60
48 63
48 65
48 67
48 69
48 71
48 74
48 78
48 79
48 82
48 84
48 86
48 87
48 88
48 89
48 90
48 93
48 94
48 97
48 99
49 1
49 7
49 11
49 12
49 14
49 16
49 17
49 18
49 19
49 20
49 21
49 22
49 24
49 25
49 27
49 29
49 31
49 32
49 36
49 37
49 38
49 39
49 40
49 41
49 47
49 48
49 49
49 58
49 59
49 60
49 61
49 63
49 68
49 69
49 73
49 74
49 77
49 80
49 81
49 82
49 83
49 86
49 92
49 96
49 97
49 98
49 99
50 3
50 11
50 14
50 15
50 16
50 18
50 22
50 23
50 24
50 25
50 27
50 29
50 30
50 31
50 32
50 35
50 36
50 37
50 38
50 39
50 41
50 43
50 44
50 46
50 47
50 48
50 49
50 52
50 53
50 57
50 59
50 60
50 63
50 68
50 69
50 70
50 71
50 72
50 74
50 75
50 76
50 77
50 83
50 84
50 86
50 87
50 89
50 90
50 91
50 93
50 98
50 99
50 100
51 3
51 4
51 5
51 6
51 8
51 10
51 16
51 18
51 22
51 27
51 28
51 29
51 30
51 32
51 34
51 35
51 37
51 38
51 39
51 40
51 42
51 44
51 46
51 50
51 51
51 52
51 53
51 54
51 56
51 57
51 62
51 63
51 64
51 65
51 69
51 73
51 75
51 78
51 79
51 80
51 81
51 83
51 84
51 87
51 88
51 89
51 91
51 93
51 94
51 95
51 96
51 99
52 2
52 3
52 7
52 8
52 14
52 20
52 23
52 25
52 26
52 27
52 28
52 30
52 31
52 35
52 36
52 37
52 39
52 41
52 42
52 47
52 48
52 50
52 51
52 53
52 54
52 56
52 60
52 61
52 64
52 65
52 66
52 67
52 68
52 70
52 71
52 72
52 75
52 77
52 78
52 79
52 82
52 83
52 84
52 85
52 88
52 91
52 92
52 93
52 99
53 3
53 4
53 5
53 6
53 8
53 10
53 11
53 12
53 13
53 14
53 18
53 20
53 21
53 22
53 29
53 30
53 32
53 35
53 36
53 37
53 39
53 40
53 41
53 42
53 43
53 44
53 46
53 47
53 53
53 54
53 55
53 56
53 59
53 60
53 64
53 67
53 68
53 69
53 70
53 73
53 76
53 77
53 78
53 82
53 83
53 84
53 86
53 89
53 91
53 92
53 95
53 97
53 99
54 2
54 6
54 7
54 9
54 13
54 15
54 17
54 19
54 21
54 22
54 23
54 25
54 29
54 30
54 31
54 32
54 33
54 35
54 38
54 39
54 40
54 41
54 42
54 43
54 44
54 45
54 46
54 48
54 50
54 51
54 53
54 54
54 56
54 58
54 62
54 69
54 75
54 76
54 79
54 80
54 81
54 83
54 85
54 86
54 87
54 88
54 89
54 90
54 92
54 94
54 95
54 96
54 98
54 99
54 100
55 1
55 5
55 7
55 12
55 13
55 17
55 20
55 21
55 23
55 25
55 28
55 29
55 33
55 35
55 36
55 38
55 39
55 41
55 43
55 45
55 50
55 51
55 54
55 55
55 56
55 57
55 59
55 63
55 64
55 72
55 73
55 74
55 76
55 77
55 79
55 80
55 82
55 84
55 85
55 87
55 89
55 90
55 91
55 92
55 98
56 4
56 6
56 7
56 15
56 19
56 25
56 26
56 28
56 30
56 32
56 34
56 36
56 37
56 39
56 42
56 43
56 45
56 48
56 50
56 55
56 56
56 58
56 59
56 60
56 61
56 66
56 67
56 68
56 69
56 71
56 72
56 74
56 79
56 80
56 81
56 82
56 83
56 84
56 89
56 90
56 91
56 93
56 94
56 95
56 96
56 97
56 99
56 100
57 5
57 9
57 11
57 15
57 17
57 19
57 21
57 23
57 25
57 26
57 28
57 29
57 32
57 33
57 34
57 37
57 38
57 43
57 45
57 46
57 48
57 50
57 51
57 52
57 54
57 64
57 65
57 66
57 71
57 73
57 74
57 76
57 81
57 83
57 84
57 85
57 88
57 90
57 92
57 99
57 100
58 1
58 3
58 4
58 5
58 7
58 9
58 10
58 11
58 12
58 13
58 15
58 17
58 20
58 22
58 27
58 28
58 32
58 35
58 36
58 38
58 40
58 42
58 46
58 48
58 51
58 60
58 69
58 73
58 74
58 75
58 78
58 79
58 80
58 81
58 82
58 87
58 88
58 90
58 91
58 94
58 96
58 97
58 99
58 100
59 1
59 4
59 5
59 6
59 10
59 11
59 12
59 13
59 14
59 16
59 17
59 19
59 21
59 23
59 26
59 27
59 28
59 33
59 34
59 37
59 38
59 40
59 41
59 43
59 44
59 47
59 48
59 49
59 56
59 57
59 58
59 63
59 65
59 67
59 69
59 71
59 75
59 76
59 79
59 80
59 82
59 84
59 86
59 88
59 90
59 92
59 93
59 94
59 96
59 97
59 99
59 100
60 1
60 2
60 3
60 5
60 7
60 9
60 10
60 11
60 12
60 13
60 14
60 15
60 16
60 18
60 24
60 26
60 28
60 32
60 33
60 35
60 37
60 39
60 40
60 41
60 42
60 44
60 47
60 49
60 52
60 54
60 55
60 56
60 59
60 60
60 61
60 62
60 65
60 66
60 67
60 69
60 70
60 71
60 72
60 73
60 74
60 76
60 77
60 78
60 79
60 81
60 82
60 84
60 85
60 87
60 88
60 89
60 91
60 93
60 95
60 96
60 97
60 98
60 99
61 2
61 3
61 6
61 11
61 13
61 15
61 16
61 20
61 23
61 27
61 28
61 29
61 31
61 34
61 35
61 36
61 38
61 39
61 41
61 43
61 46
61 47
61 48
61 51
61 53
61 54
61 56
61 57
61 62
61 64
61 66
61 69
61 70
61 71
61 74
61 75
61 76
61 77
61 79
61 81
61 82
61 84
61 86
61 87
61 88
61 90
61 92
61 93
61 94
61 96
61 97
62 1
62 2
62 3
62 4
62 5
62 6
62 7
62 8
62 10
62 11
62 13
62 16
62 17
62 19
62 22
62 26
62 27
62 28
62 32
62 36
62 37
62 41
62 43
62 45
62 46
62 47
62 54
62 56
62 57
62 60
62 61
62 63
62 70
62 72
62 74
62 75
62 78
62 80
62 81
62 82
62 83
62 84
62 85
62 86
62 88
62 92
62 94
62 97
62 99
62 100
63 1
63 2
63 3
63 4
63 13
63 15
63 17
63 18
63 19
63 22
63 24
63 25
63 28
63 29
63 31
63 35
63 36
63 38
63 39
63 40
63 43
63 45
63 47
63 48
63 50
63 51
63 53
63 55
63 57
63 62
63 63
63 64
63 66
63 72
63 73
63 74
63 77
63 78
63 79
63 80
63 81
63 82
63 83
63 84
63 85
63 87
63 88
63 90
63 91
63 92
63 93
63 94
63 95
63 96
63 97
63 98
63 100
64 1
64 2
64 4
64 5
64 6
64 7
64 8
64 9
64 11
64 12
64 13
64 14
64 16
64 21
64 23
64 24
64 26
64 28
64 30
64 33
64 35
64 36
64 37
64 38
64 41
64 43
64 44
64 45
64 47
64 48
64 50
64 51
64 55
64 56
64 57
64 58
64 59
64 61
64 63
64 65
64 66
64 70
64 71
64 72
64 74
64 76
64 77
64 79
64 83
64 84
64 86
64 87
64 88
64 89
64 92
64 94
64 95
64 96
64 97
64 99
65 1
65 5
65 8
65 10
65 11
65 12
65 13
65 14
65 19
65 23
65 24
65 25
65 26
65 27
65 28
65 30
65 33
65 35
65 36
65 40
65 43
65 44
65 45
65 46
65 49
65 50
65 52
65 53
65 54
65 55
65 56
65 57
65 63
65 64
65 65
65 67
65 68
65 70
65 72
65 78
65 79
65 80
65 81
65 82
65 84
65 87
65 88
65 90
65 94
65 96
65 97
65 100
66 3
66 5
66 7
66 8
66 9
66 11
66 12
66 14
66 15
66 16
66 17
66 18
66 19
66 20
66 23
66 24
66 26
66 28
66 30
66 31
66 33
66 35
66 41
66 43
66 44
66 49
66 51
66 53
66 54
66 55
66 56
66 58
66 59
66 60
66 61
66 62
66 63
66 64
66 65
66 70
66 74
66 75
66 77
66 80
66 81
66 82
66 83
66 85
66 87
66 90
66 91
66 92
66 93
66 94
66 95
66 96
66 99
66 100
67 1
67 2
67 4
67 5
67 7
67 9
67 10
67 12
67 14
67 15
67 16
67 17
67 19
67 20
67 24
67 25
67 29
67 30
67 31
67 34
67 37
67 38
67 39
67 45
67 46
67 49
67 51
67 52
67 55
67 56
67 59
67 63
67 64
67 66
67 67
67 70
67 73
67 76
67 77
67 80
67 84
67 85
67 88
67 89
67 90
67 95
67 97
68 1
68 3
68 9
68 10
68 12
68 13
68 14
68 15
68 19
68 20
68 21
68 22
68 23
68 25
68 27
68 29
68 31
68 36
68 38
68 39
68 40
68 43
68 45
68 55
68 58
68 59
68 60
68 61
68 62
68 64
68 65
68 67
68 68
68 72
68 73
68 75
68 82
68 85
68 87
68 89
68 92
68 93
68 94
68 95
68 98
68 99
68 100
69 4
69 7
69 8
69 9
69 10
69 12
69 13
69 15
69 17
69 18
69 19
69 20
69 22
69 24
69 25
69 30
69 35
69 36
69 39
69 41
69 43
69 46
69 50
69 51
69 55
69 56
69 58
69 60
69 66
69 69
69 70
69 71
69 72
69 76
69 77
69 78
69 79
69 80
69 81
69 84
69 86
69 89
69 91
69 92
69 93
69 94
69 96
69 98
69 100
70 1
70 3
70 5
70 6
70 8
70 13
70 14
70 15
70 16
70 17
70 18
70 19
70 20
70 21
70 24
70 25
70 27
70 28
70 31
70 33
70 34
70 40
70 44
70 45
70 48
70 49
70 52
70 53
70 54
70 55
70 56
70 58
70 59
70 60
70 61
70 62
70 63
70 64
70 68
70 72
70 73
70 77
70 78
70 79
70 83
70 88
70 89
70 90
70 91
70 92
70 94
70 95
70 96
70 98
71 1
71 2
71 3
71 4
71 6
71 8
71 9
71 10
71 13
71 14
71 17
71 18
71 23
71 26
71 28
71 29
71 30
71 32
71 35
71 36
71 37
71 39
71 40
71 41
71 42
71 45
71 46
71 47
71 50
71 52
71 53
71 57
71 58
71 59
71 61
71 65
71 67
71 71
71 74
71 76
71 77
71 80
71 82
71 83
71 84
71 86
71 88
71 91
71 92
71 95
71 97
71 99
72 2
72 3
72 4
72 5
72 7
72 13
72 15
72 17
72 23
72 26
72 27
72 30
72 32
72 33
72 34
72 35
72 37
72 38
72 39
72 41
72 42
72 49
72 50
72 54
72 56
72 58
72 60
72 62
72 64
72 65
72 67
72 68
72 69
72 70
72 72
72 75
72 76
72 78
72 79
72 87
72 89
72 91
72 92
72 94
72 95
72 97
72 99
73 2
73 4
73 9
73 11
73 12
73 16
73 18
73 23
73 24
73 25
73 26
73 29
73 32
73 34
73 35
73 37
73 44
73 49
73 52
73 53
73 55
73 56
73 57
73 58
73 59
73 60
73 61
73 62
73 63
73 64
73 65
73 66
73 68
73 69
73 70
73 72
73 75
73 76
73 80
73 81
73 82
73 83
73 86
73 91
73 93
73 94
73 95
73 97
73 99
73 100
74 1
74 5
74 9
74 10
74 11
74 12
74 16
74 19
74 23
74 24
74 26
74 27
74 30
74 34
74 35
74 37
74 39
74 40
74 42
74 43
74 45
74 47
74 48
74 49
74 53
74 55
74 56
74 58
74 62
74 63
74 64
74 65
74 66
74 69
74 72
74 74
74 77
74 89
74 90
74 91
74 93
74 94
74 96
74 97
74 98
74 99
75 4
75 5
75 8
75 9
75 10
75 13
75 15
75 16
75 20
75 22
75 24
75 27
75 28
75 29
75 30
75 32
75 35
75 36
75 40
75 41
75 45
75 46
75 49
75 52
75 53
75 54
75 55
75 56
75 57
75 58
75 59
75 61
75 62
75 64
75 65
75 67
75 68
75 71
75 73
75 76
75 77
75 79
75 81
75 83
75 85
75 86
75 87
75 89
75 90
75 91
75 92
75 94
75 95
75 98
75 99
75 100
76 1
76 2
76 6
76 7
76 11
76 13
76 15
76 16
76 17
76 19
76 20
76 22
76 23
76 25
76 27
76 28
76 29
76 31
76 32
76 33
76 34
76 37
76 38
76 39
76 41
76 42
76 45
76 48
76 50
76 51
76 52
76 53
76 54
76 59
76 60
76 62
76 63
76 65
76 66
76 69
76 72
76 74
76 75
76 76
76 77
76 80
76 81
76 83
76 86
76 87
76 88
76 90
76 91
76 94
76 96
76 97
76 98
76 99
76 100
77 1
77 2
77 3
77 5
77 6
77 7
77 13
77 14
77 15
77 16
77 17
77 22
77 23
77 24
77 28
77 29
77 30
77 31
77 33
77 35
77 38
77 40
77 42
77 44
77 48
77 52
77 53
77 55
77 61
77 62
77 67
77 68
77 70
77 71
77 72
77 73
77 74
77 75
77 78
77 79
77 80
77 81
77 82
77 84
77 86
77 87
77 88
77 90
77 92
77 94
77 95
77 96
77 97
77 98
77 100
78 1
78 3
78 4
78 5
78 8
78 9
78 10
78 11
78 12
78 13
78 14
78 15
78 16
78 20
78 21
78 22
78 24
78 26
78 27
78 28
78 29
78 30
78 32
78 33
78 35
78 37
78 38
78 41
78 42
78 44
78 45
78 46
78 48
78 49
78 53
78 54
78 55
78 56
78 59
78 60
78 61
78 62
78 64
78 67
78 69
78 70
78 71
78 73
78 77
78 78
78 79
78 80
78 81
78 82
78 85
78 89
78 90
78 91
78 92
78 94
78 95
78 96
78 99
78 100
79 1
79 6
79 10
79 11
79 12
79 13
79 15
79 16
79 17
79 19
79 20
79 21
79 22
79 24
79 26
79 27
79 28
79 30
79 31
79 33
79 35
79 36
79 43
79 45
79 46
79 47
79 48
79 49
79 53
79 54
79 57
79 59
79 61
79 64
79 66
79 67
79 69
79 70
79 71
79 72
79 75
79 79
79 80
79 87
79 88
79 90
79 93
79 96
79 97
79 98
79 99
80 1
80 4
80 6
80 7
80 10
80 12
80 13
80 14
80 16
80 18
80 21
80 22
80 23
80 24
80 26
80 27
80 28
80 31
80 32
80 33
80 34
80 35
80 36
80 37
80 38
80 41
80 43
80 45
80 47
80 50
80 52
80 57
80 60
80 61
80 63
80 64
80 68
80 69
80 70
80 71
80 74
80 75
80 79
80 81
80 82
80 85
80 87
80 89
80 92
80 95
80 97
80 98
80 99
